1  0
2  1
3  2
4  3
5  0
6  3
7  2
8  4
9  4
10  0
11  3
12  5
13  6
14  2
15  6
16  2
17  0
18  10
19  6
20  8
21  10
22  4
23  4
24  0
25  5
26  1
27  6
28  10
29  9
30  8
31  8
32  6
33  2
34  1
35  6
36  8
37  7
38  1
39  6
40  2
41  3
42  0
43  7
44  6
45  11
46  1
47  9
48  2
49  11
50  9
51  5
52  4
53  3
54  9
55  6
56  8
57  10
58  11
59  9
60  5
61  2
62  6
63  10
64  5
65  2
66  10
67  11
68  9
69  4
70  5
71  10
72  6
73  3
74  9
75  3
76  11
77  10
78  4
79  4
80  8
81  7
82  3
83  7
84  9
85  3
86  6
87  11
88  10
89  9
90  1
91  7
92  11
93  11
94  0
95  8
96  10
97  10
98  5
99  3
100  6
101  2
102  8
103  3
104  1
105  0
106  1
107  2
108  3
109  4
110  1
111  11
112  4
113  11
114  10
115  9
