1	13 
2	10 
3	8 
4	6 
5	7 
6	6 
7	18 
8	13 
9	8 
10	13 
11	19 
12	17 
13	1 
14	12 
15	20 
16	18 
17	1 
18	12 
19	8 
20	3 
21	18 
22	6 
23	15 
24	14 
25	5 
26	15 
27	9 
28	8 
29	17 
30	10 
31	18 
32	1 
33	12 
34	8 
35	15 
36	18 
37	10 
38	3 
39	5 
40	2 
41	11 
42	12 
43	15 
44	4 
45	7 
46	20 
47	7 
48	10 
49	16 
50	5 
51	12 
52	18 
53	8 
54	18 
55	19 
56	13 
57	2 
58	9 
59	17 
60	1 
61	2 
62	2 
63	2 
64	10 
65	13 
66	5 
67	16 
68	8 
69	14 
70	7 
71	13 
72	14 
73	6 
74	13 
75	20 
76	15 
77	20 
78	3 
79	3 
80	13 
81	12 
82	7 
83	4 
84	9 
85	14 
86	6 
87	3 
88	19 
89	13 
90	1 
91	5 
92	18 
93	16 
94	4 
95	15 
96	4 
97	9 
98	18 
99	5 
100	1 
101	5 
102	7 
103	13 
104	18 
105	18 
106	15 
107	15 
108	11 
109	13 
110	14 
111	18 
112	10 
113	12 
114	18 
115	5 
116	8 
117	12 
118	13 
119	15 
120	8 
121	13 
122	2 
123	14 
124	3 
125	3 
126	2 
127	3 
128	11 
129	11 
130	6 
131	18 
132	10 
133	3 
134	9 
135	2 
136	6 
137	11 
138	12 
139	1 
140	1 
141	16 
142	19 
143	10 
144	3 
145	13 
146	17 
147	14 
148	15 
149	2 
150	13 
151	1 
152	5 
153	9 
154	18 
155	1 
156	13 
157	18 
158	13 
159	18 
160	20 
161	15 
162	4 
163	5 
164	14 
165	8 
166	7 
167	9 
168	1 
169	6 
170	20 
171	8 
172	17 
173	11 
174	14 
175	6 
176	19 
177	4 
178	13 
179	2 
180	8 
181	14 
182	12 
183	3 
184	6 
185	18 
186	20 
187	20 
188	18 
189	12 
190	19 
191	1 
192	14 
193	5 
194	6 
195	20 
196	2 
197	4 
198	1 
199	17 
200	4 
201	5 
202	15 
203	14 
204	11 
205	13 
206	17 
207	12 
208	5 
209	6 
210	16 
211	1 
212	16 
213	18 
214	18 
215	20 
216	11 
217	2 
218	12 
219	3 
220	20 
221	1 
222	20 
223	16 
224	6 
225	8 
226	17 
227	1 
228	17 
229	10 
230	3 
231	12 
232	2 
233	10 
234	19 
235	11 
236	19 
237	11 
238	6 
239	1 
240	5 
241	11 
242	19 
243	20 
244	6 
245	4 
246	11 
247	20 
248	6 
249	3 
250	19 
251	1 
252	11 
253	20 
254	13 
255	16 
256	10 
257	4 
258	12 
259	3 
260	13 
261	17 
262	2 
263	3 
264	18 
265	13 
266	11 
267	2 
268	3 
269	17 
270	20 
271	19 
272	18 
273	6 
274	10 
275	20 
276	3 
277	18 
278	1 
279	8 
280	15 
281	17 
282	19 
283	20 
284	18 
285	9 
286	2 
287	8 
288	3 
289	10 
290	5 
291	20 
292	17 
293	6 
294	6 
295	12 
296	2 
297	1 
298	11 
299	19 
300	10 
301	18 
302	1 
303	17 
304	14 
305	10 
306	4 
307	16 
308	17 
309	19 
310	4 
311	18 
312	12 
313	20 
314	20 
315	3 
316	8 
317	5 
318	11 
319	6 
320	14 
321	2 
322	10 
323	2 
324	6 
325	15 
326	16 
327	6 
328	20 
329	11 
330	2 
331	18 
332	2 
333	1 
334	13 
335	2 
336	6 
337	15 
338	7 
339	20 
340	15 
341	6 
342	12 
343	3 
344	1 
345	12 
346	5 
347	1 
348	1 
349	8 
350	6 
351	13 
352	6 
353	14 
354	17 
355	16 
356	4 
357	13 
358	1 
359	6 
360	3 
361	13 
362	13 
363	16 
364	1 
365	15 
366	13 
367	6 
368	15 
369	15 
370	12 
371	10 
372	8 
373	14 
374	11 
375	12 
376	1 
377	2 
378	9 
379	1 
380	6 
381	18 
382	13 
383	11 
384	10 
385	14 
386	2 
387	19 
388	14 
389	13 
390	8 
391	1 
392	7 
393	6 
394	3 
395	18 
396	19 
397	10 
398	1 
399	17 
400	8 
401	3 
402	14 
403	7 
404	7 
405	1 
406	6 
407	14 
408	19 
409	7 
410	18 
411	15 
412	13 
413	13 
414	2 
415	19 
416	2 
417	14 
418	3 
419	17 
420	20 
421	20 
422	8 
423	1 
424	18 
425	7 
426	6 
427	13 
428	10 
429	15 
430	16 
431	8 
432	20 
433	15 
434	20 
435	1 
436	6 
437	8 
438	1 
439	16 
440	4 
441	14 
442	1 
443	17 
444	19 
445	1 
446	17 
447	6 
448	4 
449	9 
450	20 
451	3 
452	2 
453	17 
454	1 
455	18 
456	8 
457	12 
458	15 
459	17 
460	7 
461	19 
462	1 
463	6 
464	20 
465	1 
466	2 
467	9 
468	19 
469	3 
470	6 
471	13 
472	1 
473	19 
474	2 
475	4 
476	6 
477	8 
478	3 
479	20 
480	18 
481	19 
482	1 
483	15 
484	13 
485	8 
486	6 
487	15 
488	13 
489	7 
490	1 
491	11 
492	9 
493	18 
494	19 
495	14 
496	3 
497	13 
498	13 
499	19 
500	9 
501	18 
502	13 
503	14 
504	13 
505	19 
506	4 
507	1 
508	1 
509	4 
510	10 
511	20 
512	17 
513	4 
514	6 
515	1 
516	19 
517	19 
518	17 
519	13 
520	11 
521	14 
522	10 
523	18 
524	20 
525	20 
526	11 
527	3 
528	16 
529	6 
530	20 
531	8 
532	1 
533	6 
534	9 
535	15 
536	14 
537	13 
538	3 
539	14 
540	13 
541	19 
542	4 
543	1 
544	14 
545	13 
546	6 
547	6 
548	1 
549	20 
550	4 
551	1 
552	10 
553	15 
554	1 
555	13 
556	14 
557	17 
558	17 
559	1 
560	18 
561	20 
562	17 
563	2 
564	2 
565	20 
566	11 
567	6 
568	6 
569	4 
570	18 
571	13 
572	3 
573	1 
574	13 
575	17 
576	3 
577	1 
578	3 
579	8 
580	13 
581	13 
582	20 
583	4 
584	3 
585	12 
586	12 
587	19 
588	6 
589	20 
590	16 
591	9 
592	17 
593	17 
594	17 
595	13 
596	6 
597	1 
598	20 
599	15 
600	6 
601	17 
602	3 
603	4 
604	8 
605	15 
606	1 
607	17 
608	16 
609	13 
610	6 
611	14 
612	1 
613	6 
614	6 
615	16 
616	8 
617	19 
618	15 
619	7 
620	12 
621	14 
622	4 
623	1 
624	8 
625	17 
626	6 
627	20 
628	18 
629	19 
630	13 
631	4 
632	4 
633	6 
634	13 
635	18 
636	14 
637	17 
638	3 
639	17 
640	1 
641	19 
642	15 
643	14 
644	11 
645	3 
646	20 
647	9 
648	11 
649	20 
650	15 
651	17 
652	20 
653	1 
654	9 
655	2 
656	1 
657	2 
658	20 
659	1 
660	11 
661	3 
662	18 
663	1 
664	20 
665	14 
666	4 
667	6 
668	3 
669	14 
670	11 
671	11 
672	2 
673	12 
674	20 
675	7 
676	19 
677	9 
678	8 
679	12 
680	3 
681	18 
682	1 
683	11 
684	6 
685	3 
686	11 
687	14 
688	1 
689	3 
690	4 
691	1 
692	20 
693	6 
694	2 
695	11 
696	10 
697	17 
698	11 
699	15 
700	2 
701	19 
702	14 
703	20 
704	1 
705	2 
706	6 
707	20 
708	17 
709	17 
710	9 
711	6 
712	8 
713	11 
714	3 
715	3 
716	2 
717	2 
718	15 
719	15 
720	15 
721	10 
722	19 
723	5 
724	9 
725	17 
726	9 
727	9 
728	13 
729	2 
730	11 
731	19 
732	19 
733	18 
734	11 
735	2 
736	13 
737	20 
738	13 
739	1 
740	4 
741	19 
742	12 
743	17 
744	3 
745	18 
746	11 
747	6 
748	2 
749	8 
750	16 
751	10 
752	19 
753	17 
754	2 
755	1 
756	4 
757	20 
758	2 
759	20 
760	3 
761	11 
762	18 
763	8 
764	20 
765	18 
766	17 
767	20 
768	19 
769	1 
770	1 
771	11 
772	6 
773	11 
774	3 
775	20 
776	14 
777	2 
778	18 
779	6 
780	20 
781	13 
782	14 
783	7 
784	13 
785	13 
786	20 
787	15 
788	3 
789	13 
790	17 
791	2 
792	1 
793	13 
794	18 
795	12 
796	3 
797	12 
798	20 
799	7 
800	13 
801	20 
802	14 
803	2 
804	4 
805	18 
806	13 
807	4 
808	14 
809	17 
810	16 
811	1 
812	3 
813	2 
814	13 
815	6 
816	14 
817	8 
818	15 
819	14 
820	17 
821	1 
822	12 
823	13 
824	13 
825	18 
826	7 
827	10 
828	1 
829	6 
830	20 
831	14 
832	20 
833	1 
834	8 
835	6 
836	7 
837	19 
838	18 
839	15 
840	3 
841	13 
842	11 
843	18 
844	3 
845	2 
846	3 
847	4 
848	4 
849	18 
850	12 
851	3 
852	20 
853	12 
854	10 
855	13 
856	19 
857	1 
858	4 
859	15 
860	10 
861	5 
862	20 
863	9 
864	14 
865	6 
866	17 
867	12 
868	6 
869	6 
870	14 
871	3 
872	6 
873	8 
874	3 
875	6 
876	15 
877	19 
878	17 
879	12 
880	3 
881	13 
882	20 
883	9 
884	5 
885	18 
886	6 
887	6 
888	15 
889	13 
890	14 
891	3 
892	16 
893	3 
894	13 
895	8 
896	13 
897	16 
898	8 
899	13 
900	5 
901	14 
902	18 
903	12 
904	15 
905	9 
906	3 
907	18 
908	12 
909	15 
910	8 
911	1 
912	10 
913	9 
914	3 
915	1 
916	1 
917	3 
918	13 
919	15 
920	11 
921	20 
922	13 
923	12 
924	9 
925	15 
926	6 
927	5 
928	13 
929	18 
930	12 
931	7 
932	13 
933	20 
934	16 
935	8 
936	6 
937	8 
938	6 
939	17 
940	19 
941	20 
942	6 
943	12 
944	10 
945	17 
946	10 
947	19 
948	6 
949	17 
950	4 
951	4 
952	6 
953	19 
954	8 
955	9 
956	11 
957	1 
958	3 
959	12 
960	8 
961	1 
962	10 
963	11 
964	19 
965	3 
966	13 
967	14 
968	15 
969	17 
970	6 
971	18 
972	8 
973	14 
974	20 
975	20 
976	20 
977	9 
978	3 
979	13 
980	18 
981	20 
982	18 
983	11 
984	8 
985	18 
986	17 
987	13 
988	20 
989	18 
990	13 
991	18 
992	4 
993	2 
994	20 
995	11 
996	2 
997	6 
998	14 
999	9 
1000	15 
