1  33
1  81
1  845
1  947
1  955
1  968
1  974
1  994
1  1000
2  64
2  368
2  378
2  426
2  616
2  758
2  927
2  951
2  961
3  122
3  159
3  348
3  607
3  625
3  740
3  832
3  881
3  917
4  228
4  262
4  447
4  467
4  564
4  662
4  690
4  803
4  916
5  232
5  268
5  455
5  513
5  669
5  746
5  781
5  796
5  955
6  460
6  627
6  630
6  719
6  723
6  967
6  982
6  984
6  987
7  244
7  540
7  664
7  897
7  899
7  938
7  982
7  985
7  1000
8  53
8  116
8  524
8  552
8  597
8  684
8  763
8  902
8  960
9  127
9  452
9  475
9  560
9  562
9  613
9  773
9  788
9  878
10  76
10  306
10  543
10  598
10  675
10  806
10  933
10  978
10  994
11  104
11  142
11  260
11  341
11  446
11  517
11  795
11  914
11  981
12  91
12  411
12  474
12  734
12  847
12  887
12  909
12  976
12  978
13  171
13  220
13  371
13  686
13  700
13  792
13  826
13  978
13  989
14  265
14  390
14  669
14  726
14  764
14  911
14  942
14  946
14  979
15  43
15  292
15  377
15  547
15  557
15  563
15  848
15  965
15  998
16  78
16  219
16  418
16  656
16  786
16  853
16  924
16  954
16  973
17  21
17  335
17  761
17  886
17  920
17  942
17  954
17  966
17  983
18  68
18  534
18  608
18  707
18  793
18  811
18  969
18  983
18  991
19  133
19  322
19  730
19  857
19  907
19  953
19  973
19  996
19  999
20  93
20  285
20  448
20  838
20  931
20  969
20  982
20  983
20  991
21  180
21  201
21  291
21  525
21  704
21  758
21  920
21  978
22  96
22  267
22  415
22  640
22  812
22  853
22  954
22  973
22  985
23  160
23  400
23  765
23  779
23  845
23  903
23  945
23  959
23  960
24  435
24  438
24  476
24  749
24  809
24  810
24  824
24  926
24  933
25  235
25  473
25  615
25  827
25  866
25  874
25  891
25  984
25  996
26  392
26  628
26  635
26  714
26  911
26  915
26  942
26  944
26  946
27  214
27  353
27  527
27  847
27  889
27  895
27  928
27  936
27  989
28  53
28  218
28  387
28  478
28  696
28  869
28  968
28  985
28  1000
29  160
29  620
29  703
29  817
29  825
29  952
29  975
29  980
29  993
30  137
30  541
30  555
30  693
30  695
30  835
30  908
30  958
30  995
31  339
31  366
31  717
31  783
31  785
31  900
31  934
31  962
31  981
32  63
32  148
32  512
32  536
32  760
32  950
32  984
32  996
32  997
33  345
33  379
33  657
33  788
33  834
33  937
33  961
33  970
34  185
34  338
34  721
34  735
34  791
34  794
34  910
34  949
34  957
35  121
35  566
35  630
35  766
35  793
35  972
35  983
35  988
35  991
36  45
36  102
36  316
36  422
36  691
36  940
36  956
36  971
36  981
37  118
37  200
37  451
37  647
37  825
37  858
37  926
37  932
37  938
38  491
38  726
38  858
38  911
38  915
38  941
38  942
38  946
38  961
39  76
39  156
39  255
39  285
39  450
39  558
39  744
39  879
39  966
40  259
40  307
40  386
40  469
40  578
40  738
40  789
40  792
40  989
41  297
41  351
41  399
41  585
41  627
41  646
41  673
41  675
41  978
42  190
42  272
42  342
42  439
42  641
42  693
42  718
42  949
42  982
43  775
43  900
43  965
43  970
43  979
43  980
43  997
43  998
44  461
44  647
44  774
44  790
44  834
44  838
44  948
44  965
44  999
45  82
45  474
45  714
45  808
45  819
45  871
45  921
45  935
46  100
46  161
46  524
46  666
46  892
46  899
46  901
46  941
46  1000
47  391
47  508
47  655
47  676
47  779
47  810
47  907
47  990
47  999
48  505
48  723
48  724
48  825
48  907
48  963
48  974
48  988
48  993
49  241
49  421
49  436
49  642
49  861
49  878
49  962
49  981
49  989
50  238
50  670
50  766
50  775
50  833
50  969
50  982
50  983
50  991
51  123
51  188
51  206
51  265
51  395
51  494
51  536
51  890
51  895
52  199
52  589
52  628
52  764
52  814
52  911
52  942
52  946
52  995
53  255
53  561
53  588
53  663
53  710
53  914
53  998
54  143
54  647
54  674
54  749
54  810
54  882
54  926
54  972
54  983
55  73
55  178
55  734
55  751
55  816
55  900
55  948
55  965
55  970
56  278
56  369
56  458
56  619
56  750
56  765
56  927
56  950
56  951
57  121
57  130
57  156
57  387
57  488
57  663
57  901
57  978
57  998
58  113
58  174
58  178
58  269
58  512
58  603
58  703
58  930
58  999
59  131
59  261
59  751
59  811
59  970
59  972
59  982
59  991
59  997
60  68
60  236
60  634
60  693
60  718
60  893
60  910
60  925
60  997
61  166
61  375
61  732
61  741
61  869
61  985
61  986
61  998
61  1000
62  408
62  551
62  552
62  582
62  658
62  806
62  827
62  920
62  966
63  81
63  434
63  458
63  623
63  720
63  913
63  951
63  993
64  667
64  692
64  729
64  758
64  827
64  919
64  930
64  943
65  344
65  400
65  545
65  548
65  708
65  867
65  957
65  959
65  990
66  104
66  251
66  303
66  325
66  547
66  709
66  758
66  919
66  943
67  205
67  404
67  534
67  562
67  685
67  849
67  906
67  990
67  997
68  509
68  635
68  687
68  719
68  835
68  930
68  999
69  185
69  580
69  653
69  687
69  719
69  721
69  802
69  843
69  875
70  198
70  240
70  384
70  526
70  528
70  934
70  956
70  962
70  981
71  159
71  268
71  358
71  414
71  523
71  625
71  797
71  917
71  999
72  222
72  472
72  517
72  571
72  702
72  717
72  742
72  771
72  878
73  580
73  713
73  780
73  969
73  979
73  982
73  987
73  991
74  208
74  412
74  590
74  810
74  824
74  877
74  882
74  926
74  967
75  98
75  539
75  595
75  620
75  767
75  820
75  863
75  877
75  978
76  291
76  481
76  587
76  727
76  806
76  886
76  920
77  450
77  733
77  848
77  849
77  855
77  875
77  900
77  970
77  980
78  174
78  207
78  242
78  316
78  699
78  968
78  994
78  1000
79  217
79  497
79  648
79  784
79  854
79  888
79  905
79  939
79  973
80  177
80  195
80  197
80  359
80  398
80  593
80  832
80  852
80  917
81  354
81  474
81  619
81  822
81  856
81  951
81  961
82  84
82  664
82  688
82  689
82  879
82  921
82  932
82  935
83  280
83  717
83  834
83  883
83  888
83  905
83  924
83  939
83  973
84  294
84  352
84  432
84  637
84  967
84  992
84  996
84  997
85  228
85  271
85  339
85  447
85  662
85  830
85  884
85  916
85  926
86  270
86  445
86  493
86  741
86  842
86  851
86  947
86  994
86  998
87  330
87  340
87  726
87  759
87  830
87  911
87  915
87  942
87  946
88  382
88  404
88  467
88  522
88  603
88  737
88  859
88  984
88  997
89  105
89  399
89  408
89  589
89  794
89  831
89  886
89  966
89  998
90  592
90  644
90  786
90  851
90  888
90  924
90  954
90  973
90  985
91  817
91  836
91  837
91  877
91  887
91  976
91  978
91  999
92  337
92  346
92  433
92  602
92  658
92  683
92  931
92  984
92  987
93  484
93  516
93  706
93  775
93  855
93  900
93  970
93  989
94  139
94  561
94  668
94  858
94  874
94  984
94  987
94  992
94  995
95  510
95  520
95  718
95  793
95  907
95  930
95  953
95  990
95  999
96  283
96  323
96  365
96  418
96  939
96  948
96  954
96  973
97  536
97  604
97  710
97  800
97  828
97  913
97  986
97  994
97  1000
98  271
98  310
98  489
98  617
98  665
98  852
98  881
98  961
99  144
99  155
99  395
99  688
99  722
99  871
99  879
99  929
99  935
100  484
100  817
100  838
100  864
100  900
100  965
100  970
100  995
101  664
101  680
101  722
101  759
101  819
101  873
101  921
101  935
101  975
102  127
102  320
102  366
102  452
102  571
102  745
102  823
102  903
103  284
103  369
103  426
103  543
103  594
103  625
103  839
103  913
103  945
104  187
104  463
104  647
104  692
104  842
104  919
104  943
105  330
105  582
105  589
105  806
105  846
105  944
105  966
105  989
106  174
106  239
106  595
106  698
106  767
106  820
106  912
106  937
106  998
107  145
107  286
107  351
107  673
107  909
107  970
107  976
107  978
107  992
108  330
108  356
108  600
108  931
108  972
108  982
108  983
108  991
108  995
109  192
109  342
109  408
109  469
109  861
109  920
109  934
109  944
109  966
110  237
110  369
110  822
110  839
110  918
110  945
110  950
110  951
110  1000
111  619
111  708
111  720
111  822
111  839
111  918
111  926
111  951
111  961
112  143
112  227
112  440
112  493
112  784
112  880
112  911
112  929
112  997
113  122
113  420
113  444
113  687
113  826
113  894
113  953
113  999
114  145
114  252
114  389
114  780
114  811
114  833
114  972
114  983
114  991
115  278
115  441
115  516
115  545
115  563
115  838
115  906
115  948
115  970
116  117
116  318
116  469
116  470
116  609
116  801
116  923
116  941
117  345
117  614
117  779
117  867
117  902
117  945
117  959
117  987
118  328
118  412
118  442
118  647
118  858
118  864
118  882
118  949
119  201
119  272
119  448
119  580
119  718
119  791
119  869
119  897
119  995
120  149
120  317
120  543
120  671
120  737
120  765
120  791
120  908
120  944
121  372
121  575
121  650
121  747
121  828
121  986
121  1000
122  584
122  778
122  850
122  868
122  948
122  977
122  999
123  184
123  234
123  463
123  643
123  727
123  792
123  928
123  989
124  249
124  343
124  402
124  718
124  832
124  883
124  903
124  910
124  984
125  197
125  660
125  715
125  746
125  755
125  781
125  837
125  873
125  897
126  170
126  254
126  255
126  291
126  309
126  399
126  831
126  888
126  966
127  129
127  693
127  702
127  773
127  828
127  878
127  961
128  421
128  762
128  785
128  832
128  866
128  953
128  956
128  971
128  997
129  194
129  225
129  267
129  571
129  773
129  821
129  823
129  878
130  542
130  623
130  699
130  871
130  985
130  986
130  994
130  1000
131  423
131  457
131  512
131  778
131  931
131  972
131  982
131  991
132  369
132  757
132  842
132  917
132  952
132  974
132  975
132  988
132  993
133  232
133  305
133  596
133  778
133  907
133  925
133  964
133  999
134  211
134  335
134  469
134  481
134  589
134  765
134  815
134  930
134  966
135  221
135  551
135  682
135  704
135  765
135  886
135  934
135  966
135  970
136  256
136  355
136  535
136  663
136  730
136  748
136  901
136  985
136  1000
137  287
137  305
137  686
137  700
137  826
137  847
137  944
137  989
138  461
138  664
138  759
138  808
138  819
138  879
138  921
138  935
138  1000
139  219
139  630
139  718
139  737
139  779
139  859
139  880
139  902
140  503
140  644
140  766
140  954
140  969
140  972
140  973
140  982
140  991
141  337
141  434
141  712
141  753
141  952
141  972
141  982
141  983
141  991
142  201
142  565
142  639
142  667
142  693
142  709
142  729
142  919
143  598
143  683
143  735
143  760
143  867
143  984
143  997
144  221
144  513
144  660
144  715
144  725
144  746
144  837
144  977
145  239
145  599
145  912
145  923
145  976
145  978
145  999
146  601
146  807
146  825
146  849
146  855
146  936
146  948
146  965
146  970
147  462
147  504
147  801
147  887
147  936
147  974
147  979
147  990
147  999
148  173
148  260
148  735
148  782
148  874
148  959
148  996
148  997
149  153
149  291
149  394
149  543
149  812
149  920
149  949
149  966
150  263
150  659
150  778
150  862
150  872
150  936
150  984
150  990
150  999
151  193
151  336
151  353
151  494
151  501
151  700
151  717
151  900
151  989
152  458
152  465
152  527
152  740
152  865
152  918
152  950
152  961
152  979
153  501
153  711
153  727
153  826
153  881
153  889
153  895
153  989
154  393
154  403
154  435
154  624
154  730
154  922
154  938
154  979
154  986
155  194
155  222
155  689
155  871
155  879
155  921
155  935
155  954
156  362
156  443
156  573
156  627
156  851
156  947
156  992
157  289
157  306
157  681
157  687
157  716
157  869
157  875
157  958
157  995
158  507
158  682
158  731
158  840
158  894
158  921
158  950
158  973
158  993
159  319
159  443
159  498
159  625
159  797
159  917
159  988
160  350
160  627
160  629
160  800
160  914
160  947
160  998
161  569
161  588
161  845
161  928
161  937
161  955
161  994
161  998
162  237
162  550
162  632
162  641
162  670
162  898
162  924
162  973
162  997
163  425
163  484
163  518
163  706
163  848
163  864
163  937
163  965
163  980
164  434
164  466
164  729
164  758
164  844
164  860
164  919
164  927
164  986
165  190
165  197
165  401
165  443
165  482
165  787
165  802
165  908
165  942
166  480
166  747
166  925
166  968
166  985
166  994
166  998
166  1000
167  213
167  645
167  730
167  823
167  914
167  935
167  955
167  994
167  998
168  428
168  556
168  649
168  740
168  757
168  918
168  951
168  953
168  961
169  414
169  624
169  776
169  931
169  932
169  975
169  988
169  991
169  993
170  423
170  565
170  692
170  795
170  844
170  860
170  943
170  972
171  501
171  514
171  700
171  731
171  807
171  925
171  959
171  989
172  343
172  522
172  770
172  802
172  869
172  883
172  901
172  949
172  958
173  179
173  339
173  630
173  859
173  891
173  991
173  996
173  997
174  504
174  678
174  769
174  936
174  977
174  999
175  241
175  817
175  894
175  924
175  952
175  963
175  966
175  974
175  994
176  618
176  628
176  681
176  684
176  872
176  894
176  914
176  995
176  1000
177  379
177  711
177  853
177  898
177  905
177  952
177  954
177  973
178  601
178  818
178  834
178  849
178  885
178  937
178  991
179  358
179  417
179  482
179  787
179  835
179  856
179  876
179  908
180  254
180  394
180  444
180  449
180  578
180  704
180  812
180  930
181  382
181  563
181  649
181  672
181  815
181  855
181  861
181  914
181  980
182  232
182  362
182  627
182  660
182  669
182  715
182  781
182  873
182  897
183  304
183  309
183  534
183  691
183  785
183  964
183  977
183  979
183  990
183  999
184  254
184  292
184  327
184  469
184  598
184  675
184  737
184  886
184  972
185  266
185  494
185  497
185  621
185  643
185  733
185  792
185  989
186  229
186  300
186  521
186  530
186  557
186  850
186  930
186  936
186  979
186  999
187  341
187  481
187  667
187  709
187  736
187  758
187  860
187  875
187  943
188  259
188  383
188  576
188  589
188  701
188  889
188  928
188  963
188  989
189  291
189  353
189  664
189  688
189  819
189  871
189  879
189  907
189  921
189  935
190  269
190  410
190  529
190  555
190  580
190  957
190  988
190  995
191  243
191  263
191  339
191  559
191  676
191  821
191  936
191  964
191  979
191  999
192  306
192  327
192  332
192  356
192  429
192  481
192  695
192  920
192  944
193  599
193  637
193  734
193  799
193  909
193  923
193  945
193  976
193  978
194  246
194  520
194  560
194  564
194  742
194  743
194  745
194  821
195  427
195  805
195  812
195  862
195  930
195  953
195  977
195  979
195  999
196  325
196  396
196  446
196  692
196  729
196  747
196  767
196  860
196  919
196  943
197  287
197  359
197  394
197  787
197  797
197  876
197  917
198  663
198  735
198  861
198  866
198  929
198  934
198  962
198  971
198  981
199  229
199  231
199  376
199  454
199  877
199  909
199  912
199  976
199  978
200  208
200  438
200  441
200  559
200  674
200  749
200  797
200  842
200  926
201  694
201  704
201  744
201  765
201  887
201  920
201  944
202  440
202  489
202  654
202  716
202  904
202  932
202  984
202  987
202  992
202  996
203  364
203  386
203  506
203  509
203  555
203  635
203  656
203  770
203  864
203  947
204  323
204  416
204  670
204  842
204  853
204  854
204  859
204  905
204  973
204  997
205  210
205  510
205  617
205  837
205  880
205  891
205  904
205  987
205  997
206  212
206  383
206  578
206  621
206  789
206  792
206  862
206  985
206  989
207  495
207  643
207  650
207  741
207  742
207  901
207  968
207  983
207  994
208  210
208  378
208  412
208  697
208  810
208  842
208  926
208  1000
209  322
209  375
209  508
209  544
209  574
209  756
209  824
209  964
209  990
209  999
210  271
210  523
210  590
210  735
210  760
210  929
210  992
210  997
211  333
211  605
211  645
211  695
211  766
211  969
211  982
211  983
211  991
212  406
212  527
212  586
212  677
212  679
212  785
212  956
212  962
212  971
213  256
213  493
213  608
213  939
213  968
213  986
213  994
213  998
213  1000
214  259
214  353
214  621
214  778
214  807
214  863
214  907
214  928
214  989
215  481
215  563
215  790
215  855
215  858
215  937
215  948
215  970
215  980
215  998
216  292
216  356
216  551
216  575
216  582
216  715
216  812
216  896
216  955
216  966
217  250
217  362
217  416
217  541
217  641
217  853
217  939
217  973
217  986
218  305
218  345
218  779
218  867
218  902
218  945
218  950
218  959
218  960
219  227
219  537
219  564
219  708
219  784
219  953
219  992
219  997
220  336
220  395
220  562
220  700
220  789
220  889
220  932
220  989
220  1000
221  292
221  317
221  399
221  715
221  739
221  761
221  859
221  966
222  520
222  613
222  745
222  748
222  821
222  823
222  938
222  951
223  244
223  497
223  505
223  563
223  702
223  922
223  947
223  968
223  985
223  1000
224  441
224  788
224  838
224  855
224  904
224  964
224  965
224  970
224  974
224  980
225  516
225  750
225  809
225  834
225  849
225  885
225  948
225  965
225  970
226  245
226  328
226  451
226  546
226  559
226  638
226  674
226  697
226  882
226  997
227  258
227  597
227  710
227  880
227  984
227  996
227  997
227  998
228  326
228  572
228  804
228  805
228  884
228  889
228  893
228  998
229  251
229  313
229  604
229  828
229  845
229  968
229  996
229  998
230  640
230  833
230  929
230  931
230  969
230  972
230  975
230  982
230  983
230  991
231  370
231  518
231  631
231  651
231  810
231  820
231  836
231  976
231  978
232  459
232  577
232  607
232  626
232  669
232  873
232  897
233  262
233  302
233  367
233  467
233  562
233  754
233  853
233  884
233  893
233  916
234  522
234  562
234  576
234  788
234  874
234  929
234  992
234  996
234  997
235  382
235  536
235  581
235  620
235  859
235  904
235  956
235  992
235  997
236  293
236  301
236  605
236  670
236  786
236  853
236  888
236  954
236  973
237  323
237  385
237  786
237  792
237  905
237  939
237  954
237  973
238  299
238  451
238  605
238  780
238  861
238  969
238  972
238  983
238  991
239  360
239  870
239  877
239  888
239  912
239  976
239  978
239  989
240  244
240  391
240  618
240  713
240  872
240  892
240  947
240  998
240  1000
241  507
241  757
241  930
241  956
241  963
241  974
241  975
241  993
242  273
242  573
242  616
242  809
242  877
242  901
242  955
242  990
242  998
243  331
243  568
243  655
243  678
243  679
243  815
243  831
243  979
243  990
244  387
244  629
244  645
244  709
244  898
244  986
244  1000
245  438
245  476
245  514
245  546
245  627
245  697
245  824
245  842
245  858
246  420
246  456
246  521
246  654
246  874
246  967
246  984
246  987
246  997
247  276
247  400
247  469
247  532
247  548
247  597
247  609
247  951
247  959
247  983
248  323
248  414
248  443
248  592
248  617
248  813
248  876
248  881
248  908
248  986
249  530
249  719
249  721
249  811
249  835
249  926
249  949
249  957
249  995
250  289
250  298
250  365
250  490
250  592
250  726
250  769
250  939
250  954
251  604
251  751
251  851
251  872
251  899
251  995
251  998
251  1000
252  264
252  435
252  566
252  727
252  817
252  969
252  972
252  982
252  991
253  325
253  333
253  373
253  388
253  649
253  774
253  858
253  965
253  970
253  980
254  356
254  374
254  461
254  485
254  536
254  675
254  944
255  407
255  469
255  575
255  739
255  812
255  886
255  919
256  279
256  581
256  630
256  906
256  929
256  984
256  987
256  996
257  661
257  760
257  768
257  881
257  929
257  959
257  975
257  984
257  987
257  997
258  317
258  453
258  705
258  708
258  782
258  985
258  992
258  996
258  997
259  302
259  395
259  419
259  686
259  823
259  918
259  989
260  325
260  488
260  645
260  729
260  758
260  795
260  919
260  943
261  492
261  495
261  529
261  648
261  875
261  925
261  949
261  958
261  995
262  476
262  490
262  570
262  662
262  743
262  754
262  893
262  916
263  269
263  510
263  884
263  918
263  930
263  936
263  987
263  999
264  330
264  736
264  780
264  890
264  972
264  982
264  983
264  991
264  992
265  491
265  553
265  714
265  794
265  911
265  915
265  942
265  946
266  431
266  621
266  624
266  890
266  952
266  963
266  975
266  993
266  994
267  364
267  425
267  567
267  584
267  786
267  888
267  939
267  973
268  515
268  538
268  669
268  725
268  746
268  839
268  873
268  933
269  348
269  655
269  964
269  979
269  981
269  990
269  999
270  415
270  732
270  800
270  892
270  922
270  930
270  986
270  989
270  1000
271  359
271  392
271  603
271  706
271  797
271  876
271  908
272  496
272  687
272  719
272  791
272  837
272  923
272  925
272  998
273  611
273  892
273  914
273  967
273  970
273  984
273  994
273  998
273  1000
274  320
274  356
274  560
274  702
274  742
274  748
274  773
274  792
274  818
274  821
275  435
275  493
275  519
275  602
275  661
275  904
275  967
275  979
275  987
275  996
276  796
276  801
276  818
276  903
276  941
276  945
276  959
276  960
276  997
277  396
277  505
277  706
277  845
277  938
277  973
277  979
277  994
277  998
277  1000
278  834
278  848
278  855
278  864
278  948
278  970
278  998
278  1000
279  419
279  643
279  792
279  807
279  847
279  882
279  895
279  976
279  989
280  640
280  701
280  844
280  853
280  888
280  905
280  924
280  937
280  973
281  289
281  555
281  600
281  632
281  710
281  716
281  841
281  925
281  957
281  995
282  290
282  437
282  441
282  701
282  834
282  848
282  904
282  965
282  970
282  980
283  368
283  381
283  464
283  539
283  963
283  974
283  975
283  985
283  993
284  527
284  616
284  666
284  733
284  839
284  856
284  918
284  950
284  963
285  713
285  833
285  917
285  969
285  982
285  983
285  991
285  999
286  615
286  646
286  651
286  652
286  685
286  850
286  958
286  976
286  978
287  405
287  669
287  789
287  792
287  807
287  826
287  972
287  989
288  484
288  590
288  633
288  660
288  708
288  737
288  880
288  908
288  992
288  997
289  554
289  716
289  721
289  768
289  841
289  843
289  883
290  299
290  332
290  517
290  520
290  549
290  564
290  748
290  767
290  773
291  589
291  598
291  683
291  801
291  827
292  543
292  675
292  727
292  944
292  966
292  998
293  470
293  557
293  567
293  592
293  683
293  888
293  898
293  924
293  939
294  386
294  407
294  791
294  832
294  910
294  957
294  958
294  995
294  996
295  351
295  652
295  681
295  749
295  763
295  818
295  828
295  912
295  923
295  978
296  311
296  328
296  794
296  883
296  910
296  912
296  925
296  957
296  958
296  995
297  449
297  453
297  479
297  515
297  705
297  877
297  909
297  923
297  978
298  485
298  627
298  782
298  892
298  914
298  938
298  994
298  998
298  1000
299  429
299  439
299  502
299  517
299  613
299  702
299  773
299  848
300  473
300  544
300  676
300  778
300  814
300  930
300  960
300  977
300  999
301  355
301  380
301  429
301  474
301  664
301  722
301  879
301  921
301  935
302  326
302  445
302  690
302  805
302  884
302  893
302  916
302  999
303  341
303  729
303  795
303  860
303  919
303  927
303  943
303  967
303  999
304  321
304  478
304  649
304  849
304  885
304  937
304  965
304  970
304  980
305  345
305  500
305  614
305  902
305  941
305  945
305  960
306  386
306  543
306  551
306  761
306  831
306  871
306  966
307  405
307  460
307  561
307  891
307  906
307  962
307  987
307  992
307  996
308  542
308  627
308  845
308  901
308  919
308  938
308  973
308  985
308  986
308  998
309  397
309  571
309  600
309  602
309  804
309  979
309  990
309  999
310  328
310  587
310  607
310  683
310  736
310  811
310  852
310  908
310  917
311  420
311  525
311  890
311  907
311  932
311  952
311  974
311  988
311  993
312  540
312  593
312  617
312  787
312  789
312  813
312  876
312  881
312  917
312  957
313  407
313  650
313  651
313  653
313  732
313  901
313  985
313  986
313  994
314  402
314  446
314  656
314  721
314  737
314  944
314  949
314  957
314  958
314  995
315  568
315  655
315  704
315  756
315  879
315  919
315  977
315  979
315  990
315  999
316  430
316  468
316  530
316  728
316  846
316  917
316  934
316  952
317  399
317  543
317  589
317  806
317  833
317  886
317  971
318  438
318  451
318  472
318  810
318  842
318  858
318  882
318  926
318  972
319  384
319  436
319  487
319  762
319  845
319  962
319  971
319  981
319  997
320  372
320  452
320  571
320  745
320  821
320  878
320  943
320  971
321  493
321  631
321  663
321  933
321  940
321  968
321  986
321  998
321  1000
322  462
322  510
322  526
322  693
322  699
322  953
322  977
322  999
323  418
323  495
323  853
323  888
323  939
323  997
324  325
324  446
324  463
324  572
324  709
324  795
324  832
324  919
324  943
324  971
325  463
325  844
325  851
325  860
325  919
325  951
326  515
326  582
326  596
326  690
326  743
326  805
326  884
326  893
326  916
327  408
327  449
327  543
327  575
327  689
327  700
327  739
327  812
327  906
328  387
328  442
328  810
328  824
328  858
328  926
328  988
329  341
329  434
329  494
329  667
329  692
329  709
329  758
329  820
329  943
329  955
329  968
330  610
330  931
330  934
330  972
330  982
330  983
330  991
331  410
331  693
331  718
331  841
331  910
331  926
331  935
331  957
331  958
331  995
332  452
332  517
332  702
332  745
332  773
332  823
332  853
332  878
332  891
333  484
333  553
333  649
333  788
333  857
333  866
333  885
333  948
333  980
334  369
334  378
334  439
334  616
334  815
334  820
334  856
334  913
334  950
334  961
334  974
335  394
335  427
335  476
335  551
335  694
335  744
335  812
335  827
335  981
336  369
336  572
336  621
336  690
336  700
336  701
336  733
336  931
336  989
337  357
337  472
337  503
337  713
337  969
337  972
337  982
337  991
337  993
338  342
338  409
338  656
338  687
338  770
338  920
338  925
338  967
338  986
338  995
339  367
339  572
339  690
339  805
339  810
339  884
339  916
340  375
340  549
340  553
340  796
340  936
340  953
340  977
340  979
340  990
340  999
341  651
341  667
341  758
341  795
341  824
341  913
341  943
342  493
342  510
342  869
342  883
342  949
342  957
342  958
342  995
343  402
343  486
343  509
343  633
343  747
343  910
343  957
343  958
343  995
344  509
344  526
344  639
344  841
344  878
344  903
344  941
344  945
344  959
344  960
345  857
345  907
345  953
345  964
345  977
345  979
345  999
346  432
346  546
346  617
346  637
346  723
346  771
346  987
346  992
346  996
346  997
347  399
347  449
347  461
347  551
347  694
347  776
347  792
347  920
347  936
347  944
347  999
348  377
348  606
348  832
348  852
348  873
348  876
348  881
348  908
348  962
349  421
349  487
349  727
349  846
349  861
349  862
349  874
349  934
349  940
349  971
349  981
350  386
350  404
350  436
350  604
350  780
350  901
350  947
350  994
350  998
350  1000
351  601
351  646
351  887
351  912
351  923
351  976
351  992
351  998
352  447
352  633
352  637
352  755
352  760
352  770
352  904
352  987
352  992
352  997
353  497
353  799
353  826
353  889
353  904
353  989
353  995
354  408
354  477
354  643
354  720
354  806
354  865
354  927
354  950
354  951
354  961
355  390
355  452
355  764
355  830
355  846
355  911
355  915
355  942
355  946
356  380
356  598
356  704
356  812
356  886
356  966
357  425
357  535
357  659
357  796
357  868
357  907
357  930
357  977
357  990
357  999
358  374
358  392
358  587
358  799
358  813
358  852
358  876
358  908
358  980
359  372
359  489
359  617
359  673
359  736
359  908
359  917
359  964
360  539
360  577
360  583
360  655
360  815
360  862
360  907
360  930
360  977
360  999
361  654
361  658
361  678
361  804
361  852
361  967
361  971
361  987
361  992
361  996
361  997
362  588
362  786
362  933
362  968
362  985
362  994
362  998
362  1000
363  422
363  691
363  805
363  861
363  866
363  920
363  940
363  941
363  956
363  962
363  981
364  448
364  509
364  634
364  780
364  791
364  875
364  949
364  971
364  995
365  425
365  567
365  573
365  581
365  670
365  711
365  854
365  888
365  973
366  456
366  487
366  523
366  530
366  762
366  929
366  934
366  956
366  981
367  450
367  467
367  510
367  553
367  570
367  805
367  884
367  916
367  939
368  466
368  574
368  624
368  840
368  946
368  963
368  975
368  988
368  993
369  578
369  623
369  918
369  950
369  951
370  507
370  744
370  752
370  817
370  836
370  894
370  896
370  963
370  975
370  993
371  652
371  666
371  698
371  734
371  753
371  818
371  912
371  923
371  976
371  978
372  390
372  601
372  838
372  848
372  885
372  965
372  970
372  980
373  398
373  508
373  664
373  688
373  722
373  819
373  871
373  908
373  935
373  990
374  495
374  535
374  730
374  901
374  933
374  957
374  985
374  998
374  1000
375  642
375  717
375  861
375  866
375  922
375  934
375  940
375  981
376  618
376  720
376  732
376  879
376  933
376  938
376  985
376  989
376  998
376  1000
377  417
377  590
377  593
377  662
377  665
377  787
377  832
377  908
377  917
378  546
378  556
378  594
378  651
378  868
378  913
378  950
378  961
379  388
379  516
379  616
379  775
379  788
379  790
379  816
379  851
379  913
380  688
380  721
380  759
380  871
380  879
380  896
380  898
380  921
380  935
381  518
381  529
381  755
381  772
381  894
381  963
381  971
381  975
381  982
381  993
382  581
382  601
382  774
382  775
382  848
382  855
382  900
382  980
383  395
383  453
383  561
383  686
383  733
383  774
383  895
383  928
383  989
384  458
384  783
384  866
384  940
384  942
384  950
384  956
384  962
384  981
385  397
385  433
385  633
385  685
385  909
385  942
385  967
385  984
385  992
385  996
386  541
386  580
386  791
386  875
386  957
386  995
387  458
387  713
387  845
387  922
387  947
387  985
387  1000
388  437
388  672
388  762
388  777
388  803
388  937
388  965
388  970
388  980
389  391
389  719
389  778
389  803
389  804
389  815
389  862
389  953
389  964
389  999
390  480
390  567
390  726
390  766
390  911
390  942
390  946
390  962
391  504
391  508
391  619
391  656
391  707
391  981
391  990
391  999
392  517
392  617
392  736
392  771
392  832
392  836
392  852
392  917
393  414
393  627
393  652
393  914
393  933
393  978
393  986
393  994
393  998
393  1000
394  461
394  739
394  886
394  920
394  944
394  955
394  960
395  584
395  815
395  889
395  928
395  972
395  989
396  404
396  433
396  683
396  904
396  906
396  967
396  983
396  987
396  996
397  714
397  726
397  787
397  814
397  830
397  915
397  942
397  946
397  981
398  411
398  689
398  728
398  759
398  808
398  871
398  921
398  935
398  983
399  482
399  551
399  612
399  761
399  944
400  459
400  507
400  524
400  616
400  744
400  779
400  867
400  960
401  457
401  610
401  751
401  793
401  881
401  931
401  982
401  983
401  991
401  993
402  410
402  412
402  435
402  496
402  693
402  721
402  849
402  958
403  430
403  432
403  573
403  851
403  889
403  933
403  976
403  986
403  994
403  1000
404  655
404  658
404  856
404  984
404  987
404  992
404  996
405  507
405  578
405  643
405  657
405  847
405  889
405  928
405  948
405  989
406  530
406  586
406  625
406  679
406  765
406  811
406  863
406  956
406  971
406  981
407  410
407  721
407  843
407  910
407  925
407  941
407  966
407  995
408  450
408  492
408  675
408  744
408  831
408  965
409  555
409  558
409  694
409  794
409  835
409  860
409  925
409  957
409  985
409  995
410  519
410  831
410  843
410  883
410  926
410  958
410  995
411  417
411  673
411  763
411  767
411  885
411  909
411  923
411  978
411  987
412  536
412  571
412  749
412  810
412  842
412  882
412  926
413  455
413  467
413  553
413  570
413  662
413  690
413  743
413  821
413  893
413  916
413  999
414  417
414  443
414  603
414  813
414  832
414  867
414  881
415  567
415  712
415  769
415  854
415  908
415  939
415  954
415  973
415  987
416  498
416  584
416  592
416  692
416  840
416  854
416  898
416  954
416  994
417  443
417  603
417  607
417  852
417  908
417  962
417  969
418  540
418  702
418  711
418  818
418  898
418  924
418  954
418  973
419  643
419  697
419  718
419  727
419  770
419  789
419  889
419  928
419  989
420  488
420  521
420  630
420  857
420  953
420  964
420  979
420  999
421  576
421  675
421  697
421  728
421  823
421  940
421  971
421  1000
422  528
422  642
422  679
422  728
422  803
422  846
422  861
422  909
422  966
423  624
423  695
423  776
423  777
423  891
423  949
423  952
423  974
423  975
423  993
424  557
424  745
424  775
424  848
424  849
424  852
424  906
424  937
424  943
424  948
424  965
424  980
425  547
425  601
425  790
425  855
425  900
425  970
425  980
425  996
426  527
426  748
426  752
426  822
426  913
426  918
426  928
426  950
426  980
426  1000
427  444
427  462
427  541
427  544
427  596
427  857
427  872
427  907
427  999
427  1000
428  527
428  595
428  615
428  686
428  720
428  752
428  906
428  918
428  927
428  950
428  961
429  502
429  520
429  560
429  660
429  742
429  745
429  821
429  878
429  969
430  468
430  530
430  642
430  729
430  846
430  866
430  876
430  940
430  962
430  981
431  541
431  589
431  591
431  664
431  731
431  932
431  963
431  974
431  988
431  993
431  1000
432  638
432  723
432  776
432  859
432  925
432  967
432  992
432  997
432  999
433  435
433  473
433  737
433  781
433  789
433  904
433  919
433  996
433  997
434  597
434  667
434  709
434  729
434  844
434  860
434  919
434  943
435  522
435  661
435  723
435  782
435  992
435  996
436  490
436  523
436  576
436  679
436  868
436  934
436  956
436  962
436  981
437  447
437  478
437  547
437  563
437  672
437  760
437  834
437  843
437  864
437  980
438  453
438  559
438  697
438  798
438  808
438  824
438  842
438  973
439  558
439  607
439  635
439  794
439  802
439  829
439  940
439  949
439  995
440  561
440  568
440  658
440  685
440  784
440  821
440  929
440  939
440  996
440  997
441  489
441  788
441  841
441  849
441  948
441  958
441  965
441  980
442  451
442  559
442  646
442  697
442  835
442  858
442  882
442  926
442  966
442  976
443  548
443  585
443  881
443  908
443  909
443  917
444  473
444  659
444  796
444  862
444  907
444  910
444  978
444  990
444  999
445  470
445  548
445  570
445  609
445  614
445  779
445  867
445  941
445  959
445  960
446  709
446  758
446  770
446  795
446  844
446  919
446  943
446  984
447  467
447  553
447  570
447  777
447  884
447  893
447  916
447  997
448  555
448  580
448  714
448  836
448  841
448  843
448  856
448  925
448  995
449  567
449  589
449  744
449  765
449  827
449  891
449  944
449  966
450  501
450  598
450  675
450  739
450  831
450  860
450  886
450  920
451  808
451  809
451  810
451  829
451  858
451  882
451  926
452  517
452  560
452  564
452  612
452  745
452  823
452  966
453  585
453  763
453  767
453  909
453  912
453  917
453  923
453  976
454  456
454  601
454  620
454  631
454  651
454  763
454  836
454  912
454  944
454  964
454  976
455  515
455  577
455  660
455  669
455  715
455  756
455  781
455  837
455  897
455  968
456  633
456  760
456  861
456  906
456  929
456  951
456  967
456  992
456  997
457  472
457  540
457  542
457  608
457  919
457  930
457  972
457  982
457  983
457  991
458  471
458  556
458  720
458  822
458  883
458  927
458  961
459  513
459  515
459  577
459  626
459  636
459  654
459  865
459  873
459  897
459  925
460  512
460  644
460  724
460  782
460  904
460  906
460  967
460  984
460  987
460  997
461  742
461  744
461  765
461  812
461  827
461  966
461  979
462  600
462  676
462  783
462  787
462  815
462  936
462  944
462  990
462  999
463  565
463  733
463  795
463  839
463  844
463  860
463  919
463  943
464  551
464  567
464  670
464  681
464  711
464  769
464  786
464  844
464  905
464  924
464  973
465  554
465  726
465  764
465  814
465  824
465  830
465  912
465  915
465  942
465  946
465  991
466  782
466  800
466  874
466  903
466  929
466  984
466  987
466  992
466  996
466  997
467  743
467  884
467  893
467  916
467  941
467  971
468  561
468  642
468  696
468  783
468  871
468  892
468  893
468  940
468  971
468  981
469  598
469  671
469  806
469  944
469  966
470  506
470  548
470  609
470  753
470  779
470  902
470  940
470  941
470  976
471  594
471  623
471  720
471  854
471  856
471  949
471  950
471  951
471  956
471  961
471  995
472  605
472  751
472  766
472  894
472  972
472  982
472  983
472  991
473  504
473  581
473  751
473  859
473  891
473  992
473  996
473  997
474  689
474  759
474  808
474  819
474  879
474  921
474  924
474  935
475  478
475  579
475  619
475  845
475  933
475  938
475  955
475  956
475  986
475  998
475  1000
476  559
476  647
476  749
476  759
476  842
476  852
476  882
476  926
477  593
477  623
477  633
477  720
477  830
477  856
477  865
477  913
477  918
477  933
477  961
478  505
478  588
478  650
478  665
478  914
478  928
478  968
478  998
479  515
479  615
479  644
479  651
479  814
479  836
479  842
479  870
479  912
479  923
479  978
480  509
480  554
480  628
480  764
480  830
480  911
480  915
480  942
480  946
480  993
481  543
481  704
481  806
481  821
481  831
481  852
481  944
482  498
482  665
482  771
482  870
482  876
482  881
482  908
482  952
482  955
483  608
483  610
483  833
483  887
483  931
483  969
483  972
483  982
483  983
483  991
483  994
483  999
484  557
484  778
484  816
484  838
484  891
484  937
484  970
485  523
485  528
485  696
485  728
485  882
485  893
485  934
485  962
485  971
485  981
486  491
486  499
486  554
486  714
486  730
486  813
486  830
486  872
486  915
486  942
486  946
487  612
487  772
487  781
487  858
487  861
487  940
487  962
487  971
487  981
488  689
488  707
488  804
488  824
488  857
488  907
488  977
488  979
488  999
489  587
489  607
489  736
489  773
489  797
489  813
489  852
489  917
490  592
490  651
490  853
490  854
490  898
490  905
490  924
490  939
490  973
491  589
491  764
491  814
491  830
491  911
491  942
491  946
491  986
491  1000
492  591
492  794
492  802
492  829
492  843
492  869
492  883
492  908
492  949
492  999
493  618
493  901
493  922
493  938
493  968
493  994
494  727
494  786
494  851
494  889
494  895
494  928
494  989
494  998
495  880
495  892
495  914
495  933
495  981
495  985
495  998
495  1000
496  580
496  635
496  824
496  850
496  883
496  893
496  925
496  949
496  995
496  1000
497  686
497  701
497  733
497  807
497  847
497  895
497  954
497  989
498  574
498  607
498  787
498  832
498  852
498  855
498  876
498  881
498  981
499  726
499  764
499  814
499  830
499  888
499  898
499  911
499  915
499  942
499  946
499  989
500  526
500  559
500  609
500  700
500  785
500  867
500  903
500  941
500  945
500  960
500  984
501  514
501  621
501  722
501  826
501  889
501  950
501  989
501  995
502  594
502  613
502  638
502  702
502  773
502  821
502  823
502  878
502  921
502  995
503  566
503  596
503  644
503  666
503  850
503  931
503  969
503  978
503  982
503  983
504  583
504  668
504  738
504  850
504  905
504  936
504  990
504  999
505  573
505  579
505  666
505  682
505  872
505  884
505  998
505  1000
506  532
506  551
506  763
506  801
506  867
506  903
506  941
506  945
506  959
506  977
507  573
507  825
507  894
507  965
507  974
507  988
507  993
508  602
508  676
508  744
508  756
508  907
508  976
508  990
508  999
509  794
509  835
509  883
509  919
509  944
509  995
510  684
510  756
510  850
510  964
510  977
510  999
511  519
511  588
511  666
511  681
511  730
511  845
511  851
511  961
511  974
511  986
511  998
511  1000
512  549
512  668
512  691
512  954
512  977
512  979
512  990
512  999
513  577
513  582
513  636
513  639
513  725
513  837
513  873
513  882
513  897
513  949
514  643
514  701
514  733
514  738
514  826
514  845
514  847
514  928
514  930
514  1000
515  669
515  725
515  746
515  837
515  873
515  897
515  976
516  611
516  661
516  790
516  816
516  838
516  860
516  937
516  963
516  980
517  520
517  560
517  564
517  748
517  875
517  996
518  682
518  772
518  776
518  890
518  894
518  896
518  967
518  974
518  975
518  988
519  661
519  685
519  708
519  754
519  768
519  782
519  958
519  984
519  992
519  996
520  613
520  726
520  748
520  773
520  823
520  826
520  831
521  583
521  599
521  615
521  676
521  964
521  977
521  979
521  987
521  990
521  999
522  622
522  705
522  752
522  814
522  984
522  987
522  990
522  996
522  997
523  528
523  678
523  783
523  846
523  848
523  940
523  971
523  981
524  554
524  606
524  795
524  801
524  867
524  902
524  941
524  959
524  960
524  963
525  612
525  695
525  828
525  840
525  932
525  952
525  963
525  966
525  975
525  993
525  998
526  552
526  639
526  701
526  753
526  779
526  909
526  941
526  945
526  960
527  594
527  641
527  725
527  839
527  927
527  950
527  961
528  758
528  783
528  795
528  866
528  934
528  961
528  962
528  978
528  981
529  687
529  716
529  749
529  841
529  843
529  869
529  957
529  987
529  995
529  997
530  569
530  863
530  866
530  934
530  956
530  971
530  988
531  635
531  680
531  695
531  719
531  755
531  798
531  837
531  890
531  903
531  932
531  952
531  963
531  988
532  560
532  731
532  779
532  902
532  903
532  941
532  945
532  959
532  960
532  995
532  996
533  632
533  653
533  673
533  753
533  757
533  890
533  894
533  910
533  932
533  952
533  975
533  988
533  993
534  542
534  694
534  712
534  734
534  811
534  969
534  972
534  982
534  983
534  991
535  849
535  892
535  899
535  922
535  955
535  971
535  985
535  991
535  994
535  1000
536  562
536  586
536  661
536  967
536  987
536  996
536  997
537  685
537  705
537  906
537  934
537  936
537  959
537  967
537  970
537  987
537  992
537  996
537  997
538  543
538  626
538  636
538  650
538  669
538  715
538  725
538  837
538  873
538  897
538  961
538  999
539  612
539  653
539  743
539  757
539  952
539  974
539  975
539  987
539  988
539  993
540  569
540  615
540  699
540  809
540  933
540  968
540  986
540  994
540  1000
541  634
541  635
541  718
541  728
541  875
541  910
541  925
541  995
542  608
542  644
542  793
542  885
542  889
542  969
542  972
542  983
542  991
543  790
543  958
543  966
544  549
544  886
544  949
544  964
544  977
544  979
544  984
544  988
544  990
544  999
545  592
545  597
545  753
545  801
545  888
545  902
545  903
545  941
545  959
545  960
545  990
546  750
546  839
546  865
546  913
546  918
546  950
546  951
546  961
546  989
547  657
547  774
547  810
547  816
547  822
547  838
547  912
547  937
547  980
548  552
548  597
548  693
548  720
548  903
548  945
548  959
548  987
549  560
549  868
549  903
549  930
549  977
549  979
549  986
549  990
549  999
550  566
550  608
550  645
550  699
550  713
550  833
550  931
550  934
550  969
550  982
550  983
550  991
551  827
551  831
551  952
551  989
552  606
552  748
552  801
552  852
552  903
552  908
552  945
552  959
552  960
553  572
553  662
553  805
553  884
553  893
553  916
553  990
554  764
554  814
554  848
554  911
554  915
554  942
554  946
554  972
555  654
555  770
555  771
555  783
555  934
555  957
555  995
556  587
556  619
556  696
556  746
556  822
556  839
556  927
556  951
556  961
556  1000
557  775
557  788
557  864
557  885
557  900
557  916
557  933
557  980
558  605
558  622
558  634
558  794
558  843
558  910
558  925
558  949
558  967
558  995
559  674
559  682
559  749
559  824
559  882
559  946
560  709
560  773
560  821
560  878
560  996
561  708
561  769
561  904
561  984
561  987
561  996
561  997
562  622
562  782
562  822
562  929
562  984
562  996
562  997
563  729
563  834
563  849
563  855
563  921
563  937
563  994
564  571
564  742
564  748
564  798
564  821
564  878
564  943
565  667
565  692
565  775
565  795
565  850
565  860
565  900
565  919
565  943
565  999
566  618
566  720
566  766
566  912
566  972
566  982
566  983
566  986
566  991
567  640
567  769
567  826
567  898
567  973
567  999
568  581
568  778
568  868
568  914
568  936
568  940
568  953
568  964
568  977
568  999
569  684
569  809
569  823
569  828
569  859
569  947
569  955
569  965
569  986
569  1000
570  690
570  743
570  805
570  824
570  869
570  893
570  916
570  954
571  641
571  739
571  748
571  773
571  821
571  878
572  606
572  690
572  805
572  835
572  884
572  885
572  893
572  916
573  593
573  684
573  911
573  968
573  986
573  998
573  1000
574  632
574  653
574  703
574  776
574  807
574  896
574  912
574  974
574  988
574  993
575  582
575  694
575  704
575  744
575  827
575  867
575  938
575  944
575  970
576  783
576  803
576  863
576  917
576  934
576  940
576  962
576  971
576  981
577  590
577  626
577  669
577  725
577  781
577  873
577  897
577  983
578  621
578  643
578  807
578  817
578  895
578  928
578  964
578  989
579  624
579  655
579  681
579  706
579  792
579  892
579  900
579  986
579  994
579  998
579  1000
580  829
580  843
580  883
580  903
580  924
580  981
581  723
581  768
581  859
581  925
581  967
581  987
581  996
582  671
582  761
582  886
582  920
582  939
582  943
582  944
583  676
583  850
583  900
583  914
583  953
583  964
583  969
583  979
583  989
583  999
584  641
584  786
584  888
584  898
584  924
584  954
584  969
584  973
584  995
585  595
585  620
585  673
585  771
585  818
585  828
585  836
585  870
585  969
585  976
586  629
586  729
586  762
586  785
586  846
586  866
586  962
586  971
586  981
586  991
587  603
587  625
587  787
587  797
587  908
587  917
587  945
587  986
588  800
588  876
588  924
588  945
588  955
588  979
588  986
588  994
589  694
589  944
589  966
590  638
590  723
590  906
590  966
590  987
590  992
590  996
590  997
591  603
591  724
591  772
591  781
591  890
591  896
591  974
591  975
591  988
591  992
591  993
592  711
592  905
592  906
592  939
592  944
592  973
593  607
593  771
593  832
593  852
593  876
593  908
593  980
593  995
594  684
594  698
594  750
594  839
594  856
594  913
594  918
594  922
595  629
595  646
595  652
595  761
595  789
595  870
595  923
595  976
595  978
596  686
596  691
596  804
596  857
596  862
596  977
596  984
596  990
596  999
597  729
597  902
597  903
597  941
597  945
597  958
597  960
598  676
598  704
598  827
598  920
598  973
598  995
599  631
599  704
599  774
599  836
599  840
599  870
599  887
599  923
599  976
599  978
600  668
600  676
600  711
600  756
600  772
600  778
600  953
600  990
600  999
601  756
601  775
601  848
601  864
601  965
601  973
602  714
602  815
602  930
602  936
602  956
602  964
602  977
602  990
602  999
603  617
603  777
603  787
603  813
603  832
603  917
604  646
604  681
604  790
604  843
604  968
604  982
604  985
604  998
604  1000
605  704
605  780
605  861
605  931
605  969
605  972
605  982
605  983
605  991
606  639
606  752
606  779
606  780
606  867
606  902
606  903
606  941
606  959
606  960
607  736
607  797
607  800
607  813
607  853
607  917
608  666
608  751
608  776
608  972
608  983
608  991
608  994
608  996
609  614
609  639
609  808
609  832
609  874
609  902
609  945
609  960
609  981
610  779
610  793
610  817
610  833
610  931
610  943
610  969
610  982
610  983
610  991
610  994
611  706
611  742
611  800
611  806
611  809
611  820
611  933
611  938
611  968
611  985
611  998
611  1000
612  632
612  680
612  753
612  757
612  896
612  952
612  975
612  988
612  993
613  677
613  728
613  742
613  745
613  748
613  800
613  821
613  878
613  1000
614  639
614  903
614  934
614  938
614  941
614  945
614  955
614  959
614  960
614  996
615  631
615  646
615  698
615  818
615  870
615  877
615  976
615  978
616  660
616  740
616  752
616  839
616  918
616  927
616  951
616  961
617  665
617  771
617  876
617  904
617  908
617  997
618  632
618  676
618  699
618  894
618  899
618  933
618  947
618  985
618  989
619  623
619  750
619  798
619  819
619  856
619  927
619  950
619  961
620  673
620  763
620  818
620  877
620  887
620  919
620  946
620  976
620  978
621  807
621  818
621  895
621  922
621  928
621  974
621  989
622  723
622  724
622  737
622  880
622  884
622  891
622  922
622  929
622  967
622  992
622  996
623  740
623  752
623  839
623  856
623  895
623  905
623  940
623  951
624  695
624  743
624  787
624  873
624  894
624  974
624  988
624  993
625  771
625  797
625  813
625  852
625  881
625  916
625  917
625  959
626  696
626  725
626  746
626  781
626  782
626  837
626  858
626  873
626  897
626  917
627  872
627  938
627  955
627  985
627  986
628  714
628  807
628  814
628  830
628  879
628  911
628  915
628  933
628  942
628  946
629  730
629  809
629  860
629  872
629  899
629  968
629  994
629  997
629  998
629  1000
630  708
630  719
630  859
630  870
630  967
630  984
630  992
630  997
631  651
631  887
631  894
631  923
631  962
631  976
631  978
631  993
631  994
632  757
632  817
632  937
632  963
632  974
632  975
632  988
632  993
633  768
633  844
633  904
633  910
633  929
633  984
633  992
633  996
634  655
634  716
634  770
634  802
634  829
634  875
634  879
634  924
634  957
634  962
635  716
635  770
635  854
635  875
635  890
635  958
635  995
636  660
636  669
636  715
636  725
636  781
636  788
636  873
636  897
636  905
636  906
636  978
637  650
637  741
637  874
637  891
637  906
637  928
637  929
637  987
637  997
637  1000
638  716
638  737
638  859
638  874
638  878
638  891
638  897
638  929
638  987
638  996
639  753
639  941
639  945
639  959
639  960
639  976
639  996
640  641
640  665
640  888
640  905
640  924
640  939
640  954
640  957
640  968
640  973
641  670
641  822
641  854
641  898
641  924
641  954
641  973
642  728
642  785
642  901
642  960
642  962
642  971
642  981
642  987
642  992
643  654
643  768
643  895
643  928
643  989
644  645
644  762
644  776
644  811
644  969
644  982
644  983
644  991
645  712
645  793
645  966
645  969
645  972
645  982
645  991
645  1000
646  763
646  909
646  923
646  976
646  978
646  980
646  991
647  652
647  737
647  749
647  810
647  824
647  842
647  858
647  926
648  731
648  772
648  802
648  817
648  840
648  890
648  896
648  923
648  963
648  975
648  988
648  993
649  790
649  844
649  857
649  885
649  900
649  948
649  970
649  975
649  980
650  741
650  875
650  922
650  977
650  985
650  994
650  998
650  1000
651  818
651  877
651  887
651  912
651  923
652  734
652  799
652  886
652  887
652  905
652  909
652  976
652  978
653  766
653  825
653  890
653  896
653  913
653  969
653  974
653  988
653  993
654  859
654  874
654  880
654  891
654  951
654  984
654  992
654  997
655  791
655  868
655  953
655  979
655  996
655  999
656  770
656  802
656  836
656  841
656  869
656  883
656  957
656  960
656  995
657  702
657  774
657  788
657  849
657  855
657  881
657  900
657  931
657  937
657  948
657  980
658  705
658  720
658  760
658  874
658  901
658  975
658  987
658  992
658  997
659  679
659  793
659  907
659  936
659  953
659  958
659  964
659  977
659  990
659  994
659  999
660  746
660  781
660  837
660  873
660  897
660  977
661  685
661  878
661  880
661  891
661  899
661  964
661  987
661  992
662  743
662  805
662  812
662  884
662  893
662  898
662  916
662  930
663  752
663  872
663  877
663  880
663  899
663  901
663  947
663  985
663  1000
664  689
664  816
664  819
664  879
664  921
664  935
665  771
665  797
665  807
665  813
665  852
665  868
665  909
665  917
666  828
666  851
666  947
666  986
666  994
666  998
666  1000
667  702
667  791
667  795
667  820
667  838
667  919
667  943
667  970
668  703
668  759
668  850
668  866
668  927
668  930
668  964
668  977
668  979
668  990
668  999
669  699
669  837
669  897
669  925
670  743
670  786
670  854
670  893
670  898
670  905
670  918
670  954
671  718
671  744
671  761
671  765
671  786
671  806
671  812
671  831
671  920
671  936
671  939
671  944
672  688
672  774
672  816
672  827
672  838
672  913
672  937
672  948
672  965
672  970
672  976
672  980
673  734
673  799
673  818
673  887
673  907
673  911
673  923
673  978
674  749
674  767
674  778
674  810
674  824
674  842
674  858
674  918
674  926
674  931
674  983
675  744
675  827
675  831
675  833
675  857
675  886
675  944
676  690
676  770
676  979
676  990
676  999
677  680
677  682
677  703
677  714
677  724
677  755
677  798
677  901
677  932
677  952
677  975
677  988
677  993
678  782
678  850
678  862
678  930
678  936
678  953
678  957
678  970
678  977
678  990
678  999
679  696
679  717
679  754
679  762
679  907
679  956
679  960
679  971
679  981
680  768
680  776
680  814
680  829
680  932
680  947
680  963
680  974
680  975
680  988
680  993
681  732
681  955
681  968
681  969
681  989
681  994
681  998
681  1000
682  695
682  703
682  776
682  894
682  926
682  952
682  975
682  988
682  993
683  768
683  876
683  906
683  915
683  984
683  987
683  992
683  996
683  997
684  707
684  741
684  899
684  944
684  968
684  985
684  986
684  994
684  1000
685  735
685  965
685  967
685  975
685  976
685  992
685  994
685  996
686  727
686  738
686  789
686  792
686  970
686  989
686  998
686  999
687  710
687  719
687  802
687  835
687  916
687  958
687  961
687  995
688  689
688  731
688  759
688  808
688  871
688  892
688  921
688  935
688  979
689  759
689  783
689  871
689  879
689  921
689  935
689  996
690  743
690  811
690  884
690  893
690  910
690  916
691  796
691  804
691  843
691  857
691  868
691  936
691  972
691  979
691  990
691  999
692  729
692  758
692  802
692  844
692  860
692  875
692  884
692  943
693  760
693  791
693  829
693  910
693  958
693  995
694  704
694  831
694  840
694  886
694  920
694  925
694  959
694  966
695  772
695  777
695  890
695  922
695  957
695  988
695  993
696  754
696  863
696  892
696  934
696  940
696  956
696  962
696  971
696  981
697  824
697  842
697  855
697  858
697  882
697  907
697  926
697  942
698  799
698  820
698  836
698  869
698  877
698  887
698  895
698  909
698  976
698  977
698  978
699  710
699  800
699  877
699  901
699  938
699  985
699  994
699  998
700  789
700  826
700  847
700  916
700  928
700  961
700  989
701  727
701  733
701  776
701  789
701  847
701  889
701  989
701  993
702  742
702  821
702  823
702  838
702  878
703  825
703  896
703  952
703  963
703  974
703  977
703  983
703  988
703  993
704  806
704  812
704  973
705  723
705  735
705  795
705  880
705  907
705  920
705  945
705  992
705  996
705  997
706  828
706  851
706  872
706  899
706  938
706  948
706  986
706  998
706  1000
707  796
707  815
707  830
707  903
707  907
707  953
707  964
707  979
707  981
707  990
707  999
708  758
708  782
708  822
708  891
708  984
708  992
708  997
709  844
709  847
709  915
709  919
709  941
709  943
710  730
710  747
710  774
710  815
710  845
710  922
710  947
710  994
710  998
711  854
711  888
711  898
711  921
711  939
711  954
711  964
711  999
712  751
712  766
712  793
712  802
712  811
712  969
712  972
712  980
712  983
712  985
712  991
713  754
713  766
713  845
713  931
713  969
713  972
713  982
713  983
713  991
714  750
714  814
714  911
714  915
714  942
714  946
715  725
715  746
715  781
715  837
715  873
715  900
715  998
716  770
716  829
716  910
716  949
716  976
716  995
716  997
717  760
717  861
717  866
717  910
717  934
717  940
717  956
717  962
717  981
718  719
718  869
718  875
718  883
718  949
718  999
719  794
719  841
719  899
719  925
719  949
719  995
720  865
720  913
720  918
720  961
720  992
721  784
721  791
721  801
721  864
721  949
721  957
721  974
721  995
722  759
722  808
722  816
722  819
722  862
722  871
722  879
722  890
722  921
722  935
722  982
723  867
723  906
723  953
723  984
723  992
723  996
723  999
724  757
724  798
724  803
724  894
724  932
724  952
724  962
724  974
724  975
724  983
724  988
725  728
725  746
725  763
725  790
725  888
725  897
726  793
726  794
726  841
726  911
726  915
726  942
726  946
727  733
727  738
727  887
727  889
727  928
727  989
728  754
728  783
728  846
728  863
728  934
728  971
728  981
729  844
729  860
729  943
729  971
730  779
730  875
730  914
730  968
730  985
730  986
730  1000
731  777
731  798
731  803
731  878
731  963
731  974
731  975
731  988
731  991
731  993
732  748
732  781
732  851
732  856
732  922
732  955
732  981
732  992
732  994
732  998
732  1000
733  738
733  807
733  847
733  889
733  984
733  989
734  755
734  763
734  799
734  836
734  872
734  909
734  912
734  976
734  980
735  784
735  792
735  874
735  967
735  972
735  984
735  992
735  997
735  1000
736  771
736  787
736  797
736  813
736  827
736  832
736  881
736  923
736  987
737  768
737  784
737  967
737  984
737  993
737  997
738  792
738  807
738  847
738  889
738  895
738  927
738  928
738  988
738  989
738  993
739  765
739  812
739  841
739  885
739  886
739  893
739  920
739  938
739  944
739  966
740  750
740  832
740  865
740  918
740  927
740  950
740  951
740  959
740  961
740  973
740  994
741  866
741  898
741  899
741  914
741  924
741  955
741  985
741  994
741  998
741  1000
742  745
742  748
742  821
742  823
742  839
742  878
743  784
743  805
743  884
743  893
743  916
744  761
744  844
744  966
744  989
745  773
745  804
745  823
745  825
745  948
745  994
746  837
746  873
746  883
746  897
746  956
746  990
747  780
747  828
747  841
747  914
747  933
747  938
747  968
747  985
747  986
747  998
747  1000
748  823
748  878
748  1000
749  781
749  819
749  858
749  882
749  926
749  986
750  802
750  856
750  865
750  913
750  918
750  927
750  946
750  951
750  961
751  785
751  811
751  935
751  969
751  972
751  982
751  983
751  991
752  819
752  822
752  856
752  865
752  913
752  927
752  950
752  961
753  801
753  845
753  867
753  902
753  941
753  945
753  959
753  960
754  785
754  846
754  866
754  940
754  956
754  962
754  971
754  981
754  995
755  772
755  808
755  896
755  914
755  932
755  952
755  963
755  974
755  988
755  993
756  757
756  763
756  796
756  850
756  936
756  964
756  977
756  979
756  984
756  999
757  776
757  798
757  825
757  905
757  988
757  993
757  996
757  998
758  844
758  919
758  943
758  991
759  773
759  808
759  871
759  886
759  921
759  935
760  906
760  927
760  939
760  984
760  992
760  996
760  997
761  806
761  812
761  831
761  935
761  944
761  968
761  973
761  978
761  991
762  846
762  863
762  918
762  934
762  956
762  962
762  971
762  974
762  981
762  997
763  799
763  820
763  912
763  948
763  976
763  978
764  799
764  814
764  877
764  894
764  915
764  942
764  946
764  990
764  995
765  812
765  818
765  918
765  944
765  966
765  985
766  836
766  920
766  940
766  972
766  982
766  983
766  991
767  799
767  818
767  820
767  867
767  870
767  887
767  909
767  949
767  976
767  978
768  784
768  880
768  957
768  967
768  992
768  994
768  996
768  997
769  786
769  833
769  853
769  854
769  898
769  905
769  924
769  954
769  960
769  973
769  1000
770  829
770  831
770  875
770  958
770  995
771  832
771  852
771  881
771  908
771  917
771  998
772  803
772  860
772  865
772  894
772  896
772  958
772  975
772  988
772  993
773  795
773  835
773  977
774  788
774  816
774  834
774  838
774  850
774  899
774  937
774  980
775  848
775  864
775  885
775  889
775  927
775  929
775  965
775  970
776  835
776  840
776  896
776  988
776  993
777  798
777  817
777  840
777  843
777  863
777  894
777  932
777  974
777  975
777  988
777  993
778  796
778  857
778  933
778  979
778  990
778  999
779  801
779  902
779  959
779  983
780  793
780  833
780  880
780  931
780  972
780  982
780  983
780  991
781  837
781  897
781  997
782  805
782  850
782  906
782  984
782  987
782  997
783  928
783  931
783  940
783  956
783  959
783  962
783  971
784  880
784  891
784  904
784  967
784  976
784  987
784  992
784  993
785  800
785  861
785  863
785  934
785  940
785  956
785  962
785  981
785  995
786  848
786  936
786  939
786  954
786  973
786  988
787  832
787  852
787  876
787  881
787  979
787  986
788  848
788  885
788  937
788  965
788  967
788  974
788  980
789  826
789  895
789  928
789  964
789  968
789  969
789  989
790  816
790  839
790  849
790  855
790  864
790  868
790  900
790  980
790  996
791  819
791  829
791  841
791  869
791  888
791  949
791  995
792  807
792  826
792  895
792  989
793  892
793  931
793  969
793  982
793  983
793  986
793  991
794  855
794  869
794  875
794  899
794  947
794  958
794  995
795  804
795  844
795  919
795  943
796  804
796  849
796  862
796  897
796  936
796  977
796  979
796  992
796  999
797  832
797  876
797  881
797  916
797  971
797  990
797  1000
798  803
798  873
798  952
798  953
798  963
798  974
798  976
798  988
798  993
799  820
799  870
799  877
799  887
799  932
799  962
799  976
799  982
800  814
800  845
800  938
800  955
800  985
800  986
800  994
800  998
801  863
801  867
801  903
801  921
801  945
801  959
801  960
802  812
802  841
802  910
802  925
802  949
802  995
803  825
803  894
803  896
803  932
803  963
803  974
803  975
803  988
803  993
804  850
804  862
804  930
804  934
804  953
804  977
804  990
804  999
805  872
805  884
805  887
805  893
805  916
806  827
806  878
806  886
806  915
806  966
806  987
807  826
807  889
807  915
807  989
808  819
808  871
808  879
808  921
808  935
808  938
808  951
809  846
809  851
809  872
809  891
809  933
809  985
809  986
809  994
809  998
809  1000
810  824
810  848
810  882
810  926
811  931
811  942
811  952
811  969
811  972
811  983
811  991
812  880
812  932
813  876
813  881
813  895
813  914
813  915
813  917
813  972
813  988
814  911
814  915
814  942
814  946
814  958
815  936
815  953
815  964
815  977
815  979
815  990
815  994
815  999
816  834
816  864
816  900
816  916
816  932
816  942
816  963
816  965
816  980
817  825
817  890
817  896
817  932
817  949
817  952
817  963
817  993
818  870
818  877
818  909
818  912
818  976
819  864
819  871
819  879
819  911
819  921
819  935
820  870
820  877
820  909
820  912
820  950
820  976
820  978
820  997
821  823
821  992
822  865
822  895
822  913
822  927
822  950
822  951
822  961
822  986
823  878
823  937
823  963
824  842
824  882
824  926
825  840
825  890
825  904
825  936
825  974
825  975
825  988
825  993
826  901
826  928
826  989
826  992
826  997
827  873
827  886
827  920
827  944
827  966
828  865
828  922
828  933
828  955
828  986
828  994
828  998
828  1000
829  841
829  843
829  925
829  949
829  957
829  968
829  977
829  995
829  996
830  911
830  913
830  915
830  942
830  946
830  970
830  999
831  834
831  886
831  920
831  959
831  966
832  917
833  847
833  929
833  931
833  969
833  972
833  982
833  983
833  991
833  994
834  847
834  864
834  885
834  911
834  938
834  965
834  978
834  980
835  840
835  869
835  875
835  883
835  910
835  925
835  949
835  957
835  995
836  870
836  887
836  909
836  923
836  935
836  976
836  978
837  870
837  873
837  891
837  897
838  881
838  937
838  948
838  970
838  975
838  980
838  997
839  913
839  927
839  950
839  960
839  961
839  992
840  927
840  932
840  952
840  963
840  974
840  975
840  988
840  990
840  993
841  883
841  910
841  920
841  958
841  995
842  858
842  882
842  926
842  943
843  883
843  904
843  925
843  958
843  971
843  995
844  860
844  876
844  919
844  943
844  984
845  938
845  977
845  986
845  994
845  998
845  1000
846  863
846  866
846  872
846  874
846  897
846  940
846  956
846  971
846  981
847  888
847  889
847  895
847  898
847  911
847  928
847  989
848  900
848  948
848  970
848  980
848  998
849  885
849  939
849  948
849  965
849  970
849  971
849  980
850  868
850  930
850  936
850  977
850  990
850  999
851  947
851  955
851  982
851  985
851  986
851  993
851  994
851  998
852  908
852  942
853  902
853  905
853  924
853  939
853  954
853  967
853  973
853  1000
854  863
854  898
854  924
854  928
854  939
854  954
854  960
854  973
854  978
855  900
855  906
855  937
855  947
855  948
855  980
856  865
856  877
856  913
856  927
856  950
856  951
856  994
857  862
857  864
857  868
857  930
857  943
857  953
857  968
857  979
857  990
857  999
858  882
858  912
858  926
859  862
859  904
859  929
859  987
859  990
859  993
859  996
859  997
860  919
860  929
860  943
860  986
861  863
861  894
861  940
861  956
861  962
861  971
861  981
861  988
862  868
862  935
862  953
862  964
862  968
862  977
862  979
862  990
863  920
863  934
863  940
863  956
863  962
863  965
863  971
863  981
864  885
864  886
864  937
864  947
864  948
864  970
864  980
865  892
865  908
865  913
865  918
865  927
865  950
865  951
865  987
865  988
866  932
866  956
866  962
866  971
866  981
866  996
867  871
867  941
867  945
867  959
867  960
867  987
868  896
868  907
868  930
868  945
868  953
868  964
868  977
868  979
868  999
869  910
869  949
869  951
869  957
869  969
869  988
869  995
870  877
870  899
870  909
870  923
870  976
870  978
870  989
870  990
871  879
871  897
871  921
871  935
871  994
872  914
872  947
872  950
872  985
872  986
872  994
872  1000
873  897
873  915
873  961
874  880
874  929
874  945
874  982
874  984
874  992
874  993
874  996
874  997
875  910
875  948
875  957
875  958
875  995
876  881
876  905
876  908
876  926
876  975
877  910
877  923
877  976
877  978
878  967
879  921
879  935
879  995
879  1000
880  947
880  984
880  985
880  987
880  992
880  996
880  997
880  999
881  908
881  949
881  957
882  926
882  952
882  979
882  980
882  985
883  895
883  911
883  941
883  957
883  958
883  981
884  893
884  916
884  937
884  957
884  959
885  900
885  937
885  948
885  965
885  968
885  970
885  975
885  989
886  906
886  932
886  981
887  909
887  912
887  922
887  928
887  976
887  978
888  898
888  905
888  924
888  939
888  948
889  895
889  926
889  968
889  972
889  989
890  896
890  899
890  902
890  903
890  932
890  952
890  963
890  974
890  988
890  993
891  941
891  967
891  968
891  984
891  987
891  996
891  997
892  900
892  922
892  933
892  938
892  953
892  955
892  968
892  985
892  986
892  994
892  998
892  1000
893  916
893  938
893  980
894  932
894  952
894  963
894  975
894  977
895  928
895  955
895  958
895  973
895  989
896  928
896  932
896  941
896  963
896  965
896  969
896  982
896  988
896  993
897  982
897  990
898  905
898  924
898  939
898  954
898  973
898  996
899  901
899  920
899  933
899  947
899  950
899  955
899  968
899  994
899  998
899  1000
900  948
900  965
900  980
900  997
901  922
901  947
901  957
901  968
901  986
901  995
901  998
901  1000
902  903
902  938
902  941
902  945
902  947
902  959
902  960
902  966
902  986
902  992
903  941
903  945
903  959
903  960
903  969
904  906
904  929
904  945
904  967
904  984
904  988
904  992
904  996
904  997
905  917
905  924
905  939
905  954
905  973
905  994
906  929
906  967
906  987
906  992
906  997
907  964
907  977
907  979
907  990
907  999
909  912
909  962
909  978
909  982
909  991
910  943
910  958
910  974
910  995
911  915
911  942
911  946
911  954
912  923
912  976
912  978
912  981
912  986
913  918
913  927
913  951
913  961
913  962
913  970
913  998
914  921
914  933
914  946
914  947
914  955
914  986
914  994
914  998
914  1000
915  931
915  942
915  946
915  964
916  980
916  987
917  936
917  987
918  927
918  939
918  949
918  950
918  951
918  980
919  943
919  998
920  944
920  955
920  966
920  982
921  931
921  935
921  964
921  988
922  938
922  947
922  955
922  960
922  968
922  984
922  985
922  992
922  994
922  998
922  1000
923  933
923  944
923  946
923  956
923  978
923  983
924  939
924  954
924  966
924  973
924  982
924  989
925  949
925  957
925  958
925  992
925  995
926  940
927  950
927  951
927  956
927  961
927  967
928  979
928  989
928  992
929  951
929  967
929  984
929  987
929  992
929  996
929  998
930  964
930  977
930  979
930  984
930  990
930  999
931  950
931  969
931  972
931  982
931  983
931  991
931  999
932  953
932  963
932  974
932  975
932  988
932  993
933  938
933  955
933  958
933  986
933  994
933  998
933  1000
934  940
934  949
934  956
934  960
934  971
934  981
935  971
935  985
935  990
935  993
936  937
936  964
936  977
936  979
936  990
936  999
937  948
937  953
937  965
937  970
937  974
937  980
938  955
938  985
938  994
938  998
938  999
938  1000
939  947
939  954
939  973
939  977
940  943
940  956
940  971
940  975
940  981
940  999
941  945
941  959
941  960
941  999
942  946
942  952
942  980
943  987
944  966
944  984
945  959
945  960
945  993
946  965
946  990
946  991
946  993
947  963
947  965
947  968
947  985
947  986
947  994
947  1000
948  956
948  965
948  970
948  973
948  980
948  993
949  957
949  995
950  951
950  954
950  961
950  977
951  961
951  978
951  981
951  998
952  974
952  975
952  983
952  988
952  993
952  1000
953  964
953  979
953  980
953  987
953  990
953  999
954  973
954  977
954  992
954  995
955  962
955  976
955  983
955  986
955  994
955  998
955  1000
956  962
956  965
956  971
956  998
957  958
957  985
957  995
958  963
958  994
958  995
959  960
959  967
959  988
960  978
960  991
961  978
961  980
962  965
962  971
962  981
963  967
963  974
963  975
963  977
963  988
963  990
963  993
963  998
964  977
964  979
964  980
964  990
964  992
964  995
964  996
964  999
965  970
965  980
965  989
965  991
965  1000
966  971
966  983
966  992
967  972
967  984
967  987
967  992
967  996
967  997
968  985
968  986
968  990
968  992
968  994
968  1000
969  975
969  982
969  983
969  991
969  998
970  977
970  985
970  1000
971  981
972  982
972  983
972  991
972  994
973  986
974  975
974  976
974  979
974  984
974  993
974  999
975  984
975  985
975  988
975  993
975  997
976  978
976  985
976  999
977  990
977  999
979  982
979  985
979  990
980  999
981  985
982  983
982  991
982  996
983  991
983  992
984  987
984  988
984  992
984  996
985  986
985  998
985  1000
986  993
987  992
987  996
987  997
988  993
988  996
988  1000
989  991
990  991
990  999
991  993
991  997
991  1000
992  996
992  997
993  996
993  997
993  1000
994  998
994  1000
996  997
996  1000
998  1000
