1  21
1  174
1  234
1  581
1  791
1  801
1  856
1  939
1  972
2  184
2  384
2  531
2  579
2  710
2  888
2  913
2  982
2  991
3  165
3  326
3  392
3  453
3  674
3  750
3  991
3  995
3  999
4  153
4  399
4  496
4  849
4  854
4  940
4  956
4  973
4  984
5  136
5  186
5  348
5  401
5  535
5  780
5  797
5  916
5  988
6  141
6  505
6  582
6  589
6  874
6  945
6  967
6  969
6  989
7  77
7  182
7  369
7  427
7  646
7  653
7  833
7  872
7  975
8  31
8  333
8  371
8  703
8  707
8  714
8  948
8  988
8  994
9  32
9  241
9  565
9  572
9  955
9  983
9  986
9  987
9  1000
10  61
10  212
10  386
10  615
10  657
10  743
10  773
10  861
10  891
11  164
11  440
11  672
11  675
11  725
11  919
11  939
11  972
11  978
12  75
12  460
12  713
12  736
12  903
12  920
12  923
12  994
12  995
13  14
13  25
13  117
13  126
13  161
13  233
13  503
13  872
13  990
14  155
14  167
14  542
14  649
14  719
14  743
14  830
14  990
15  317
15  552
15  746
15  829
15  853
15  890
15  914
15  925
15  934
16  57
16  60
16  428
16  488
16  524
16  818
16  900
16  904
16  933
17  152
17  287
17  597
17  616
17  863
17  886
17  933
17  954
17  994
18  456
18  470
18  799
18  820
18  825
18  915
18  923
18  936
18  978
19  203
19  272
19  305
19  371
19  508
19  553
19  907
19  935
19  988
20  28
20  413
20  496
20  566
20  608
20  775
20  802
20  904
20  997
21  43
21  261
21  323
21  693
21  698
21  884
21  948
21  975
22  100
22  738
22  769
22  802
22  868
22  875
22  950
22  976
22  977
23  93
23  122
23  129
23  397
23  777
23  878
23  938
23  957
23  994
24  340
24  367
24  389
24  770
24  808
24  874
24  919
24  977
24  994
25  64
25  114
25  383
25  492
25  561
25  965
25  973
25  991
26  197
26  617
26  805
26  847
26  945
26  967
26  980
26  983
26  999
27  363
27  487
27  753
27  790
27  802
27  916
27  966
27  982
27  984
28  202
28  386
28  598
28  708
28  806
28  950
28  990
28  997
29  150
29  371
29  400
29  408
29  623
29  721
29  729
29  837
29  996
30  183
30  412
30  687
30  757
30  804
30  886
30  929
30  958
30  966
31  169
31  246
31  394
31  775
31  792
31  839
31  863
31  956
32  289
32  420
32  442
32  797
32  814
32  881
32  950
32  967
33  130
33  254
33  353
33  457
33  579
33  736
33  832
33  840
33  931
34  72
34  265
34  589
34  746
34  906
34  939
34  985
34  989
34  992
35  84
35  432
35  555
35  591
35  717
35  908
35  915
35  965
35  991
36  72
36  133
36  180
36  226
36  438
36  679
36  777
36  913
36  976
37  121
37  184
37  198
37  212
37  472
37  507
37  558
37  589
37  979
38  114
38  547
38  585
38  669
38  696
38  882
38  917
38  968
38  995
39  112
39  219
39  243
39  461
39  611
39  614
39  620
39  914
39  938
40  237
40  277
40  301
40  682
40  823
40  854
40  989
40  992
40  999
41  82
41  165
41  193
41  229
41  233
41  812
41  906
41  990
41  1000
42  503
42  509
42  550
42  590
42  704
42  884
42  948
42  995
42  998
43  185
43  382
43  492
43  733
43  788
43  903
43  991
43  994
44  93
44  303
44  325
44  377
44  487
44  694
44  739
44  800
44  905
45  110
45  273
45  402
45  529
45  787
45  808
45  941
45  954
45  980
46  628
46  642
46  646
46  802
46  929
46  950
46  957
46  971
46  992
47  352
47  490
47  732
47  765
47  839
47  901
47  927
47  937
47  953
48  69
48  270
48  332
48  380
48  587
48  594
48  657
48  777
48  860
49  731
49  740
49  823
49  858
49  889
49  920
49  931
49  972
49  984
50  64
50  412
50  664
50  683
50  827
50  916
50  921
50  955
50  993
51  371
51  589
51  668
51  708
51  871
51  923
51  952
51  970
51  987
52  142
52  271
52  715
52  787
52  795
52  813
52  828
52  900
52  934
53  63
53  223
53  652
53  733
53  765
53  766
53  820
53  837
53  954
54  163
54  443
54  491
54  752
54  843
54  847
54  975
54  995
54  998
55  257
55  530
55  562
55  624
55  693
55  738
55  785
55  867
55  993
56  68
56  73
56  364
56  895
56  909
56  956
56  959
56  977
56  987
57  167
57  408
57  472
57  722
57  738
57  810
57  921
57  995
58  89
58  194
58  493
58  513
58  858
58  959
58  989
58  991
58  992
59  157
59  309
59  317
59  433
59  686
59  702
59  844
59  846
59  936
60  245
60  282
60  556
60  703
60  747
60  756
60  904
60  997
61  155
61  348
61  383
61  650
61  780
61  798
61  815
61  842
62  308
62  435
62  477
62  502
62  643
62  716
62  790
62  827
62  956
63  90
63  367
63  652
63  672
63  877
63  966
63  973
63  990
64  120
64  576
64  676
64  728
64  937
64  960
64  961
65  136
65  159
65  163
65  467
65  475
65  674
65  677
65  734
65  995
66  100
66  345
66  392
66  413
66  591
66  645
66  660
66  788
66  802
67  92
67  263
67  811
67  861
67  901
67  952
67  955
67  987
67  994
68  440
68  563
68  575
68  732
68  780
68  856
68  909
68  940
69  295
69  420
69  452
69  510
69  671
69  781
69  811
69  984
70  344
70  364
70  569
70  584
70  660
70  778
70  935
70  952
70  986
71  149
71  317
71  320
71  489
71  510
71  525
71  591
71  868
71  936
72  502
72  600
72  768
72  835
72  869
72  922
72  977
73  100
73  293
73  325
73  384
73  553
73  881
73  911
73  958
74  135
74  441
74  498
74  528
74  587
74  801
74  804
74  907
74  974
75  297
75  514
75  575
75  583
75  625
75  629
75  647
75  935
76  83
76  103
76  408
76  471
76  641
76  771
76  805
76  872
76  975
77  171
77  565
77  586
77  805
77  847
77  912
77  923
77  975
78  190
78  292
78  293
78  407
78  522
78  573
78  595
78  597
78  851
79  167
79  208
79  218
79  389
79  508
79  528
79  554
79  849
79  940
80  180
80  204
80  404
80  588
80  619
80  661
80  833
80  958
80  976
81  420
81  589
81  795
81  828
81  930
81  948
81  982
81  987
81  997
82  306
82  381
82  616
82  684
82  702
82  944
82  950
82  967
83  281
83  550
83  650
83  655
83  738
83  830
83  896
83  983
84  367
84  387
84  435
84  603
84  819
84  865
84  928
84  992
85  258
85  288
85  292
85  623
85  685
85  939
85  949
85  975
85  993
86  95
86  199
86  450
86  482
86  696
86  819
86  855
86  880
86  968
87  123
87  484
87  495
87  508
87  675
87  792
87  920
87  962
87  990
88  461
88  492
88  501
88  654
88  872
88  905
88  958
88  966
88  993
89  339
89  406
89  466
89  537
89  588
89  778
89  942
89  985
90  197
90  476
90  531
90  553
90  865
90  924
90  947
90  964
91  609
91  626
91  789
91  844
91  883
91  888
91  897
91  919
91  970
92  224
92  486
92  710
92  712
92  801
92  927
92  976
92  992
93  268
93  473
93  807
93  877
93  910
93  986
93  999
94  108
94  241
94  387
94  519
94  869
94  924
94  927
94  971
94  1000
95  273
95  412
95  503
95  540
95  703
95  775
95  911
95  987
96  275
96  535
96  554
96  698
96  769
96  785
96  869
96  943
96  993
97  386
97  406
97  459
97  666
97  840
97  874
97  918
97  967
97  997
98  300
98  411
98  738
98  802
98  833
98  865
98  897
98  950
98  979
99  315
99  317
99  352
99  383
99  526
99  934
99  976
99  982
99  1000
100  625
100  683
100  950
100  957
100  970
100  994
101  149
101  258
101  340
101  413
101  789
101  814
101  838
101  844
101  934
102  227
102  271
102  376
102  434
102  604
102  657
102  732
102  765
102  953
103  227
103  422
103  576
103  689
103  732
103  735
103  791
103  841
104  353
104  578
104  636
104  710
104  741
104  775
104  821
104  922
104  985
105  308
105  654
105  707
105  755
105  830
105  834
105  970
105  988
105  999
106  320
106  557
106  805
106  872
106  883
106  901
106  949
106  975
106  986
107  417
107  758
107  824
107  860
107  892
107  902
107  931
107  944
107  963
108  258
108  519
108  525
108  534
108  867
108  939
108  959
108  992
109  141
109  211
109  229
109  371
109  722
109  765
109  784
109  959
109  990
110  449
110  452
110  655
110  675
110  817
110  857
110  916
110  937
111  462
111  513
111  537
111  657
111  706
111  855
111  867
111  948
111  998
112  447
112  584
112  633
112  776
112  836
112  852
112  997
112  1000
113  257
113  334
113  349
113  810
113  887
113  894
113  940
113  972
113  992
114  135
114  358
114  573
114  746
114  749
114  996
114  1000
115  180
115  240
115  372
115  465
115  707
115  750
115  878
115  942
115  990
116  310
116  356
116  708
116  817
116  846
116  885
116  923
116  952
116  1000
117  525
117  563
117  635
117  827
117  842
117  845
117  930
117  978
118  395
118  598
118  794
118  878
118  926
118  954
118  981
118  989
118  996
119  576
119  703
119  850
119  865
119  873
119  964
119  982
119  983
119  984
120  192
120  251
120  413
120  440
120  706
120  887
120  889
120  977
121  463
121  641
121  768
121  779
121  787
121  894
121  895
121  989
122  163
122  259
122  473
122  512
122  607
122  670
122  942
122  962
123  322
123  542
123  544
123  880
123  924
123  944
123  974
123  994
124  397
124  562
124  685
124  756
124  845
124  915
124  951
124  952
124  998
125  220
125  392
125  621
125  638
125  660
125  812
125  899
125  965
125  993
126  283
126  293
126  414
126  458
126  561
126  887
126  920
126  934
127  281
127  283
127  405
127  661
127  690
127  697
127  788
127  854
127  965
128  301
128  361
128  374
128  497
128  601
128  770
128  831
128  909
128  985
129  327
129  400
129  489
129  599
129  707
129  728
129  847
129  1000
130  462
130  471
130  738
130  793
130  818
130  947
130  981
130  997
131  201
131  394
131  723
131  742
131  812
131  885
131  973
131  977
131  993
132  162
132  749
132  773
132  823
132  887
132  957
132  963
132  995
132  998
133  146
133  222
133  246
133  311
133  511
133  615
133  763
133  948
134  251
134  340
134  435
134  566
134  627
134  699
134  741
134  850
134  887
135  301
135  304
135  429
135  489
135  662
135  860
135  1000
136  159
136  214
136  748
136  798
136  884
136  978
136  1000
137  339
137  583
137  820
137  840
137  877
137  887
137  935
137  944
137  974
138  178
138  196
138  393
138  496
138  662
138  663
138  801
138  897
138  906
139  284
139  355
139  409
139  587
139  718
139  819
139  851
139  930
139  968
140  159
140  183
140  359
140  443
140  580
140  600
140  779
140  962
140  974
141  213
141  724
141  849
141  880
141  977
141  985
141  999
142  254
142  384
142  723
142  760
142  831
142  949
142  960
142  987
143  247
143  791
143  935
143  963
143  969
143  983
143  993
143  995
143  999
144  393
144  654
144  674
144  860
144  892
144  918
144  931
144  945
144  980
145  191
145  352
145  545
145  715
145  818
145  835
145  862
145  907
145  980
146  426
146  646
146  871
146  913
146  951
146  956
146  965
146  991
147  314
147  429
147  527
147  768
147  944
147  971
147  977
147  980
147  994
148  363
148  685
148  701
148  728
148  915
148  935
148  940
148  952
148  957
149  267
149  438
149  475
149  476
149  574
149  934
149  986
150  224
150  687
150  699
150  864
150  918
150  958
150  966
150  970
151  417
151  448
151  616
151  664
151  695
151  756
151  781
151  866
151  961
152  373
152  550
152  621
152  772
152  784
152  851
152  929
152  931
153  160
153  187
153  506
153  511
153  646
153  725
153  784
153  982
154  458
154  656
154  661
154  790
154  819
154  839
154  848
154  882
154  968
155  286
155  576
155  709
155  810
155  823
155  874
155  972
156  281
156  314
156  330
156  392
156  442
156  456
156  806
156  995
156  998
157  166
157  186
157  368
157  581
157  849
157  863
157  965
157  999
158  611
158  620
158  746
158  811
158  871
158  878
158  926
158  961
158  966
159  641
159  784
159  807
159  846
159  905
159  979
160  284
160  385
160  400
160  509
160  782
160  803
160  937
160  1000
161  291
161  373
161  394
161  637
161  744
161  839
161  886
161  910
162  293
162  379
162  504
162  615
162  793
162  915
162  952
162  967
163  191
163  514
163  788
163  897
163  902
163  930
164  307
164  588
164  659
164  774
164  930
164  978
164  990
164  1000
165  495
165  552
165  610
165  647
165  650
165  845
165  855
166  543
166  732
166  747
166  834
166  841
166  855
166  861
166  953
167  411
167  848
167  849
167  909
167  974
167  976
168  517
168  570
168  579
168  582
168  693
168  796
168  881
168  898
168  975
169  495
169  597
169  652
169  744
169  783
169  792
169  919
169  968
170  227
170  696
170  739
170  756
170  788
170  923
170  935
170  943
170  952
171  181
171  663
171  708
171  800
171  869
171  965
171  969
171  984
172  257
172  370
172  487
172  624
172  761
172  773
172  941
172  976
172  998
173  381
173  509
173  759
173  874
173  899
173  934
173  936
173  986
173  996
174  295
174  392
174  433
174  693
174  771
174  880
174  930
174  975
175  297
175  513
175  745
175  753
175  786
175  791
175  795
175  910
175  997
176  298
176  553
176  714
176  801
176  815
176  866
176  901
176  955
176  1000
177  499
177  541
177  552
177  607
177  755
177  970
177  974
177  982
177  986
178  601
178  684
178  832
178  838
178  868
178  919
178  929
178  934
179  486
179  729
179  736
179  813
179  937
179  953
179  971
179  983
179  986
180  699
180  874
180  969
180  975
180  983
180  994
181  286
181  355
181  671
181  855
181  876
181  913
181  968
181  972
182  218
182  256
182  560
182  583
182  680
182  735
182  914
182  947
183  565
183  726
183  740
183  828
183  830
183  945
183  999
184  269
184  553
184  632
184  705
184  955
184  976
184  984
185  244
185  435
185  554
185  561
185  912
185  916
185  965
185  998
186  207
186  316
186  475
186  640
186  743
186  967
186  983
187  420
187  452
187  538
187  705
187  777
187  839
187  840
187  871
188  212
188  229
188  247
188  358
188  547
188  574
188  819
188  968
188  970
189  483
189  751
189  753
189  780
189  910
189  941
189  967
189  995
189  998
190  473
190  538
190  597
190  761
190  779
190  955
190  997
190  999
191  397
191  474
191  558
191  857
191  927
191  986
191  1000
192  314
192  437
192  506
192  566
192  598
192  802
192  960
192  997
193  373
193  393
193  516
193  781
193  823
193  834
193  859
193  926
194  276
194  436
194  534
194  637
194  682
194  692
194  989
194  992
195  219
195  406
195  467
195  640
195  784
195  848
195  849
195  940
195  954
196  294
196  357
196  443
196  498
196  640
196  857
196  942
196  974
197  488
197  663
197  718
197  928
197  965
197  991
197  1000
198  404
198  408
198  829
198  895
198  918
198  962
198  966
198  978
199  390
199  515
199  690
199  808
199  833
199  980
199  988
199  994
200  280
200  555
200  745
200  852
200  931
200  933
200  963
200  964
200  999
201  205
201  240
201  481
201  600
201  867
201  949
201  974
201  993
202  253
202  516
202  649
202  862
202  913
202  954
202  981
202  999
203  253
203  656
203  712
203  714
203  949
203  977
203  980
203  994
204  261
204  472
204  654
204  867
204  948
204  976
204  979
204  988
205  290
205  385
205  725
205  769
205  801
205  957
205  968
205  993
206  393
206  406
206  426
206  634
206  647
206  650
206  659
206  794
206  837
207  529
207  704
207  787
207  789
207  826
207  843
207  907
207  980
208  215
208  248
208  427
208  461
208  471
208  515
208  653
208  975
209  279
209  526
209  703
209  759
209  766
209  899
209  943
209  972
209  1000
210  250
210  457
210  549
210  704
210  775
210  789
210  826
210  886
210  998
211  322
211  414
211  518
211  572
211  658
211  903
211  917
211  931
212  573
212  590
212  845
212  855
212  881
212  990
213  252
213  382
213  469
213  657
213  686
213  868
213  874
213  999
214  292
214  411
214  689
214  841
214  861
214  919
214  953
214  998
215  644
215  725
215  908
215  957
215  964
215  977
215  988
215  994
216  374
216  711
216  803
216  822
216  842
216  948
216  959
216  985
216  989
216  992
217  338
217  412
217  810
217  834
217  870
217  885
217  887
217  977
217  994
217  995
218  395
218  440
218  508
218  679
218  881
218  932
218  940
218  953
219  384
219  828
219  832
219  857
219  950
219  960
219  971
219  981
220  288
220  423
220  506
220  832
220  861
220  867
220  949
220  993
220  995
221  300
221  480
221  488
221  675
221  738
221  786
221  875
221  894
221  950
221  983
222  274
222  338
222  409
222  511
222  688
222  690
222  723
222  884
222  999
223  243
223  364
223  451
223  502
223  553
223  792
223  956
223  986
223  991
224  345
224  578
224  833
224  865
224  941
224  957
224  995
224  998
225  437
225  491
225  627
225  639
225  659
225  698
225  701
225  725
225  995
225  1000
226  247
226  414
226  631
226  878
226  890
226  906
226  934
226  979
226  995
227  431
227  581
227  621
227  689
227  761
227  953
227  960
228  359
228  455
228  464
228  594
228  714
228  766
228  882
228  946
228  983
228  997
229  638
229  834
229  844
229  845
229  962
229  979
229  990
230  423
230  563
230  586
230  590
230  723
230  790
230  843
230  903
230  965
230  986
231  330
231  422
231  445
231  550
231  665
231  785
231  788
231  863
231  914
231  922
232  281
232  404
232  652
232  711
232  724
232  843
232  971
232  977
232  980
232  994
233  385
233  447
233  510
233  539
233  792
233  796
233  818
233  846
234  436
234  494
234  618
234  623
234  776
234  867
234  937
234  949
234  993
235  356
235  658
235  667
235  685
235  725
235  829
235  846
235  876
235  925
235  947
236  500
236  527
236  546
236  617
236  691
236  736
236  764
236  967
236  969
236  986
237  403
237  520
237  607
237  692
237  857
237  919
237  953
237  986
237  992
238  437
238  647
238  752
238  841
238  890
238  905
238  906
238  920
238  940
238  981
239  378
239  430
239  790
239  809
239  859
239  883
239  896
239  929
239  958
239  966
240  291
240  519
240  753
240  895
240  943
240  946
240  972
240  995
241  298
241  610
241  695
241  774
241  829
241  860
241  926
241  946
242  423
242  477
242  602
242  822
242  894
242  919
242  937
242  985
242  989
242  992
243  261
243  421
243  543
243  800
243  876
243  980
243  984
243  991
244  265
244  564
244  659
244  686
244  782
244  951
244  976
244  983
244  999
245  303
245  499
245  601
245  743
245  747
245  798
245  840
245  944
245  987
246  427
246  541
246  693
246  788
246  819
246  826
246  895
246  903
247  258
247  426
247  852
247  873
247  945
247  983
247  999
248  256
248  475
248  545
248  564
248  648
248  796
248  803
248  957
248  977
249  446
249  453
249  804
249  831
249  855
249  912
249  932
249  957
249  989
249  998
250  417
250  627
250  737
250  744
250  807
250  959
250  985
250  989
250  992
251  307
251  417
251  627
251  766
251  826
251  910
251  926
251  972
252  416
252  431
252  671
252  696
252  718
252  819
252  845
252  968
252  978
253  403
253  512
253  547
253  803
253  808
253  818
253  835
253  981
254  387
254  558
254  655
254  783
254  800
254  987
254  995
254  997
255  313
255  534
255  614
255  687
255  829
255  855
255  929
255  958
255  966
255  967
256  466
256  491
256  625
256  802
256  844
256  875
256  950
256  962
257  533
257  590
257  684
257  762
257  896
257  932
257  957
258  333
258  584
258  849
258  880
258  951
258  999
259  400
259  513
259  579
259  601
259  661
259  888
259  928
259  956
259  984
260  348
260  433
260  512
260  542
260  794
260  874
260  907
260  908
260  954
260  964
261  322
261  430
261  448
261  742
261  940
261  961
261  963
262  436
262  517
262  519
262  740
262  803
262  887
262  896
262  946
262  966
262  979
263  314
263  784
263  916
263  923
263  937
263  940
263  966
263  978
263  996
264  347
264  701
264  747
264  754
264  762
264  822
264  921
264  925
264  947
264  991
265  422
265  428
265  770
265  826
265  842
265  930
265  951
265  971
266  308
266  474
266  604
266  649
266  806
266  809
266  911
266  931
266  941
266  995
267  364
267  442
267  686
267  736
267  742
267  859
267  880
267  969
267  999
268  503
268  604
268  630
268  766
268  888
268  910
268  918
268  932
268  998
269  304
269  413
269  488
269  643
269  651
269  903
269  973
269  982
269  988
270  354
270  473
270  483
270  582
270  699
270  815
270  831
270  881
270  922
271  306
271  420
271  540
271  696
271  776
271  794
271  828
271  891
272  487
272  626
272  689
272  877
272  924
272  942
272  970
272  981
272  1000
273  506
273  516
273  585
273  732
273  747
273  854
273  923
273  997
274  279
274  519
274  609
274  651
274  669
274  709
274  859
274  861
274  996
275  375
275  633
275  664
275  681
275  782
275  911
275  945
275  983
275  999
276  320
276  352
276  361
276  363
276  472
276  485
276  643
276  841
276  953
277  638
277  739
277  863
277  879
277  886
277  902
277  932
277  969
277  992
278  335
278  389
278  727
278  747
278  754
278  783
278  894
278  922
278  970
278  997
279  450
279  540
279  714
279  810
279  932
279  946
279  957
279  977
280  615
280  658
280  708
280  726
280  774
280  843
280  929
280  931
280  991
281  433
281  551
281  613
281  769
281  880
281  900
282  295
282  320
282  538
282  702
282  726
282  796
282  838
282  844
282  936
283  451
283  558
283  575
283  641
283  699
283  845
283  890
283  946
284  481
284  483
284  507
284  566
284  960
284  964
284  983
284  987
285  485
285  736
285  866
285  922
285  928
285  930
285  937
285  941
285  955
285  993
286  341
286  358
286  855
286  882
286  895
286  958
286  968
286  983
287  389
287  402
287  530
287  571
287  582
287  665
287  839
287  879
287  924
288  325
288  481
288  526
288  723
288  764
288  949
288  982
288  993
289  430
289  479
289  620
289  683
289  688
289  695
289  843
289  917
289  985
290  354
290  538
290  562
290  725
290  734
290  785
290  933
290  949
290  993
291  550
291  567
291  590
291  783
291  850
291  858
291  943
291  972
292  330
292  605
292  638
292  703
292  815
292  978
292  994
293  378
293  641
293  817
293  895
293  943
293  980
294  546
294  596
294  698
294  773
294  786
294  789
294  799
294  847
294  968
295  311
295  313
295  635
295  655
295  927
295  950
295  955
296  319
296  397
296  493
296  528
296  596
296  701
296  726
296  805
296  931
296  961
297  453
297  489
297  647
297  780
297  798
297  837
297  895
297  916
298  404
298  635
298  688
298  731
298  750
298  878
298  920
298  986
299  643
299  678
299  712
299  852
299  892
299  959
299  965
299  989
299  991
299  992
300  425
300  545
300  628
300  671
300  804
300  863
300  887
300  937
301  843
301  968
301  978
301  985
301  986
301  989
301  992
302  395
302  613
302  644
302  799
302  900
302  918
302  926
302  942
302  956
302  961
303  338
303  465
303  487
303  643
303  695
303  771
303  884
303  956
304  473
304  602
304  729
304  739
304  752
304  903
304  927
304  978
305  421
305  664
305  870
305  926
305  941
305  964
305  976
305  980
305  995
306  407
306  560
306  695
306  913
306  976
306  988
306  990
306  994
307  524
307  563
307  606
307  895
307  955
307  996
307  998
307  1000
308  390
308  416
308  455
308  654
308  846
308  913
308  988
309  476
309  501
309  611
309  623
309  755
309  759
309  844
309  868
309  958
310  380
310  450
310  458
310  508
310  671
310  882
310  963
310  965
310  968
311  553
311  622
311  652
311  855
311  862
311  875
311  908
311  984
312  458
312  666
312  671
312  795
312  871
312  915
312  923
312  935
312  952
312  966
313  524
313  778
313  783
313  834
313  884
313  908
313  937
313  1000
314  425
314  521
314  678
314  734
314  941
314  986
315  539
315  560
315  695
315  732
315  759
315  838
315  841
315  868
315  934
316  526
316  604
316  623
316  659
316  674
316  865
316  882
316  910
316  957
317  404
317  542
317  904
317  934
317  936
317  942
318  460
318  503
318  599
318  666
318  767
318  830
318  890
318  941
318  987
318  995
319  569
319  620
319  677
319  829
319  923
319  925
319  926
319  938
319  963
320  568
320  601
320  856
320  911
320  918
320  936
321  532
321  557
321  581
321  677
321  733
321  771
321  775
321  912
321  975
321  983
322  468
322  836
322  851
322  859
322  960
322  963
322  971
323  653
323  654
323  756
323  764
323  771
323  804
323  845
323  872
323  975
324  386
324  444
324  456
324  491
324  669
324  795
324  821
324  822
324  904
324  997
325  391
325  647
325  811
325  824
325  829
325  935
325  979
326  679
326  723
326  730
326  804
326  858
326  867
326  883
326  949
326  993
327  550
327  744
327  773
327  777
327  792
327  886
327  952
327  961
327  968
328  374
328  405
328  613
328  750
328  803
328  900
328  918
328  951
328  967
328  999
329  391
329  680
329  711
329  821
329  892
329  922
329  928
329  950
329  956
329  987
330  396
330  538
330  638
330  649
330  773
330  792
330  960
331  362
331  439
331  576
331  760
331  850
331  908
331  943
331  946
331  972
331  999
332  382
332  405
332  690
332  698
332  793
332  914
332  965
332  973
332  984
333  610
333  718
333  727
333  776
333  787
333  907
333  954
333  964
334  437
334  455
334  500
334  721
334  810
334  837
334  850
334  946
334  989
335  347
335  477
335  489
335  651
335  687
335  823
335  926
335  946
335  972
336  407
336  545
336  618
336  649
336  683
336  803
336  804
336  875
336  949
336  986
337  749
337  758
337  779
337  792
337  884
337  889
337  901
337  929
337  949
337  978
338  409
338  559
338  838
338  873
338  978
338  980
338  984
339  362
339  567
339  667
339  783
339  811
339  883
339  902
339  976
340  705
340  752
340  904
340  976
340  977
340  980
340  994
341  583
341  695
341  697
341  717
341  766
341  906
341  968
341  975
341  979
342  402
342  485
342  486
342  510
342  689
342  765
342  815
342  953
342  954
342  989
343  400
343  467
343  541
343  549
343  682
343  704
343  731
343  878
343  970
343  986
344  470
344  496
344  832
344  871
344  881
344  915
344  923
344  961
344  997
345  474
345  648
345  672
345  683
345  804
345  832
345  943
345  950
346  472
346  587
346  609
346  878
346  919
346  931
346  939
346  959
346  985
346  992
347  402
347  592
347  765
347  841
347  861
347  903
347  908
347  953
348  439
348  589
348  703
348  752
348  949
348  978
348  1000
349  500
349  882
349  896
349  905
349  929
349  958
349  961
349  970
349  973
350  398
350  430
350  547
350  716
350  869
350  909
350  911
350  940
350  973
350  984
351  379
351  504
351  727
351  762
351  782
351  891
351  898
351  983
351  989
351  992
352  411
352  485
352  609
352  862
352  921
352  953
353  358
353  554
353  720
353  742
353  853
353  859
353  937
353  993
354  361
354  510
354  616
354  672
354  739
354  809
354  815
354  882
355  362
355  430
355  636
355  783
355  791
355  855
355  968
355  974
356  364
356  566
356  584
356  645
356  871
356  935
356  967
356  975
357  562
357  608
357  714
357  731
357  760
357  867
357  899
357  993
357  995
358  458
358  498
358  694
358  835
358  882
358  968
359  396
359  429
359  444
359  714
359  800
359  937
359  943
359  972
360  496
360  674
360  737
360  780
360  913
360  964
360  977
360  988
360  994
360  998
361  406
361  536
361  597
361  777
361  851
361  863
361  917
362  382
362  630
362  686
362  693
362  810
362  967
362  999
363  543
363  841
363  861
363  953
363  958
363  993
363  999
364  470
364  492
364  693
364  952
364  999
365  375
365  515
365  670
365  693
365  732
365  788
365  840
365  912
365  954
365  975
366  367
366  569
366  782
366  866
366  879
366  927
366  962
366  978
366  984
366  1000
367  421
367  736
367  783
367  790
367  854
367  903
367  991
368  378
368  403
368  424
368  527
368  610
368  660
368  881
368  967
368  969
368  999
369  398
369  452
369  752
369  789
369  883
369  910
369  975
369  987
369  995
369  1000
370  693
370  704
370  763
370  824
370  829
370  910
370  914
370  925
370  947
370  1000
371  602
371  729
371  896
371  937
371  956
371  1000
372  417
372  478
372  737
372  778
372  857
372  915
372  944
372  950
372  974
372  991
373  406
373  441
373  473
373  519
373  739
373  744
373  772
373  793
374  566
374  712
374  896
374  930
374  940
374  943
374  985
374  992
375  536
375  580
375  582
375  586
375  726
375  823
375  912
375  950
375  975
376  495
376  621
376  648
376  732
376  765
376  861
376  909
376  941
376  953
376  972
377  510
377  569
377  767
377  786
377  934
377  956
377  961
377  963
377  973
377  984
378  480
378  559
378  864
378  905
378  929
378  958
378  978
378  990
379  454
379  588
379  626
379  644
379  779
379  836
379  856
379  931
379  975
380  550
380  635
380  725
380  772
380  777
380  815
380  863
380  903
380  993
381  501
381  626
381  684
381  759
381  803
381  838
381  910
381  922
381  936
382  628
382  674
382  797
382  798
382  951
382  954
382  999
383  422
383  573
383  593
383  736
383  751
383  770
383  951
383  996
384  747
384  754
384  888
384  924
384  952
384  981
384  997
385  468
385  528
385  594
385  816
385  891
385  930
385  955
385  1000
386  458
386  830
386  886
386  893
386  946
386  974
386  981
387  509
387  866
387  901
387  918
387  925
387  989
387  991
387  996
388  436
388  441
388  484
388  490
388  512
388  639
388  731
388  840
388  871
388  884
388  1000
389  447
389  761
389  846
389  897
389  969
389  979
389  990
390  433
390  441
390  707
390  751
390  824
390  893
390  915
390  942
390  980
391  612
391  683
391  817
391  920
391  951
391  962
391  979
391  990
391  991
392  449
392  551
392  806
392  972
392  975
392  995
393  682
393  726
393  748
393  805
393  892
393  938
393  963
394  593
394  739
394  763
394  815
394  839
394  867
394  912
394  997
395  433
395  745
395  754
395  794
395  795
395  981
395  982
395  992
396  784
396  809
396  830
396  853
396  911
396  945
396  967
396  969
396  999
397  422
397  496
397  544
397  634
397  654
397  942
397  986
398  668
398  762
398  789
398  806
398  847
398  867
398  967
398  990
398  998
399  430
399  448
399  479
399  516
399  678
399  866
399  918
399  963
399  968
399  991
400  468
400  653
400  842
400  945
400  999
400  1000
401  410
401  445
401  512
401  527
401  837
401  894
401  984
401  987
401  996
401  998
402  534
402  621
402  689
402  705
402  897
402  946
402  953
403  536
403  612
403  729
403  862
403  884
403  955
403  996
403  1000
404  480
404  536
404  621
404  818
404  960
404  988
405  622
405  647
405  765
405  794
405  888
405  944
405  982
405  994
406  553
406  795
406  948
406  960
406  987
407  468
407  651
407  874
407  907
407  913
407  954
407  970
407  980
408  440
408  575
408  616
408  691
408  806
408  909
408  956
409  561
409  586
409  675
409  865
409  961
409  968
409  973
409  982
410  490
410  745
410  800
410  845
410  857
410  866
410  923
410  971
410  975
410  1000
411  462
411  539
411  686
411  841
411  861
411  945
411  953
412  689
412  745
412  834
412  976
412  980
412  988
412  994
413  642
413  738
413  802
413  932
413  938
413  950
414  532
414  572
414  625
414  713
414  719
414  793
414  894
414  953
415  518
415  657
415  726
415  840
415  868
415  904
415  935
415  961
415  980
415  987
415  997
416  743
416  755
416  805
416  832
416  904
416  933
416  960
416  969
416  997
417  644
417  739
417  799
417  859
417  926
417  996
418  456
418  485
418  758
418  806
418  853
418  899
418  911
418  949
418  965
418  993
418  996
419  484
419  513
419  753
419  821
419  836
419  922
419  925
419  949
419  960
419  967
419  981
420  428
420  638
420  742
420  851
420  865
420  886
421  428
421  789
421  864
421  956
421  964
421  984
421  991
421  995
422  744
422  798
422  851
422  901
422  955
422  971
423  537
423  755
423  892
423  898
423  962
423  985
423  989
423  992
424  451
424  521
424  533
424  572
424  600
424  664
424  735
424  796
424  910
424  929
425  504
425  556
425  600
425  687
425  761
425  773
425  957
425  995
425  998
426  455
426  525
426  630
426  743
426  854
426  904
426  982
426  997
427  515
427  579
427  602
427  681
427  912
427  926
427  975
427  978
428  622
428  629
428  632
428  694
428  973
428  979
428  987
429  505
429  749
429  770
429  780
429  879
429  883
429  955
429  977
430  459
430  483
430  655
430  680
430  961
431  665
431  678
431  701
431  809
431  822
431  921
431  925
431  947
431  997
432  467
432  534
432  598
432  720
432  814
432  825
432  967
432  969
432  983
432  999
433  535
433  951
433  969
433  993
433  999
434  480
434  667
434  676
434  680
434  754
434  832
434  894
434  933
434  948
434  959
435  505
435  569
435  575
435  690
435  708
435  888
435  911
436  576
436  650
436  651
436  759
436  816
436  887
436  924
437  596
437  677
437  698
437  752
437  824
437  912
437  932
438  504
438  513
438  523
438  878
438  908
438  913
438  976
438  980
438  985
439  470
439  738
439  907
439  916
439  924
439  976
439  977
439  988
439  994
440  781
440  824
440  895
440  940
440  955
440  984
441  626
441  659
441  692
441  877
441  878
441  921
441  955
442  606
442  609
442  640
442  854
442  969
442  976
442  983
442  999
443  452
443  635
443  755
443  780
443  837
443  866
443  927
443  937
444  475
444  607
444  709
444  816
444  887
444  892
444  943
444  978
444  996
445  522
445  638
445  723
445  815
445  816
445  863
445  879
445  896
445  973
446  478
446  715
446  761
446  874
446  933
446  957
446  991
446  995
446  998
446  999
447  669
447  718
447  726
447  797
447  881
447  915
447  940
447  979
448  642
448  651
448  769
448  826
448  856
448  860
448  881
448  998
449  512
449  676
449  693
449  697
449  783
449  819
449  862
449  978
449  990
450  507
450  547
450  574
450  837
450  855
450  899
450  947
450  968
451  456
451  720
451  853
451  949
451  973
451  979
451  993
451  996
452  748
452  772
452  777
452  879
452  916
452  960
453  514
453  664
453  677
453  681
453  752
453  786
453  887
453  998
454  490
454  638
454  663
454  752
454  801
454  859
454  866
454  885
454  971
454  978
455  535
455  714
455  729
455  889
455  943
455  946
455  999
456  769
456  785
456  830
456  958
456  981
456  993
457  463
457  599
457  795
457  844
457  847
457  889
457  941
457  954
457  998
458  598
458  656
458  671
458  783
458  968
459  521
459  592
459  663
459  718
459  725
459  811
459  859
459  963
459  980
460  729
460  779
460  810
460  818
460  820
460  833
460  846
460  895
460  979
461  627
461  687
461  722
461  735
461  760
461  844
461  905
461  966
462  575
462  634
462  774
462  783
462  902
462  969
462  981
462  992
463  549
463  672
463  714
463  726
463  852
463  904
463  917
463  918
463  963
464  524
464  611
464  650
464  670
464  824
464  897
464  902
464  924
464  944
464  970
465  544
465  678
465  692
465  696
465  724
465  811
465  902
465  915
465  974
466  547
466  602
466  884
466  937
466  967
466  971
466  973
466  996
466  998
467  677
467  852
467  906
467  909
467  962
467  979
467  990
468  643
468  672
468  714
468  801
468  945
468  990
468  996
469  580
469  630
469  693
469  771
469  805
469  872
469  960
469  975
469  979
469  984
469  992
470  661
470  728
470  793
470  798
470  935
470  952
470  974
470  986
471  609
471  653
471  675
471  702
471  872
471  912
471  919
471  975
471  1000
472  539
472  645
472  830
472  833
472  860
472  890
472  990
473  494
473  582
473  673
473  776
473  879
473  903
474  527
474  581
474  796
474  806
474  847
474  917
474  945
474  957
474  998
475  624
475  640
475  854
475  910
475  932
475  995
475  998
476  601
476  606
476  671
476  749
476  844
476  881
476  927
476  936
476  989
477  637
477  741
477  766
477  850
477  889
477  916
477  943
477  944
477  981
478  516
478  543
478  548
478  685
478  716
478  810
478  869
478  911
478  984
478  991
479  493
479  658
479  726
479  758
479  936
479  938
479  961
479  965
479  968
479  995
480  564
480  633
480  683
480  738
480  804
480  875
480  891
480  916
481  518
481  559
481  615
481  657
481  714
481  864
481  925
481  960
481  981
482  645
482  824
482  881
482  891
482  895
482  940
482  947
482  959
482  963
482  990
482  993
483  533
483  574
483  852
483  859
483  918
483  931
483  938
483  949
484  655
484  720
484  854
484  913
484  916
484  964
484  978
484  996
484  1000
485  570
485  732
485  831
485  861
485  953
485  962
485  993
486  524
486  573
486  605
486  843
486  848
486  902
486  912
486  927
486  996
487  661
487  723
487  826
487  918
487  940
487  975
487  984
488  776
488  833
488  841
488  877
488  960
488  981
488  987
488  994
489  689
489  791
489  856
489  971
489  978
489  995
489  1000
490  524
490  579
490  722
490  798
490  801
490  871
490  903
490  987
491  521
491  677
491  761
491  779
491  799
491  846
491  997
491  998
492  504
492  551
492  584
492  708
492  846
492  923
492  935
492  990
493  524
493  682
493  755
493  793
493  831
493  922
493  964
493  985
493  992
494  550
494  554
494  582
494  605
494  608
494  651
494  737
494  839
494  886
494  921
495  645
495  658
495  848
495  860
495  888
495  952
495  962
495  990
496  744
496  786
496  942
496  968
496  970
496  974
497  499
497  751
497  825
497  828
497  840
497  870
497  943
497  954
497  977
497  994
497  1000
498  613
498  728
498  820
498  857
498  918
498  924
498  934
498  963
498  970
499  620
499  715
499  777
499  835
499  897
499  954
499  965
499  988
499  994
500  595
500  666
500  740
500  780
500  790
500  864
500  929
500  958
500  966
501  632
501  760
501  882
501  893
501  896
501  929
501  945
501  966
501  984
502  673
502  716
502  764
502  817
502  885
502  919
502  989
502  992
502  998
503  546
503  578
503  587
503  928
503  987
503  995
503  998
504  754
504  756
504  812
504  871
504  915
504  923
504  1000
505  552
505  614
505  700
505  715
505  808
505  821
505  864
505  905
505  966
506  794
506  901
506  922
506  948
506  968
506  981
506  992
506  1000
507  540
507  587
507  636
507  716
507  737
507  866
507  933
507  987
507  997
508  697
508  817
508  826
508  902
508  908
508  952
508  990
509  763
509  798
509  927
509  955
509  958
509  970
509  996
509  999
510  685
510  744
510  792
510  811
510  839
510  851
511  624
511  692
511  745
511  809
511  942
511  975
511  984
511  991
511  995
512  713
512  729
512  868
512  921
512  996
512  1000
513  598
513  636
513  839
513  952
513  965
513  981
514  600
514  697
514  784
514  907
514  966
514  975
514  979
514  990
514  999
515  580
515  742
515  801
515  805
515  861
515  872
515  953
515  963
516  704
516  732
516  847
516  856
516  892
516  918
516  963
517  557
517  579
517  693
517  770
517  772
517  812
517  912
517  941
517  975
517  987
518  553
518  634
518  816
518  922
518  926
518  927
518  933
518  988
518  997
519  567
519  711
519  766
519  821
519  889
519  972
520  536
520  577
520  642
520  777
520  786
520  902
520  924
520  947
520  970
520  980
520  986
521  730
521  752
521  854
521  898
521  937
521  947
521  979
521  995
522  638
522  705
522  744
522  792
522  879
522  887
522  966
522  969
522  991
522  993
523  646
523  676
523  707
523  715
523  734
523  884
523  947
523  954
523  971
523  976
523  977
524  694
524  905
524  950
524  971
524  996
525  574
525  596
525  680
525  754
525  772
525  922
525  948
525  997
526  559
526  568
526  601
526  780
526  853
526  868
526  934
526  936
527  551
527  770
527  782
527  814
527  830
527  894
527  993
528  537
528  611
528  799
528  811
528  836
528  880
528  892
528  977
529  576
529  800
529  823
529  827
529  907
529  953
529  964
529  977
529  986
529  994
530  573
530  583
530  637
530  675
530  707
530  758
530  791
530  930
530  978
530  988
531  590
531  599
531  895
531  907
531  928
531  935
531  953
531  965
531  984
531  992
532  542
532  550
532  583
532  667
532  792
532  876
532  890
532  897
532  920
532  962
533  641
533  656
533  731
533  734
533  932
533  941
533  991
533  994
533  998
534  628
534  737
534  831
534  891
534  896
534  936
534  992
535  613
535  630
535  838
535  885
535  967
535  969
535  974
535  999
536  577
536  654
536  892
536  964
536  977
536  980
536  988
537  571
537  612
537  634
537  662
537  845
537  924
537  942
537  986
538  570
538  605
538  772
538  799
538  886
538  972
538  977
539  746
539  837
539  852
539  890
539  898
539  920
539  940
539  990
540  570
540  615
540  771
540  944
540  977
540  987
540  993
540  997
541  590
541  638
541  690
541  826
541  922
541  955
541  973
541  979
541  982
542  563
542  717
542  719
542  722
542  795
542  898
542  979
543  566
543  621
543  765
543  814
543  861
543  897
543  953
543  996
544  587
544  674
544  689
544  924
544  937
544  974
544  983
544  992
544  996
545  625
545  642
545  694
545  867
545  875
545  876
545  973
545  992
546  613
546  684
546  812
546  847
546  894
546  921
546  945
546  967
546  983
547  614
547  819
547  855
547  860
547  968
547  982
548  578
548  581
548  699
548  710
548  830
548  903
548  913
548  928
548  982
548  984
548  991
549  587
549  643
549  665
549  670
549  857
549  933
549  942
549  984
549  986
550  638
550  689
550  845
551  666
551  782
551  785
551  854
551  874
551  957
551  995
551  998
552  700
552  757
552  864
552  905
552  929
552  951
552  966
552  968
552  996
553  639
553  724
553  796
553  956
554  694
554  780
554  853
554  874
554  899
554  949
554  993
554  994
555  568
555  585
555  591
555  624
555  722
555  904
555  911
555  925
555  938
555  982
555  991
556  629
556  736
556  758
556  837
556  862
556  887
556  927
556  939
556  958
556  971
556  1000
557  662
557  692
557  781
557  872
557  890
557  912
557  973
557  975
557  977
557  990
558  559
558  670
558  767
558  878
558  959
558  964
558  970
558  974
558  985
559  626
559  662
559  905
559  944
559  950
559  970
559  974
559  994
560  822
560  876
560  903
560  910
560  914
560  917
560  921
560  947
560  955
560  989
561  563
561  572
561  601
561  777
561  869
561  922
561  968
561  982
561  988
562  581
562  608
562  719
562  742
562  911
562  916
562  920
562  978
562  993
563  705
563  731
563  733
563  767
563  790
563  976
563  991
564  593
564  660
564  803
564  804
564  816
564  875
564  950
564  974
564  988
564  993
565  587
565  797
565  851
565  937
565  945
565  951
565  955
565  976
565  983
565  987
566  794
566  862
566  948
566  980
566  987
566  998
567  586
567  592
567  637
567  807
567  877
567  882
567  893
567  901
567  986
567  995
568  670
568  684
568  868
568  901
568  934
568  936
568  968
568  990
568  996
568  1000
569  724
569  901
569  955
569  967
569  969
569  971
569  978
569  996
570  590
570  652
570  687
570  705
570  800
570  865
570  906
570  928
570  991
571  592
571  620
571  630
571  670
571  750
571  763
571  786
571  807
571  893
571  933
571  963
572  772
572  814
572  828
572  848
572  945
572  969
572  983
572  999
573  749
573  822
573  896
573  927
573  933
573  995
573  999
574  718
574  727
574  771
574  791
574  819
574  882
574  968
574  994
575  709
575  717
575  828
575  899
575  926
575  962
575  969
576  642
576  810
576  943
576  946
576  972
576  985
577  611
577  633
577  660
577  662
577  774
577  800
577  860
577  930
577  931
577  938
577  961
578  789
578  813
578  893
578  910
578  928
578  941
578  957
578  995
578  999
579  580
579  809
579  844
579  889
579  912
579  975
580  736
580  749
580  805
580  916
580  926
580  946
580  947
580  975
581  653
581  771
581  872
581  912
581  970
581  975
582  777
582  851
582  863
582  926
582  933
582  956
583  600
583  722
583  739
583  877
583  909
583  932
583  979
584  639
584  793
584  850
584  853
584  915
584  935
584  952
584  964
585  711
585  833
585  865
585  904
585  906
585  942
585  977
585  981
585  982
585  987
586  626
586  653
586  771
586  781
586  912
586  957
586  975
586  995
587  731
587  778
587  857
587  902
588  644
588  695
588  726
588  775
588  836
588  860
588  876
588  956
588  963
589  748
589  797
589  951
589  959
589  967
589  969
589  999
590  622
590  716
590  922
590  973
590  995
591  603
591  686
591  767
591  800
591  869
591  875
591  888
591  918
591  989
592  816
592  850
592  877
592  883
592  924
592  940
592  961
592  979
592  986
593  735
593  829
593  876
593  898
593  905
593  914
593  916
593  921
593  925
593  947
594  762
594  773
594  799
594  836
594  859
594  931
594  938
594  949
594  963
594  977
595  619
595  634
595  700
595  732
595  845
595  870
595  883
595  896
595  929
595  958
595  966
596  664
596  701
596  707
596  773
596  932
596  982
596  987
596  995
596  998
597  700
597  792
597  860
597  886
597  937
597  939
597  957
597  981
598  686
598  928
598  948
598  967
598  971
598  972
598  997
599  604
599  662
599  741
599  825
599  847
599  896
599  910
599  957
599  995
600  848
600  909
600  920
600  926
600  956
600  979
601  773
601  856
601  934
601  936
601  978
602  743
602  876
602  893
602  903
602  916
602  949
602  996
602  1000
603  678
603  699
603  787
603  811
603  891
603  898
603  933
603  939
603  985
603  989
603  1000
604  625
604  641
604  659
604  674
604  687
604  792
604  808
604  991
604  998
605  657
605  739
605  772
605  809
605  839
605  848
605  879
605  934
605  970
605  982
606  616
606  673
606  684
606  702
606  838
606  841
606  852
606  868
606  878
606  934
606  943
607  679
607  819
607  883
607  911
607  938
607  940
607  970
607  974
607  978
607  986
608  629
608  652
608  679
608  723
608  742
608  853
608  860
608  983
608  991
608  993
609  810
609  878
609  902
609  913
609  944
609  970
609  974
609  986
610  611
610  632
610  712
610  836
610  852
610  856
610  917
610  926
610  933
610  991
611  633
611  809
611  819
611  856
611  950
611  951
611  990
612  668
612  676
612  727
612  764
612  885
612  892
612  898
612  939
612  989
612  992
612  999
613  730
613  809
613  832
613  855
613  894
613  902
613  907
613  999
614  653
614  699
614  729
614  760
614  768
614  852
614  886
614  929
614  958
614  966
615  716
615  719
615  916
615  917
615  922
615  960
615  987
615  997
616  702
616  735
616  759
616  839
616  868
616  934
616  936
616  997
617  804
617  809
617  836
617  849
617  900
617  908
617  921
617  931
617  962
617  983
617  989
617  999
618  668
618  723
618  742
618  788
618  799
618  812
618  853
618  872
618  899
618  908
618  938
618  993
619  705
619  751
619  800
619  801
619  808
619  813
619  858
619  893
619  954
619  977
619  994
619  995
620  842
620  854
620  892
620  898
620  911
620  917
620  931
620  988
621  762
621  765
621  844
621  861
621  873
621  953
621  995
622  660
622  716
622  725
622  805
622  835
622  842
622  937
622  944
622  973
622  982
623  742
623  812
623  822
623  849
623  867
623  899
623  979
623  993
623  999
624  651
624  733
624  800
624  817
624  873
624  911
624  945
624  973
624  994
625  628
625  645
625  660
625  708
625  770
625  804
625  937
625  950
626  778
626  839
626  883
626  904
626  946
626  961
626  986
627  645
627  655
627  691
627  740
627  754
627  858
627  875
627  889
627  946
628  683
628  803
628  857
628  866
628  875
628  950
628  955
628  973
628  1000
629  646
629  653
629  661
629  705
629  724
629  787
629  900
629  941
629  984
629  991
630  748
630  873
630  894
630  922
630  934
630  951
630  983
630  999
631  675
631  678
631  712
631  713
631  768
631  779
631  824
631  845
631  848
631  904
631  927
631  944
631  962
632  757
632  789
632  795
632  805
632  833
632  864
632  896
632  929
632  958
632  966
633  691
633  771
633  774
633  892
633  909
633  926
633  954
633  961
633  970
634  747
634  760
634  775
634  863
634  877
634  948
634  960
634  998
635  696
635  710
635  755
635  837
635  842
635  869
635  952
635  981
635  1000
636  776
636  794
636  821
636  836
636  857
636  968
636  969
636  981
636  991
636  998
637  703
637  729
637  862
637  887
637  930
637  934
637  986
637  996
637  1000
638  935
638  961
638  975
639  649
639  768
639  781
639  835
639  947
639  964
639  971
639  976
639  988
639  994
640  657
640  734
640  735
640  782
640  900
640  904
640  967
640  983
640  999
641  697
641  888
641  920
641  946
641  959
641  976
641  990
642  660
642  710
642  738
642  804
642  950
642  984
642  997
642  998
643  692
643  705
643  956
643  973
643  983
643  991
643  1000
644  689
644  773
644  790
644  794
644  917
644  918
644  938
644  946
644  974
645  700
645  719
645  815
645  817
645  848
645  979
645  994
646  724
646  768
646  833
646  873
646  911
646  968
646  991
646  999
647  713
647  719
647  857
647  890
647  901
647  908
647  925
648  683
648  738
648  754
648  766
648  802
648  803
648  844
648  872
648  877
648  950
648  989
649  751
649  830
649  865
649  874
649  908
649  911
649  976
649  988
650  765
650  782
650  849
650  880
650  950
650  951
650  969
650  983
651  691
651  706
651  816
651  906
651  946
651  962
652  656
652  721
652  838
652  872
652  928
652  956
652  984
653  717
653  912
653  940
653  971
653  984
654  699
654  845
654  976
654  988
654  992
654  994
655  710
655  873
655  885
655  971
655  978
655  994
655  1000
656  696
656  765
656  812
656  819
656  855
656  882
656  912
656  966
656  968
657  837
657  924
657  933
657  981
657  983
657  997
658  700
658  741
658  781
658  839
658  842
658  872
658  926
658  931
658  963
658  974
659  664
659  704
659  762
659  763
659  925
659  981
659  995
659  998
660  716
660  802
660  803
660  875
660  922
660  950
661  694
661  729
661  790
661  911
661  927
661  965
661  974
661  977
662  740
662  820
662  893
662  921
662  944
662  970
662  976
662  980
663  759
663  793
663  800
663  826
663  903
663  911
663  926
663  932
663  982
663  991
664  683
664  854
664  895
664  914
664  941
664  995
664  998
665  666
665  708
665  744
665  815
665  839
665  851
665  863
665  879
665  948
665  984
665  991
666  688
666  712
666  752
666  847
666  854
666  931
666  932
666  957
666  998
667  701
667  748
667  829
667  876
667  914
667  921
667  925
667  947
667  954
667  956
667  979
668  673
668  682
668  764
668  775
668  884
668  885
668  890
668  939
668  989
668  992
668  996
669  687
669  766
669  816
669  820
669  827
669  836
669  850
669  887
669  889
669  907
669  943
670  733
670  798
670  807
670  830
670  878
670  891
670  944
670  1000
671  791
671  855
671  882
671  948
671  954
671  968
671  994
672  676
672  703
672  827
672  928
672  935
672  955
672  960
672  978
672  1000
673  719
673  780
673  795
673  831
673  885
673  895
673  939
673  944
673  959
673  985
673  992
674  871
674  910
674  932
674  935
674  942
674  963
674  998
675  728
675  907
675  946
675  978
675  989
675  996
675  1000
676  728
676  896
676  907
676  927
676  930
676  971
676  991
676  996
676  998
677  749
677  796
677  827
677  828
677  854
677  871
677  995
677  1000
678  721
678  780
678  898
678  932
678  959
678  967
678  985
678  989
679  720
679  729
679  742
679  785
679  812
679  826
679  932
679  939
679  949
679  993
680  733
680  822
680  828
680  897
680  922
680  971
680  987
680  993
680  997
680  999
681  751
681  762
681  830
681  880
681  894
681  930
681  945
681  951
681  958
681  985
681  990
681  999
682  790
682  792
682  891
682  898
682  919
682  930
682  939
682  952
682  974
683  798
683  803
683  889
683  947
683  950
684  702
684  717
684  759
684  766
684  798
684  825
684  844
684  988
685  690
685  708
685  820
685  825
685  871
685  930
685  935
685  952
685  962
686  842
686  900
686  936
686  955
686  983
686  998
686  999
687  896
687  905
687  915
687  958
687  966
687  981
688  717
688  778
688  817
688  877
688  883
688  902
688  944
688  970
688  986
688  989
688  996
689  732
689  741
689  841
689  861
690  764
690  767
690  900
690  965
690  983
690  984
690  985
690  987
691  740
691  741
691  795
691  850
691  889
691  946
691  971
691  972
691  973
691  988
691  989
692  695
692  791
692  893
692  907
692  924
692  942
692  944
692  963
692  974
693  805
693  892
693  932
693  975
694  698
694  716
694  838
694  865
694  875
694  894
694  928
694  982
694  991
695  725
695  781
695  843
695  961
695  963
695  991
695  995
696  718
696  791
696  882
696  915
696  925
696  946
696  968
696  991
697  718
697  734
697  824
697  909
697  924
697  931
697  950
697  979
697  990
697  996
698  704
698  734
698  752
698  786
698  870
698  890
698  932
698  941
698  943
699  760
699  864
699  891
699  896
699  905
699  958
699  966
700  701
700  748
700  757
700  840
700  867
700  896
700  905
700  924
700  958
700  966
701  733
701  735
701  763
701  822
701  920
701  921
701  925
701  957
702  784
702  816
702  844
702  859
702  881
702  907
702  936
702  938
702  947
703  837
703  868
703  873
703  884
703  927
703  955
703  996
704  847
704  891
704  941
704  952
704  959
704  995
704  998
704  999
705  716
705  826
705  837
705  880
705  944
705  982
706  714
706  716
706  740
706  796
706  823
706  834
706  850
706  946
706  960
706  972
706  996
706  997
706  1000
707  768
707  818
707  857
707  862
707  958
707  966
707  980
707  988
708  756
708  825
708  873
708  915
708  952
708  990
709  714
709  764
709  786
709  801
709  806
709  823
709  889
709  943
709  950
709  965
709  972
709  975
710  862
710  866
710  885
710  926
710  955
710  978
710  992
710  997
710  1000
711  776
711  783
711  792
711  841
711  904
711  943
711  946
711  948
711  979
711  987
711  997
712  764
712  806
712  843
712  919
712  959
712  985
712  989
712  992
712  994
713  738
713  847
713  881
713  895
713  906
713  922
713  958
713  965
713  977
713  979
713  1000
714  810
714  943
714  987
715  723
715  768
715  783
715  794
715  827
715  874
715  907
715  985
715  988
715  994
716  774
716  778
716  903
716  971
717  769
717  779
717  802
717  861
717  883
717  890
717  906
717  909
717  990
718  791
718  828
718  855
718  882
718  898
718  959
718  968
719  722
719  736
719  881
719  922
719  950
719  956
719  967
719  979
720  761
720  769
720  812
720  899
720  906
720  949
720  951
720  982
720  993
720  998
720  1000
721  727
721  737
721  818
721  849
721  863
721  866
721  887
721  919
721  939
721  959
721  985
721  989
721  992
722  729
722  846
722  852
722  870
722  883
722  920
722  942
722  943
722  962
723  741
723  812
723  918
723  949
723  973
723  993
724  765
724  788
724  821
724  826
724  873
724  913
724  914
724  928
724  965
724  973
725  856
725  918
725  926
725  931
725  938
725  963
726  811
726  891
726  917
726  919
726  993
726  994
727  846
727  882
727  891
727  935
727  942
727  946
727  954
727  959
727  985
727  989
727  992
728  747
728  844
728  862
728  885
728  920
728  955
728  992
728  996
728  998
728  1000
729  752
729  880
729  954
729  1000
730  735
730  763
730  802
730  822
730  829
730  876
730  886
730  900
730  914
730  921
730  925
730  928
730  947
730  956
731  789
731  820
731  857
731  883
731  897
731  957
731  970
731  975
731  987
732  953
732  972
732  989
732  994
733  784
733  826
733  865
733  888
733  928
733  967
733  984
733  985
733  994
734  762
734  767
734  773
734  883
734  932
734  957
734  985
734  994
734  998
735  746
735  763
735  876
735  914
735  938
735  947
735  976
735  982
736  801
736  844
736  955
736  971
736  992
736  1000
737  863
737  885
737  891
737  897
737  959
737  968
737  985
737  989
737  990
737  992
738  745
738  851
738  937
738  950
739  772
739  792
739  793
739  815
739  886
739  955
739  979
740  787
740  789
740  823
740  847
740  857
740  858
740  946
740  962
740  972
741  816
741  850
741  858
741  910
741  923
741  936
741  943
741  972
741  982
742  761
742  832
742  899
742  909
742  972
742  993
743  776
743  794
743  813
743  901
743  922
743  939
743  973
743  979
743  987
743  1000
744  777
744  850
744  851
744  878
744  882
744  936
744  997
745  753
745  774
745  775
745  821
745  840
745  930
745  960
745  961
745  981
745  987
746  763
746  807
746  822
746  829
746  876
746  913
746  921
746  925
746  929
746  947
746  997
747  797
747  828
747  833
747  935
747  956
747  971
747  987
747  1000
748  772
748  830
748  894
748  951
748  954
748  967
748  969
748  983
748  985
748  999
749  797
749  819
749  820
749  837
749  862
749  866
749  936
749  978
749  1000
750  870
750  893
750  903
750  904
750  924
750  950
750  960
750  970
750  974
750  986
750  987
750  997
751  760
751  893
751  908
751  954
751  963
751  964
751  969
751  987
751  988
751  994
752  788
752  792
752  979
752  998
753  795
753  824
753  827
753  914
753  921
753  922
753  960
753  969
753  981
753  988
753  997
754  772
754  828
754  879
754  948
754  972
754  981
754  987
754  996
755  764
755  831
755  853
755  883
755  898
755  919
755  923
755  985
755  989
755  992
756  774
756  787
756  793
756  825
756  923
756  935
756  941
756  952
756  966
756  981
756  993
757  815
757  840
757  851
757  864
757  879
757  899
757  901
757  905
757  907
757  929
757  956
757  958
757  966
757  972
758  770
758  792
758  807
758  827
758  902
758  919
758  930
758  947
758  971
758  996
758  999
758  1000
759  838
759  864
759  868
759  889
759  921
759  936
759  945
759  962
759  974
760  896
760  905
760  906
760  929
760  958
760  966
760  973
760  985
760  986
761  796
761  799
761  806
761  901
761  957
761  980
761  995
761  997
761  998
762  854
762  902
762  910
762  931
762  941
762  949
762  957
762  962
762  998
763  806
763  832
763  876
763  921
763  925
763  932
763  947
763  978
764  808
764  844
764  886
764  898
764  985
764  989
764  990
764  992
765  835
765  841
765  953
765  967
765  986
766  816
766  856
766  886
766  887
766  914
766  943
766  997
767  788
767  813
767  828
767  854
767  858
767  869
767  911
767  951
767  973
767  982
767  998
768  769
768  843
768  850
768  913
768  926
768  941
768  976
768  994
768  1000
769  785
769  788
769  812
769  899
769  907
769  949
769  991
769  993
769  994
770  824
770  930
770  935
770  937
770  955
770  971
770  993
770  994
770  1000
771  843
771  853
771  872
771  889
771  898
771  965
771  975
772  782
772  851
772  886
772  954
772  990
772  996
773  806
773  813
773  854
773  925
773  983
773  998
774  781
774  852
774  912
774  917
774  918
774  961
774  970
774  978
774  999
775  776
775  791
775  864
775  897
775  916
775  922
775  948
775  981
776  782
776  828
776  865
776  906
776  933
776  939
776  976
776  987
777  863
777  937
777  957
777  982
777  984
778  820
778  869
778  876
778  893
778  943
778  952
778  953
778  965
778  974
778  986
779  821
779  824
779  837
779  845
779  886
779  906
779  924
779  962
779  990
779  991
780  884
780  901
780  919
780  920
780  971
780  996
781  859
781  890
781  892
781  910
781  917
781  918
781  926
781  936
781  992
782  797
782  861
782  900
782  951
782  969
782  976
782  992
782  999
783  821
783  904
783  935
783  960
783  987
783  997
784  846
784  848
784  878
784  895
784  941
784  960
784  979
784  990
784  999
785  822
785  840
785  853
785  867
785  938
785  940
785  941
785  949
785  961
785  966
785  993
786  840
786  873
786  877
786  883
786  902
786  970
786  974
786  976
786  986
787  818
787  835
787  843
787  908
787  954
787  977
787  984
787  985
787  993
787  998
788  826
788  869
788  873
788  956
788  991
788  998
789  796
789  825
789  932
789  957
789  963
789  995
789  998
790  888
790  956
790  973
790  982
790  988
790  990
790  993
790  995
791  819
791  826
791  855
791  882
791  968
791  1000
792  879
793  800
793  825
793  871
793  915
793  923
793  935
793  952
793  967
794  821
794  866
794  893
794  911
794  933
794  993
794  998
795  948
795  965
795  969
795  980
795  996
795  997
796  806
796  814
796  932
796  957
796  965
796  976
796  995
796  998
797  824
797  830
797  880
797  902
797  935
797  948
797  969
797  983
797  997
797  999
798  810
798  884
798  901
798  971
798  980
798  989
798  996
799  836
799  859
799  867
799  873
799  892
799  928
799  931
799  961
799  999
800  810
800  956
800  982
800  985
800  991
801  812
801  827
801  856
801  913
801  930
801  937
801  971
802  804
802  875
802  909
802  964
802  996
802  998
802  999
803  804
803  870
803  875
803  950
803  991
803  996
803  1000
804  886
804  950
804  965
804  983
804  990
805  853
805  872
805  912
805  946
805  960
805  975
805  976
806  847
806  895
806  897
806  915
806  989
806  995
807  827
807  883
807  893
807  900
807  906
807  924
807  942
807  954
807  974
807  975
807  986
807  991
808  811
808  870
808  874
808  902
808  909
808  952
808  960
808  962
808  964
808  988
808  989
808  994
809  841
809  849
809  867
809  894
809  900
809  951
809  967
809  983
809  999
810  816
810  887
810  946
810  960
810  972
810  993
811  852
811  856
811  860
811  892
811  938
811  961
811  971
811  989
812  899
812  932
812  947
812  972
812  981
812  993
813  818
813  843
813  892
813  893
813  902
813  908
813  927
813  948
813  954
813  964
813  976
813  977
813  980
814  821
814  849
814  881
814  884
814  900
814  918
814  945
814  951
814  954
814  957
814  967
814  998
814  999
815  851
815  858
815  879
815  975
815  978
815  980
815  987
816  823
816  836
816  887
816  952
816  956
816  963
816  972
817  835
817  845
817  846
817  866
817  875
817  890
817  940
817  958
817  979
817  986
817  990
818  907
818  924
818  960
818  961
818  964
818  977
818  983
818  985
818  988
819  938
819  951
819  968
819  974
819  977
820  855
820  857
820  893
820  897
820  909
820  923
820  942
820  944
820  982
821  840
821  912
821  920
821  941
821  948
821  950
821  966
822  827
822  849
822  876
822  914
822  917
822  921
822  947
823  858
823  870
823  875
823  927
823  946
823  972
823  975
823  1000
824  828
824  846
824  896
824  906
824  962
824  990
825  863
825  871
825  872
825  915
825  917
825  923
825  935
825  952
825  986
825  992
826  835
826  911
826  956
826  981
826  991
827  829
827  862
827  916
827  937
827  965
827  971
827  984
827  996
828  873
828  882
828  933
828  987
828  997
829  851
829  890
829  914
829  915
829  921
829  943
829  947
829  969
830  877
830  938
830  945
830  969
830  999
831  841
831  912
831  919
831  939
831  941
831  954
831  959
831  963
831  972
831  985
831  989
831  992
832  833
832  840
832  853
832  910
832  933
832  953
832  960
832  981
832  984
832  997
833  847
833  904
833  922
833  952
833  960
833  981
833  987
833  997
834  843
834  870
834  879
834  913
834  914
834  944
834  958
834  969
834  973
834  976
834  977
834  980
834  994
835  868
835  870
835  874
835  905
835  947
835  954
835  976
835  983
835  987
835  1000
836  846
836  859
836  895
836  935
836  938
836  963
836  967
836  996
837  866
837  899
837  978
837  979
837  996
838  843
838  844
838  868
838  869
838  906
838  917
838  934
838  936
838  982
838  992
839  848
839  851
839  886
839  890
839  931
839  986
839  994
840  873
840  904
840  933
840  934
840  987
840  997
841  861
841  877
841  909
841  953
841  973
841  997
842  863
842  866
842  884
842  912
842  926
842  927
842  937
842  978
842  981
842  994
842  997
842  1000
843  862
843  954
843  964
843  976
843  980
843  994
844  868
844  934
844  936
845  890
845  906
845  928
845  962
845  990
845  997
846  881
846  920
846  946
846  979
846  985
846  989
847  850
847  965
847  986
847  995
847  998
848  851
848  858
848  859
848  884
848  905
848  906
848  909
848  940
848  962
848  967
848  990
849  880
849  885
849  951
849  953
849  967
849  969
849  985
849  997
849  999
850  856
850  880
850  887
850  891
850  943
850  945
850  981
850  995
851  871
851  884
851  948
851  995
852  856
852  859
852  860
852  864
852  874
852  893
852  922
852  961
852  981
853  867
853  899
853  913
853  931
853  944
853  949
853  964
853  993
854  864
854  941
854  957
854  983
854  998
855  882
855  948
855  968
855  999
856  860
856  917
856  940
856  961
856  963
856  974
856  984
857  927
857  940
857  942
857  951
857  974
857  986
858  887
858  889
858  894
858  943
858  946
858  952
858  954
858  966
858  972
858  982
858  999
859  920
859  938
859  961
859  962
859  974
859  990
859  998
860  869
860  914
860  938
860  956
860  960
860  961
860  963
860  984
861  942
861  953
861  960
861  972
861  988
861  1000
862  898
862  901
862  916
862  929
862  930
862  938
862  979
862  994
862  1000
863  879
863  886
863  940
863  955
863  959
863  973
863  974
864  877
864  896
864  921
864  923
864  929
864  930
864  958
864  966
864  982
864  998
865  873
865  891
865  918
865  921
865  928
865  934
865  949
865  982
865  984
865  991
866  874
866  879
866  918
866  930
866  959
866  970
867  879
867  899
867  949
867  993
867  997
867  999
868  869
868  879
868  890
868  934
868  945
868  951
868  996
869  880
869  956
869  965
869  973
869  982
869  991
869  993
869  997
869  999
870  913
870  949
870  954
870  957
870  959
870  976
870  980
870  988
870  992
870  994
870  997
870  1000
871  898
871  899
871  915
871  923
871  932
871  935
871  947
871  952
872  878
872  881
872  945
872  975
872  990
872  996
873  903
873  911
873  949
873  965
873  973
873  975
873  991
874  881
874  954
874  964
874  976
874  992
874  994
875  895
875  944
875  950
875  968
875  980
875  991
875  992
876  914
876  923
876  925
876  947
876  976
876  981
876  982
876  998
877  878
877  897
877  900
877  942
877  948
877  966
877  986
877  994
878  890
878  893
878  897
878  909
878  986
878  987
879  886
879  889
879  901
879  976
879  997
880  894
880  908
880  923
880  926
880  951
880  953
880  969
880  983
881  920
881  940
881  962
881  977
881  990
881  993
882  888
882  955
882  968
882  970
883  903
883  924
883  944
883  970
883  971
883  986
884  942
884  966
884  971
884  978
884  983
884  996
885  891
885  919
885  924
885  939
885  951
885  959
885  964
885  966
885  985
885  989
885  992
886  938
886  965
886  992
887  927
887  966
887  972
888  892
888  920
888  924
888  928
888  943
888  947
888  949
888  956
888  965
888  984
888  991
888  993
889  892
889  902
889  943
889  946
889  971
889  972
889  980
889  987
889  992
890  906
890  962
890  965
890  970
890  985
890  990
891  898
891  933
891  939
891  959
891  979
891  985
891  989
891  992
892  920
892  926
892  961
892  963
892  987
892  998
893  897
893  918
893  942
893  964
893  970
893  978
893  986
894  900
894  945
894  947
894  951
894  983
894  988
894  991
894  999
895  909
895  930
895  940
895  943
895  962
895  979
896  905
896  914
896  958
896  966
896  978
897  924
897  943
897  944
897  967
897  974
897  982
897  986
898  927
898  931
898  939
898  959
898  985
898  989
898  1000
899  900
899  949
899  957
899  970
899  983
899  991
899  993
900  932
900  955
900  967
900  969
900  983
900  987
900  988
900  999
901  907
901  916
901  971
901  990
901  996
901  997
901  1000
902  929
902  942
902  944
902  970
902  974
902  986
903  956
903  960
903  965
903  973
903  982
903  984
903  998
904  916
904  925
904  938
904  941
904  960
904  975
904  981
905  919
905  940
905  958
905  963
905  966
905  971
905  985
906  920
906  930
906  951
906  972
906  980
907  908
907  917
907  939
907  964
907  980
908  929
908  940
908  954
908  964
908  979
908  980
908  982
908  988
908  994
909  937
909  939
909  940
909  979
909  990
909  995
910  928
910  932
910  941
910  953
910  957
910  988
910  995
910  1000
911  927
911  961
911  965
911  973
911  991
912  930
912  958
912  970
912  974
912  975
913  936
913  964
913  972
913  976
913  977
913  982
913  983
913  988
914  921
914  925
914  929
914  947
914  953
914  992
914  997
915  923
915  935
915  944
915  952
915  958
915  961
915  973
915  988
916  930
916  955
916  972
916  985
916  990
916  996
916  1000
917  918
917  926
917  931
917  939
917  960
917  961
917  962
917  966
917  984
917  988
918  938
918  961
918  963
919  927
919  939
919  959
919  978
919  985
919  989
919  992
919  997
920  939
920  962
920  963
920  968
920  988
920  990
921  925
921  947
921  970
921  980
922  948
922  981
922  1000
923  935
923  952
923  961
923  966
923  981
924  932
924  944
924  970
924  974
924  1000
925  947
925  953
925  972
925  980
925  982
925  985
925  996
926  961
926  963
926  996
927  933
927  937
927  943
927  955
927  994
928  938
928  956
928  962
928  963
928  965
928  967
928  973
928  982
928  996
929  938
929  945
929  958
929  966
929  973
929  977
930  978
930  989
930  996
930  997
931  936
931  938
931  959
931  974
931  997
932  957
932  978
932  998
932  999
933  943
933  948
933  958
933  960
933  981
933  987
933  993
933  995
933  997
933  1000
934  936
934  951
934  971
934  987
934  988
934  989
934  991
935  952
935  993
936  978
936  980
936  981
936  989
936  995
936  998
937  987
937  996
937  1000
938  961
938  963
938  968
938  980
939  959
939  964
939  969
939  971
939  979
939  985
939  988
939  992
940  962
940  979
940  990
941  959
941  972
941  975
941  990
941  995
941  998
942  949
942  956
942  961
942  974
942  979
942  985
942  991
942  996
942  1000
943  972
944  964
944  970
944  974
944  985
944  998
945  947
945  951
945  967
945  969
945  970
945  972
945  977
945  983
945  988
945  997
945  999
946  957
946  962
946  980
946  984
947  977
948  960
948  971
948  976
948  980
948  981
948  987
948  990
948  999
949  984
949  988
949  993
949  998
950  981
950  997
951  962
951  971
951  972
951  975
951  999
952  969
952  977
952  989
952  993
952  996
953  960
953  969
953  971
953  981
953  988
953  990
954  964
954  965
954  977
954  980
955  965
955  968
955  971
955  979
955  987
955  992
955  993
956  965
956  967
956  978
956  982
956  995
957  964
957  971
957  984
957  994
957  995
958  966
958  977
958  978
958  986
958  989
958  990
959  961
959  964
959  973
959  981
959  985
959  986
959  989
959  991
959  992
959  999
960  981
960  985
960  997
961  964
961  979
961  984
962  973
962  977
962  979
962  982
962  989
962  990
962  993
963  964
963  981
963  985
963  995
963  997
964  973
964  976
964  977
964  980
964  994
964  996
964  998
965  973
965  982
965  990
965  991
966  979
966  997
967  969
967  980
967  983
967  991
967  999
968  973
968  982
968  988
969  970
969  977
969  978
969  983
969  989
969  993
969  995
969  999
970  974
970  984
970  986
970  987
970  993
971  993
971  996
971  1000
972  973
972  977
972  979
972  988
973  974
973  982
973  984
973  985
973  990
974  980
974  983
974  986
974  989
974  991
974  998
975  983
975  984
975  994
975  999
976  977
976  980
976  988
976  992
976  994
976  996
976  998
976  1000
977  980
977  988
977  994
978  982
978  984
978  988
978  996
978  1000
979  988
979  990
979  992
980  981
980  988
980  994
980  999
981  986
981  994
981  997
981  999
982  983
982  984
982  991
982  995
983  993
983  995
983  999
984  990
984  991
984  992
985  989
985  992
986  989
986  991
986  997
986  998
987  997
987  999
988  994
988  996
988  1000
989  992
990  992
990  996
992  997
993  996
994  996
995  998
995  999
996  998
996  1000
998  999
998  1000
