1  61
1  177
1  324
1  410
1  424
1  677
1  937
1  965
1  966
2  320
2  347
2  424
2  576
2  729
2  817
2  820
2  937
2  976
3  210
3  230
3  492
3  495
3  797
3  864
3  884
3  933
3  943
4  688
4  756
4  857
4  881
4  927
4  959
4  969
4  993
4  998
5  155
5  309
5  422
5  529
5  636
5  680
5  803
5  928
5  934
6  310
6  403
6  432
6  583
6  666
6  733
6  854
6  874
6  904
7  269
7  282
7  300
7  307
7  498
7  782
7  895
7  952
7  971
8  25
8  180
8  285
8  451
8  585
8  866
8  872
8  960
8  963
9  75
9  217
9  312
9  429
9  543
9  615
9  898
9  907
9  987
10  255
10  406
10  617
10  763
10  764
10  793
10  831
10  848
10  894
11  90
11  119
11  376
11  462
11  546
11  568
11  589
11  806
11  809
12  81
12  277
12  608
12  612
12  807
12  849
12  854
12  874
12  904
13  408
13  811
13  847
13  867
13  897
13  931
13  941
13  987
13  990
14  180
14  346
14  412
14  511
14  609
14  808
14  908
14  960
14  963
15  22
15  349
15  421
15  744
15  824
15  854
15  874
15  904
15  977
16  111
16  188
16  341
16  392
16  410
16  780
16  817
16  937
16  993
17  472
17  623
17  759
17  862
17  897
17  943
17  949
17  972
17  983
18  336
18  826
18  868
18  882
18  905
18  928
18  941
18  987
18  990
19  27
19  260
19  505
19  551
19  693
19  711
19  723
19  932
19  978
20  339
20  597
20  713
20  723
20  856
20  917
20  929
20  940
20  979
21  106
21  308
21  371
21  637
21  688
21  703
21  762
21  972
21  973
22  311
22  692
22  700
22  744
22  807
22  816
22  854
22  874
23  260
23  481
23  597
23  856
23  913
23  970
23  974
23  978
23  979
24  53
24  194
24  536
24  667
24  680
24  729
24  731
24  924
24  934
25  67
25  478
25  541
25  922
25  960
25  963
25  990
25  991
26  373
26  929
26  988
26  989
26  993
26  994
26  995
26  997
26  999
27  43
27  268
27  599
27  936
27  986
27  992
27  996
27  1000
28  491
28  675
28  936
28  950
28  951
28  984
28  992
28  996
28  1000
29  506
29  677
29  958
29  988
29  989
29  993
29  995
29  997
29  999
30  546
30  590
30  599
30  710
30  811
30  859
30  905
30  990
30  996
31  117
31  556
31  624
31  644
31  658
31  771
31  899
31  928
31  958
32  115
32  178
32  195
32  324
32  410
32  482
32  740
32  919
32  937
33  202
33  440
33  570
33  600
33  720
33  892
33  947
33  956
33  976
34  160
34  546
34  590
34  719
34  847
34  859
34  941
34  982
34  990
35  398
35  631
35  641
35  684
35  704
35  845
35  901
35  964
35  965
36  203
36  662
36  667
36  865
36  885
36  919
36  964
36  965
36  981
37  82
37  152
37  318
37  482
37  511
37  571
37  687
37  882
37  938
38  136
38  361
38  416
38  553
38  704
38  835
38  893
38  927
38  975
39  293
39  372
39  602
39  646
39  755
39  942
39  984
39  986
39  991
40  90
40  105
40  231
40  460
40  584
40  672
40  809
40  871
40  977
41  729
41  799
41  815
41  961
41  988
41  993
41  995
41  997
41  999
42  292
42  434
42  543
42  743
42  868
42  982
42  987
42  990
42  994
43  257
43  539
43  664
43  936
43  942
43  951
43  986
43  1000
44  105
44  233
44  495
44  569
44  683
44  746
44  921
44  933
44  943
45  59
45  225
45  642
45  718
45  760
45  812
45  839
45  900
45  963
46  303
46  685
46  720
46  768
46  907
46  934
46  945
46  956
46  976
47  69
47  179
47  280
47  298
47  791
47  833
47  888
47  903
47  918
48  341
48  520
48  708
48  883
48  923
48  935
48  970
48  979
48  999
49  176
49  377
49  403
49  592
49  929
49  993
49  995
49  997
49  999
50  99
50  446
50  449
50  478
50  694
50  733
50  866
50  922
50  960
51  218
51  549
51  624
51  748
51  931
51  962
51  966
51  987
51  990
52  415
52  769
52  802
52  851
52  883
52  932
52  940
52  970
52  974
53  127
53  349
53  400
53  667
53  680
53  682
53  924
53  934
54  226
54  652
54  815
54  844
54  993
54  994
54  995
54  997
54  999
55  250
55  264
55  345
55  359
55  407
55  453
55  508
55  738
55  784
56  288
56  453
56  756
56  814
56  912
56  927
56  955
56  959
56  998
57  653
57  699
57  771
57  850
57  917
57  925
57  938
57  957
57  971
58  208
58  363
58  396
58  477
58  575
58  792
58  865
58  908
58  981
59  120
59  247
59  284
59  464
59  760
59  812
59  900
59  979
60  100
60  282
60  487
60  515
60  766
60  767
60  788
60  842
60  920
61  188
61  494
61  576
61  586
61  656
61  817
61  937
61  975
62  465
62  675
62  778
62  845
62  905
62  911
62  964
62  981
62  996
63  632
63  822
63  971
63  988
63  989
63  993
63  995
63  997
63  999
64  384
64  530
64  666
64  705
64  712
64  785
64  849
64  854
64  868
65  114
65  164
65  201
65  580
65  872
65  929
65  952
65  957
65  971
66  413
66  436
66  594
66  751
66  785
66  824
66  867
66  886
66  952
67  180
67  181
67  285
67  446
67  788
67  922
67  963
67  985
68  479
68  527
68  622
68  916
68  917
68  925
68  952
68  957
68  971
69  353
69  625
69  756
69  825
69  878
69  928
69  980
69  998
70  357
70  620
70  875
70  893
70  939
70  984
70  991
70  992
70  996
71  161
71  210
71  360
71  411
71  573
71  616
71  673
71  732
71  982
72  191
72  548
72  644
72  847
72  899
72  909
72  914
72  958
72  988
73  103
73  559
73  630
73  835
73  846
73  944
73  950
73  974
73  1000
74  607
74  762
74  774
74  862
74  910
74  949
74  972
74  973
74  983
75  165
75  190
75  199
75  323
75  376
75  460
75  603
75  823
76  228
76  654
76  862
76  878
76  926
76  927
76  949
76  973
76  983
77  266
77  465
77  484
77  845
77  885
77  915
77  961
77  965
77  981
78  393
78  724
78  743
78  745
78  931
78  982
78  983
78  987
78  990
79  387
79  407
79  461
79  748
79  782
79  811
79  855
79  982
79  987
80  142
80  352
80  669
80  835
80  858
80  861
80  975
80  996
80  1000
81  380
81  530
81  744
81  807
81  849
81  854
81  856
81  874
82  258
82  560
82  614
82  659
82  777
82  787
82  820
82  891
83  87
83  106
83  282
83  367
83  550
83  572
83  683
83  716
83  994
84  259
84  274
84  285
84  808
84  871
84  922
84  933
84  960
84  963
85  337
85  611
85  656
85  988
85  989
85  993
85  995
85  997
85  999
86  572
86  708
86  723
86  856
86  857
86  970
86  974
86  979
86  981
87  106
87  367
87  534
87  582
87  797
87  884
87  939
87  943
88  327
88  754
88  938
88  947
88  988
88  994
88  995
88  997
88  999
89  134
89  629
89  685
89  770
89  794
89  906
89  945
89  956
89  976
90  96
90  119
90  163
90  165
90  695
90  806
90  871
91  175
91  486
91  762
91  870
91  887
91  949
91  972
91  973
91  983
92  95
92  185
92  421
92  495
92  583
92  612
92  744
92  854
92  948
93  107
93  301
93  464
93  639
93  642
93  718
93  760
93  900
93  944
94  183
94  247
94  432
94  718
94  760
94  782
94  794
94  837
94  900
95  207
95  519
95  700
95  705
95  807
95  824
95  849
95  904
96  562
96  679
96  706
96  753
96  869
96  903
96  918
96  934
97  461
97  741
97  889
97  905
97  907
97  945
97  982
97  987
97  990
98  156
98  356
98  596
98  643
98  715
98  909
98  946
98  958
98  962
99  338
99  351
99  452
99  609
99  689
99  808
99  922
99  963
100  211
100  354
100  447
100  487
100  515
100  613
100  920
100  940
101  352
101  550
101  691
101  752
101  875
101  975
101  984
101  991
101  996
102  439
102  458
102  706
102  719
102  783
102  810
102  833
102  864
102  903
103  104
103  192
103  652
103  746
103  939
103  951
103  966
103  991
104  167
104  438
104  841
104  910
104  926
104  972
104  973
104  983
105  165
105  376
105  554
105  601
105  806
105  809
105  871
106  481
106  572
106  739
106  884
106  943
106  993
107  225
107  301
107  408
107  432
107  679
107  760
107  794
107  900
108  135
108  159
108  368
108  763
108  790
108  793
108  848
108  894
108  984
109  592
109  763
109  764
109  790
109  793
109  800
109  831
109  848
109  894
110  401
110  624
110  859
110  903
110  905
110  974
110  982
110  987
110  990
111  183
111  188
111  320
111  626
111  677
111  717
111  740
111  937
112  123
112  259
112  538
112  733
112  779
112  866
112  922
112  960
112  963
113  218
113  365
113  401
113  489
113  544
113  674
113  748
113  987
113  990
114  390
114  795
114  989
114  993
114  994
114  995
114  997
114  999
115  169
115  410
115  677
115  717
115  740
115  817
115  937
115  977
116  216
116  355
116  399
116  422
116  477
116  771
116  899
116  909
116  958
117  757
117  771
117  827
117  863
117  909
117  914
117  958
117  962
118  191
118  355
118  483
118  827
118  887
118  890
118  943
118  946
118  975
119  204
119  323
119  462
119  554
119  603
119  809
119  859
120  188
120  509
120  549
120  718
120  760
120  794
120  812
120  900
121  132
121  219
121  220
121  224
121  286
121  781
121  784
121  882
121  927
122  556
122  658
122  832
122  852
122  890
122  946
122  958
122  962
122  971
123  658
123  799
123  838
123  988
123  989
123  994
123  995
123  997
124  275
124  420
124  460
124  470
124  798
124  988
124  995
124  997
124  999
125  244
125  305
125  329
125  465
125  496
125  724
125  878
125  969
125  985
126  134
126  302
126  304
126  316
126  487
126  579
126  842
126  904
126  920
127  194
127  574
127  635
127  668
127  731
127  774
127  860
127  924
128  754
128  806
128  988
128  989
128  993
128  994
128  995
128  997
128  999
129  737
129  740
129  763
129  764
129  800
129  831
129  832
129  848
129  894
130  254
130  326
130  588
130  627
130  825
130  959
130  977
130  985
130  998
131  232
131  397
131  728
131  830
131  944
131  950
131  991
131  996
131  1000
132  170
132  252
132  345
132  720
132  777
132  787
132  839
132  891
133  187
133  297
133  348
133  779
133  814
133  948
133  968
133  980
133  985
134  154
134  170
134  275
134  613
134  766
134  767
134  788
135  443
135  457
135  737
135  764
135  800
135  848
135  894
135  1000
136  689
136  950
136  963
136  965
136  975
136  991
136  992
136  1000
137  196
137  454
137  524
137  588
137  703
137  761
137  781
137  891
137  956
138  259
138  279
138  338
138  501
138  808
138  866
138  892
138  960
138  963
139  341
139  565
139  677
139  717
139  729
139  740
139  937
139  948
139  986
140  151
140  356
140  548
140  556
140  690
140  852
140  873
140  909
140  962
141  750
141  762
141  786
141  821
141  872
141  925
141  952
141  957
141  971
142  305
142  721
142  881
142  912
142  955
142  959
142  980
142  998
143  402
143  543
143  745
143  761
143  795
143  855
143  905
143  931
143  982
144  351
144  484
144  512
144  645
144  722
144  864
144  869
144  882
144  903
145  170
145  467
145  669
145  687
145  761
145  780
145  784
145  803
145  820
146  168
146  204
146  413
146  782
146  925
146  929
146  952
146  957
146  971
147  495
147  758
147  898
147  951
147  975
147  984
147  992
147  996
147  1000
148  434
148  564
148  910
148  939
148  942
148  975
148  991
148  996
148  1000
149  245
149  272
149  465
149  942
149  950
149  969
149  991
149  996
149  1000
150  366
150  456
150  551
150  559
150  839
150  966
150  970
150  974
150  981
151  391
151  531
151  833
151  939
151  984
151  992
151  996
151  1000
152  345
152  588
152  738
152  761
152  781
152  829
152  891
152  951
153  519
153  671
153  715
153  823
153  825
153  955
153  968
153  985
153  998
154  296
154  304
154  515
154  579
154  623
154  767
154  775
154  920
155  491
155  601
155  682
155  774
155  803
155  924
155  934
155  998
156  338
156  560
156  567
156  588
156  761
156  777
156  780
156  820
157  178
157  630
157  789
157  892
157  907
157  945
157  947
157  956
157  976
158  438
158  863
158  874
158  988
158  989
158  993
158  995
158  997
158  999
159  645
159  704
159  764
159  793
159  800
159  831
159  848
159  894
160  539
160  646
160  877
160  944
160  951
160  984
160  986
160  992
161  205
161  411
161  751
161  785
161  824
161  837
161  867
161  886
162  257
162  615
162  804
162  847
162  853
162  897
162  984
162  987
162  990
163  231
163  281
163  462
163  568
163  601
163  649
163  806
163  809
164  400
164  476
164  850
164  929
164  952
164  957
164  970
164  971
165  204
165  601
165  614
165  741
165  809
165  871
166  244
166  425
166  707
166  823
166  825
166  843
166  896
166  913
166  998
167  427
167  834
167  870
167  881
167  926
167  972
167  973
167  983
168  580
168  627
168  699
168  782
168  850
168  872
168  952
168  957
169  254
169  407
169  823
169  843
169  953
169  980
169  985
169  998
170  220
170  291
170  524
170  659
170  736
170  752
171  594
171  611
171  673
171  732
171  824
171  867
171  886
171  889
171  981
172  653
172  782
172  819
172  925
172  929
172  932
172  952
172  957
172  971
173  206
173  504
173  548
173  700
173  865
173  915
173  919
173  961
173  965
174  363
174  491
174  598
174  668
174  731
174  774
174  803
174  924
174  934
175  228
175  796
175  802
175  910
175  926
175  929
175  949
175  983
176  420
176  529
176  937
176  993
176  994
176  995
176  997
176  999
177  188
177  424
177  565
177  658
177  729
177  740
177  937
177  998
178  195
178  347
178  729
178  740
178  817
178  905
178  937
179  484
179  496
179  562
179  647
179  717
179  777
179  864
179  918
180  198
180  609
180  866
180  960
180  963
180  998
181  279
181  297
181  369
181  805
181  847
181  866
181  960
181  963
182  355
182  391
182  596
182  639
182  690
182  693
182  946
182  958
182  962
183  316
183  319
183  464
183  503
183  509
183  812
183  900
184  537
184  590
184  624
184  710
184  789
184  826
184  954
184  982
184  990
185  509
185  666
185  709
185  735
185  744
185  770
185  816
185  904
186  251
186  734
186  765
186  774
186  881
186  926
186  968
186  985
186  998
187  507
187  618
187  954
187  988
187  993
187  994
187  997
187  999
188  324
188  817
188  881
188  937
189  427
189  438
189  768
189  820
189  870
189  972
189  973
189  983
189  992
190  199
190  207
190  568
190  584
190  603
190  614
190  871
190  903
191  248
191  365
191  796
191  852
191  909
191  958
191  983
192  227
192  242
192  383
192  785
192  936
192  992
192  996
192  1000
193  196
193  318
193  359
193  450
193  460
193  508
193  780
193  787
193  891
194  364
194  731
194  774
194  860
194  924
194  934
194  984
195  392
195  729
195  740
195  817
195  848
195  937
195  943
196  258
196  530
196  687
196  761
196  776
196  781
196  891
197  271
197  321
197  468
197  603
197  912
197  959
197  968
197  985
197  998
198  459
198  702
198  838
198  876
198  913
198  932
198  935
198  974
199  323
199  376
199  554
199  614
199  803
199  812
199  871
200  620
200  671
200  741
200  755
200  832
200  906
200  907
200  956
200  976
201  358
201  631
201  699
201  748
201  916
201  929
201  952
201  971
202  458
202  533
202  647
202  810
202  828
202  869
202  909
202  918
203  360
203  436
203  650
203  751
203  785
203  867
203  886
203  982
204  584
204  603
204  806
204  809
204  871
204  885
205  572
205  725
205  858
205  975
205  984
205  986
205  991
205  996
205  1000
206  468
206  704
206  772
206  919
206  961
206  964
206  967
206  981
206  989
207  700
207  705
207  712
207  816
207  849
207  854
207  904
207  941
208  821
208  872
208  916
208  917
208  928
208  929
208  952
208  957
208  971
209  254
209  703
209  900
209  948
209  955
209  959
209  968
209  969
209  980
209  998
210  367
210  572
210  716
210  757
210  792
210  884
210  921
210  933
211  275
211  304
211  328
211  465
211  553
211  613
211  788
211  842
211  920
212  474
212  812
212  818
212  954
212  988
212  993
212  994
212  995
212  997
212  999
213  267
213  366
213  693
213  917
213  923
213  935
213  938
213  970
213  974
213  979
214  490
214  654
214  686
214  775
214  796
214  910
214  926
214  972
214  983
214  993
215  403
215  583
215  612
215  709
215  712
215  737
215  774
215  807
215  849
215  874
216  537
216  556
216  602
216  639
216  887
216  909
216  914
216  935
216  946
217  489
217  722
217  724
217  743
217  826
217  840
217  905
217  982
217  987
218  564
218  674
218  789
218  898
218  941
218  972
218  982
218  987
219  256
219  291
219  350
219  467
219  536
219  736
219  780
219  784
219  951
220  263
220  567
220  669
220  714
220  781
220  829
220  882
220  916
221  263
221  514
221  593
221  770
221  832
221  945
221  947
221  956
221  967
221  976
222  409
222  518
222  783
222  818
222  822
222  838
222  988
222  993
222  994
222  997
223  353
223  491
223  680
223  682
223  731
223  803
223  860
223  864
223  934
223  944
224  345
224  450
224  602
224  669
224  718
224  726
224  736
224  787
224  882
225  294
225  432
225  509
225  733
225  794
225  812
225  900
225  991
226  489
226  747
226  964
226  988
226  989
226  994
226  995
226  997
226  999
227  242
227  390
227  396
227  517
227  717
227  930
227  954
227  996
227  1000
228  427
228  440
228  775
228  901
228  910
228  972
228  973
228  983
229  255
229  647
229  737
229  790
229  793
229  800
229  831
229  848
229  894
229  909
230  433
230  442
230  679
230  706
230  711
230  810
230  833
230  864
230  903
231  341
231  376
231  462
231  584
231  603
231  735
231  806
231  871
232  361
232  681
232  758
232  861
232  869
232  939
232  942
232  991
232  1000
233  367
233  407
233  481
233  581
233  797
233  798
233  921
233  933
233  943
234  266
234  773
234  796
234  862
234  878
234  926
234  967
234  972
234  973
234  983
235  275
235  302
235  478
235  487
235  579
235  767
235  804
235  842
235  920
235  992
236  260
236  375
236  678
236  702
236  893
236  927
236  966
236  970
236  978
236  979
237  244
237  329
237  457
237  737
237  763
237  790
237  800
237  831
237  848
237  894
238  382
238  428
238  539
238  846
238  886
238  950
238  975
238  984
238  991
238  996
239  431
239  514
239  635
239  671
239  770
239  873
239  892
239  945
239  947
239  976
240  367
240  563
240  596
240  838
240  988
240  993
240  994
240  995
240  997
240  999
241  393
241  499
241  584
241  610
241  880
241  919
241  964
241  965
241  967
241  981
242  634
242  690
242  951
242  966
242  984
242  992
242  996
242  1000
243  254
243  271
243  288
243  697
243  922
243  927
243  948
243  985
243  998
243  999
244  251
244  793
244  881
244  948
244  969
244  985
244  998
245  445
245  663
245  670
245  689
245  939
245  944
245  951
245  975
245  1000
246  729
246  798
246  822
246  844
246  932
246  989
246  993
246  995
246  997
246  999
247  253
247  261
247  443
247  509
247  718
247  760
247  794
247  900
248  330
248  356
248  365
248  548
248  909
248  958
248  962
248  985
248  991
249  542
249  728
249  798
249  896
249  902
249  989
249  994
249  995
249  997
249  999
250  526
250  734
250  756
250  948
250  953
250  969
250  976
250  977
250  998
251  348
251  765
251  815
251  955
251  980
251  985
251  997
251  998
252  294
252  508
252  536
252  687
252  736
252  761
252  781
252  882
252  926
253  648
253  721
253  722
253  753
253  791
253  807
253  864
253  888
253  918
254  360
254  840
254  912
254  968
254  977
254  980
255  289
255  340
255  502
255  588
255  764
255  831
255  848
255  894
256  330
256  355
256  356
256  513
256  664
256  887
256  914
256  946
256  972
257  292
257  357
257  546
257  547
257  631
257  748
257  776
257  982
258  264
258  536
258  567
258  571
258  659
258  772
258  848
258  959
259  333
259  866
259  921
259  922
259  932
259  960
259  963
260  505
260  685
260  940
260  954
260  966
260  970
260  974
261  506
261  798
261  899
261  902
261  988
261  993
261  995
261  997
261  999
262  455
262  528
262  610
262  818
262  835
262  989
262  993
262  994
262  997
262  999
263  480
263  676
263  801
263  906
263  947
263  956
263  976
263  990
264  286
264  560
264  588
264  727
264  736
264  787
264  855
264  882
265  380
265  454
265  511
265  827
265  843
265  896
265  899
265  909
265  946
265  958
266  354
266  472
266  836
266  885
266  949
266  972
266  973
266  983
267  380
267  454
267  634
267  690
267  852
267  899
267  909
267  946
267  958
268  648
268  691
268  742
268  755
268  787
268  975
268  986
268  991
268  992
269  358
269  471
269  563
269  643
269  782
269  917
269  952
269  957
269  971
270  457
270  472
270  532
270  557
270  657
270  759
270  862
270  926
270  983
270  987
271  479
271  557
271  604
271  715
271  953
271  955
271  956
271  998
272  351
272  689
272  861
272  879
272  951
272  986
272  991
272  994
272  996
273  436
273  616
273  650
273  692
273  751
273  785
273  824
273  827
273  863
273  886
274  297
274  333
274  369
274  446
274  561
274  663
274  746
274  922
274  960
275  302
275  560
275  613
275  766
275  804
275  920
276  335
276  500
276  701
276  805
276  822
276  845
276  879
276  964
276  967
276  981
277  427
277  623
277  768
277  841
277  910
277  949
277  972
277  983
277  991
278  384
278  425
278  488
278  679
278  697
278  878
278  912
278  959
278  985
278  998
279  478
279  541
279  866
279  922
279  951
279  960
279  963
279  991
280  298
280  351
280  391
280  466
280  496
280  614
280  791
280  833
280  903
281  398
281  462
281  554
281  584
281  614
281  806
281  845
281  871
281  980
282  357
282  407
282  525
282  757
282  884
282  933
282  943
283  438
283  657
283  804
283  836
283  888
283  910
283  926
283  972
283  973
283  983
284  353
284  400
284  617
284  628
284  636
284  668
284  860
284  924
284  934
285  369
285  733
285  866
285  948
285  960
285  963
285  968
286  453
286  687
286  772
286  781
286  784
286  875
286  891
286  959
287  660
287  693
287  707
287  808
287  876
287  883
287  957
287  970
287  978
287  979
288  447
288  602
288  765
288  834
288  953
288  980
288  985
288  998
289  569
289  633
289  683
289  727
289  749
289  797
289  921
289  933
289  943
290  450
290  524
290  571
290  669
290  703
290  786
290  787
290  795
290  882
290  891
291  651
291  669
291  736
291  761
291  780
291  787
291  922
291  939
292  402
292  537
292  761
292  931
292  941
292  978
292  982
292  987
293  748
293  822
293  988
293  989
293  993
293  994
293  995
293  997
293  999
294  589
294  944
294  954
294  986
294  991
294  992
294  996
294  1000
295  455
295  461
295  789
295  811
295  840
295  851
295  868
295  941
295  977
295  987
296  447
296  497
296  561
296  670
296  767
296  804
296  842
296  920
296  943
297  451
297  452
297  538
297  808
297  819
297  960
297  963
298  384
298  562
298  645
298  711
298  721
298  810
298  888
298  947
299  428
299  627
299  834
299  912
299  950
299  955
299  959
299  977
299  985
299  998
300  491
300  636
300  667
300  680
300  803
300  860
300  924
300  934
300  993
301  432
301  509
301  573
301  682
301  760
301  794
301  812
301  900
302  579
302  766
302  771
302  804
302  841
302  842
302  920
303  635
303  737
303  801
303  892
303  906
303  907
303  945
303  976
303  995
304  487
304  670
304  747
304  766
304  788
304  920
304  946
305  329
305  522
305  627
305  788
305  912
305  937
305  985
305  998
306  417
306  670
306  707
306  779
306  814
306  953
306  959
306  980
306  985
306  998
307  437
307  683
307  699
307  714
307  750
307  821
307  895
307  952
307  971
308  587
308  654
308  773
308  826
308  841
308  870
308  973
308  983
308  1000
309  441
309  491
309  668
309  682
309  731
309  774
309  924
309  934
309  969
310  346
310  583
310  608
310  735
310  744
310  816
310  874
310  904
310  923
311  592
311  950
311  988
311  989
311  993
311  994
311  995
311  997
311  999
312  624
312  631
312  674
312  687
312  853
312  859
312  931
312  935
312  982
313  362
313  671
313  685
313  801
313  907
313  945
313  947
313  956
313  976
313  997
314  455
314  654
314  730
314  896
314  988
314  993
314  994
314  995
314  997
314  999
315  514
315  558
315  678
315  892
315  907
315  945
315  947
315  956
315  976
315  984
316  443
316  503
316  543
316  718
316  760
316  794
316  812
316  900
317  544
317  877
317  930
317  934
317  937
317  951
317  991
317  992
317  996
317  1000
318  359
318  400
318  450
318  567
318  736
318  882
318  891
318  983
319  333
319  369
319  412
319  663
319  866
319  916
319  922
319  960
319  963
320  347
320  656
320  677
320  717
320  729
320  817
320  962
320  986
321  423
321  475
321  575
321  627
321  638
321  927
321  959
321  980
321  998
322  342
322  516
322  625
322  655
322  715
322  928
322  948
322  969
322  980
322  998
323  435
323  568
323  603
323  806
323  809
323  871
323  899
324  490
324  494
324  542
324  656
324  740
324  937
324  951
325  448
325  532
325  673
325  857
325  932
325  938
325  966
325  974
325  978
325  979
326  483
326  724
326  727
326  825
326  878
326  928
326  969
326  980
326  985
327  505
327  727
327  988
327  989
327  993
327  994
327  995
327  997
327  999
328  561
328  579
328  766
328  767
328  788
328  842
328  920
328  955
328  982
329  480
329  598
329  779
329  878
329  896
329  977
329  998
330  640
330  643
330  781
330  827
330  856
330  887
330  890
330  958
331  513
331  621
331  779
331  942
331  944
331  950
331  986
331  992
331  996
331  1000
332  652
332  720
332  831
332  877
332  942
332  975
332  986
332  992
332  996
332  1000
333  452
333  609
333  808
333  960
333  963
333  994
333  999
334  382
334  568
334  688
334  734
334  935
334  955
334  959
334  969
334  977
334  998
335  552
335  704
335  793
335  836
335  880
335  885
335  961
335  965
335  981
336  402
336  426
336  445
336  840
336  889
336  898
336  931
336  941
336  987
337  499
337  563
337  578
337  799
337  993
337  994
337  995
337  997
337  999
338  449
338  538
338  609
338  866
338  939
338  960
338  963
339  478
339  660
339  883
339  913
339  923
339  928
339  970
339  974
339  979
340  494
340  737
340  763
340  790
340  793
340  800
340  831
340  862
340  894
341  392
341  490
341  576
341  656
341  729
341  937
342  856
342  875
342  913
342  923
342  966
342  970
342  974
342  978
342  979
343  367
343  545
343  681
343  739
343  884
343  912
343  921
343  933
343  943
343  953
344  640
344  644
344  690
344  827
344  890
344  895
344  909
344  946
344  958
344  959
345  714
345  738
345  777
345  829
345  908
345  994
346  446
346  733
346  755
346  808
346  866
346  922
346  960
346  963
347  410
347  490
347  677
347  717
347  918
347  930
347  937
348  430
348  604
348  715
348  764
348  779
348  969
348  977
348  992
349  530
349  535
349  666
349  700
349  816
349  849
349  889
349  904
350  467
350  536
350  567
350  588
350  686
350  703
350  781
350  820
350  882
350  986
351  466
351  533
351  783
351  791
351  828
351  864
351  918
352  477
352  577
352  645
352  672
352  984
352  986
352  992
352  996
352  1000
353  400
353  529
353  667
353  803
353  810
353  924
353  934
353  949
354  493
354  581
354  795
354  836
354  908
354  910
354  926
354  949
354  972
355  394
355  548
355  771
355  874
355  938
355  946
355  962
356  406
356  483
356  511
356  658
356  899
356  914
356  996
357  414
357  525
357  619
357  681
357  797
357  933
357  943
357  998
358  699
358  750
358  895
358  916
358  943
358  952
358  954
358  957
358  971
359  714
359  736
359  766
359  772
359  787
359  829
359  852
359  987
360  577
360  611
360  673
360  732
360  754
360  824
360  883
360  886
361  652
361  868
361  954
361  975
361  984
361  991
361  992
361  995
361  1000
362  396
362  558
362  585
362  603
362  830
362  892
362  906
362  945
362  947
362  976
363  441
363  504
363  734
363  911
363  915
363  961
363  964
363  967
363  981
364  589
364  689
364  936
364  942
364  968
364  975
364  986
364  992
364  996
364  1000
365  428
365  644
365  827
365  887
365  890
365  899
365  958
365  962
366  403
366  678
366  713
366  876
366  883
366  892
366  913
366  978
366  979
367  550
367  637
367  739
367  933
367  943
368  386
368  498
368  821
368  850
368  872
368  906
368  917
368  925
368  929
368  957
369  538
369  541
369  663
369  960
369  963
369  985
369  991
370  373
370  401
370  615
370  748
370  859
370  868
370  958
370  982
370  987
370  988
370  990
371  555
371  623
371  765
371  775
371  862
371  870
371  910
371  926
371  973
371  983
372  725
372  736
372  752
372  930
372  933
372  939
372  984
372  991
372  996
372  1000
373  402
373  710
373  776
373  853
373  859
373  868
373  873
373  898
373  990
374  379
374  516
374  714
374  742
374  951
374  954
374  975
374  986
374  992
374  996
374  1000
375  600
375  702
375  708
375  876
375  923
375  932
375  935
375  966
375  974
375  991
376  460
376  482
376  554
376  568
376  785
376  809
377  754
377  953
377  968
377  988
377  989
377  993
377  994
377  995
377  997
377  999
378  798
378  818
378  863
378  880
378  978
378  988
378  989
378  994
378  995
378  997
378  999
379  758
379  810
379  846
379  939
379  950
379  975
379  984
379  996
379  999
379  1000
380  422
380  602
380  643
380  644
380  739
380  852
380  899
380  962
381  406
381  430
381  661
381  680
381  745
381  855
381  927
381  948
381  968
381  980
381  998
382  516
382  574
382  605
382  724
382  765
382  953
382  968
382  985
382  998
383  699
383  850
383  872
383  895
383  916
383  917
383  929
383  957
383  971
383  973
384  535
384  583
384  666
384  700
384  712
384  744
384  854
384  904
385  540
385  650
385  863
385  905
385  988
385  989
385  993
385  994
385  995
385  997
385  999
386  413
386  474
386  782
386  895
386  916
386  917
386  952
386  957
386  971
386  1000
387  607
387  811
387  868
387  889
387  914
387  931
387  982
387  987
387  990
387  995
388  414
388  495
388  683
388  716
388  739
388  757
388  781
388  873
388  921
388  931
388  933
389  416
389  551
389  837
389  875
389  954
389  984
389  986
389  991
389  996
389  998
389  1000
390  517
390  696
390  755
390  835
390  916
390  936
390  975
390  992
390  996
391  879
391  936
391  951
391  984
391  992
391  994
391  996
391  1000
392  425
392  565
392  576
392  656
392  717
392  729
392  740
392  861
393  521
393  590
393  811
393  859
393  898
393  931
393  978
393  987
393  990
394  571
394  640
394  690
394  771
394  857
394  887
394  914
394  946
394  958
394  962
395  469
395  492
395  500
395  575
395  578
395  684
395  792
395  880
395  919
395  966
395  967
396  558
396  735
396  832
396  906
396  907
396  945
396  956
396  976
397  429
397  539
397  547
397  599
397  745
397  853
397  859
397  898
397  982
397  990
398  477
398  615
398  701
398  813
398  865
398  961
398  965
398  967
398  981
399  510
399  799
399  844
399  989
399  993
399  994
399  995
399  996
399  997
399  999
400  617
400  680
400  774
400  803
400  924
400  934
401  599
401  748
401  859
401  890
401  979
401  982
401  987
401  990
402  674
402  776
402  811
402  915
402  938
402  987
402  990
403  612
403  709
403  807
403  849
403  854
403  874
403  904
404  469
404  504
404  621
404  801
404  915
404  919
404  961
404  964
404  965
404  967
404  981
405  599
405  769
405  840
405  923
405  935
405  940
405  966
405  970
405  972
405  974
405  978
406  441
406  625
406  724
406  814
406  955
406  968
406  985
406  998
407  550
407  569
407  572
407  582
407  757
407  921
408  581
408  587
408  637
408  686
408  768
408  870
408  910
408  973
408  983
409  707
409  723
409  913
409  923
409  932
409  940
409  956
409  970
409  974
409  979
410  494
410  547
410  656
410  817
410  924
410  937
411  510
411  573
411  577
411  609
411  692
411  785
411  824
411  867
411  886
412  451
412  663
412  699
412  808
412  866
412  922
412  949
412  960
412  963
413  471
413  750
413  895
413  925
413  952
413  957
413  971
413  976
414  572
414  582
414  681
414  757
414  873
414  884
414  933
414  977
414  978
415  427
415  692
415  707
415  723
415  749
415  839
415  966
415  974
415  978
415  979
416  434
416  657
416  665
416  879
416  951
416  970
416  984
416  986
416  992
417  418
417  646
417  877
417  927
417  928
417  953
417  955
417  969
417  977
417  998
418  526
418  571
418  638
418  691
418  756
418  855
418  896
418  927
418  968
418  969
419  534
419  819
419  894
419  927
419  948
419  953
419  955
419  959
419  968
419  977
419  995
420  823
420  986
420  988
420  989
420  993
420  994
420  995
420  997
420  999
421  480
421  583
421  608
421  657
421  705
421  807
421  874
421  887
421  904
422  511
422  640
422  664
422  728
422  887
422  890
422  899
422  962
423  464
423  719
423  726
423  734
423  823
423  843
423  948
423  969
423  985
423  998
424  565
424  576
424  705
424  717
424  817
424  864
424  937
424  990
425  534
425  627
425  655
425  779
425  834
425  977
425  985
425  998
426  576
426  652
426  846
426  930
426  936
426  951
426  984
426  986
426  992
426  996
427  486
427  810
427  949
427  972
427  973
427  983
428  559
428  837
428  846
428  930
428  939
428  954
428  986
428  1000
429  748
429  840
429  853
429  860
429  879
429  941
429  982
429  988
429  990
430  814
430  819
430  835
430  843
430  928
430  949
430  969
430  985
430  998
431  475
431  485
431  606
431  901
431  989
431  993
431  995
431  997
431  999
431  1000
432  443
432  464
432  699
432  794
432  812
432  900
433  507
433  528
433  600
433  844
433  989
433  993
433  994
433  995
433  997
433  999
434  479
434  893
434  930
434  939
434  954
434  991
434  992
434  1000
435  440
435  620
435  635
435  695
435  830
435  891
435  906
435  907
435  956
435  976
436  505
436  524
436  594
436  692
436  732
436  824
436  867
436  886
437  653
437  750
437  821
437  895
437  916
437  952
437  957
437  971
437  974
437  980
438  444
438  532
438  637
438  732
438  972
438  973
438  983
439  466
439  562
439  753
439  791
439  802
439  869
439  888
439  918
439  940
439  993
440  480
440  586
440  671
440  695
440  945
440  947
440  976
440  989
441  479
441  814
441  881
441  912
441  948
441  968
441  977
441  998
442  711
442  753
442  802
442  810
442  831
442  833
442  864
442  888
442  895
442  898
443  503
443  642
443  718
443  794
443  812
443  900
443  938
444  447
444  550
444  581
444  637
444  759
444  768
444  775
444  862
444  972
444  973
445  719
445  758
445  798
445  935
445  936
445  991
445  992
445  996
445  1000
446  452
446  492
446  696
446  733
446  808
446  922
446  963
447  561
447  579
447  766
447  788
447  804
447  842
447  920
448  520
448  633
448  769
448  857
448  877
448  883
448  935
448  974
448  978
448  979
449  451
449  478
449  538
449  541
449  733
449  753
449  858
449  922
449  963
450  453
450  524
450  530
450  560
450  659
450  784
450  958
451  609
451  663
451  733
451  770
451  960
451  963
451  982
452  455
452  478
452  808
452  922
452  960
452  963
452  994
453  467
453  482
453  490
453  687
453  714
453  772
453  787
454  602
454  644
454  887
454  890
454  914
454  957
454  958
454  962
455  475
455  902
455  988
455  989
455  995
455  997
455  999
456  565
456  698
456  708
456  749
456  856
456  876
456  932
456  938
456  970
456  993
457  737
457  763
457  790
457  793
457  831
457  894
457  971
457  999
458  475
458  783
458  791
458  828
458  864
458  888
458  903
458  918
458  975
459  628
459  705
459  856
459  923
459  938
459  966
459  970
459  978
459  979
459  996
460  568
460  601
460  603
460  806
460  809
460  871
461  599
461  615
461  665
461  743
461  745
461  931
461  934
461  982
462  540
462  568
462  601
462  614
462  752
462  806
463  591
463  694
463  749
463  857
463  859
463  871
463  913
463  924
463  938
463  966
463  974
464  503
464  523
464  642
464  718
464  794
464  812
464  900
465  704
465  885
465  908
465  961
465  964
465  965
465  981
466  496
466  679
466  706
466  783
466  828
466  843
466  888
466  918
466  958
467  536
467  588
467  609
467  651
467  669
467  781
467  814
467  882
468  626
468  662
468  675
468  850
468  880
468  885
468  908
468  964
468  967
468  981
469  512
469  780
469  805
469  865
469  908
469  919
469  956
469  957
469  961
469  981
470  632
470  838
470  863
470  901
470  933
470  960
470  988
470  993
470  994
470  997
470  999
471  561
471  750
471  782
471  838
471  917
471  925
471  929
471  952
471  970
471  971
472  532
472  556
472  637
472  759
472  784
472  836
472  841
472  860
472  973
473  693
473  723
473  755
473  791
473  839
473  913
473  940
473  949
473  966
473  970
473  978
473  979
474  592
474  672
474  795
474  902
474  989
474  993
474  994
474  995
474  997
474  999
475  632
475  754
475  988
475  989
475  994
475  995
475  997
475  999
476  498
476  527
476  756
476  872
476  895
476  916
476  917
476  929
476  957
476  971
476  987
477  566
477  676
477  778
477  792
477  865
477  885
477  961
477  965
478  538
478  630
478  922
478  960
478  963
479  688
479  819
479  948
479  968
479  977
479  980
479  985
479  998
480  676
480  720
480  830
480  892
480  945
480  947
480  956
480  976
481  619
481  633
481  649
481  739
481  757
481  873
481  921
481  943
481  980
482  567
482  571
482  714
482  761
482  772
482  777
482  781
482  829
483  513
483  517
483  602
483  639
483  658
483  664
483  958
483  962
483  973
484  562
484  639
484  648
484  679
484  722
484  761
484  783
484  802
484  833
485  528
485  632
485  793
485  956
485  982
485  988
485  989
485  994
485  995
485  997
485  999
486  532
486  796
486  830
486  836
486  900
486  926
486  949
486  972
486  973
486  983
487  725
487  766
487  767
487  788
487  804
487  920
487  958
488  843
488  878
488  880
488  923
488  948
488  955
488  959
488  977
488  984
488  985
488  998
489  604
489  625
489  776
489  826
489  889
489  898
489  905
489  987
489  990
490  494
490  576
490  678
490  729
490  740
490  817
490  937
491  667
491  682
491  731
491  752
491  803
491  924
492  550
492  569
492  582
492  619
492  633
492  649
492  873
492  933
492  943
493  587
493  657
493  768
493  773
493  926
493  949
493  956
493  969
493  972
493  973
493  983
494  576
494  656
494  677
494  740
494  817
494  899
494  937
495  569
495  572
495  681
495  727
495  921
495  933
495  943
496  502
496  647
496  791
496  833
496  869
496  903
496  918
496  995
497  522
497  556
497  643
497  658
497  690
497  887
497  899
497  946
497  958
497  962
497  997
498  531
498  653
498  850
498  920
498  925
498  929
498  952
498  957
498  971
499  566
499  701
499  880
499  885
499  915
499  930
499  950
499  964
499  967
499  981
500  526
500  791
500  805
500  885
500  908
500  911
500  919
500  929
500  964
500  965
501  553
501  719
501  723
501  755
501  879
501  930
501  975
501  986
501  991
501  996
501  1000
502  545
502  737
502  763
502  764
502  790
502  793
502  800
502  831
502  848
502  894
503  509
503  642
503  703
503  718
503  760
503  794
503  900
503  989
504  684
504  885
504  915
504  961
504  965
504  967
504  981
504  994
504  996
505  567
505  628
505  769
505  856
505  940
505  966
505  974
505  978
506  781
506  809
506  832
506  901
506  902
506  988
506  989
506  994
506  995
506  999
507  551
507  605
507  655
507  815
507  988
507  993
507  994
507  995
507  997
507  999
508  571
508  651
508  726
508  736
508  820
508  829
508  884
508  891
508  971
509  642
509  760
509  805
509  812
509  900
510  536
510  698
510  769
510  839
510  923
510  932
510  940
510  970
510  974
510  978
511  513
511  639
511  887
511  899
511  914
511  958
511  962
512  570
512  585
512  778
512  813
512  908
512  915
512  950
512  964
512  965
512  981
513  658
513  805
513  852
513  887
513  899
513  909
513  914
513  946
514  529
514  600
514  620
514  906
514  907
514  947
514  956
514  976
514  980
515  613
515  670
515  683
515  766
515  767
515  788
515  804
515  817
515  920
516  726
516  814
516  819
516  896
516  927
516  977
516  980
516  985
516  998
517  589
517  634
517  837
517  983
517  986
517  991
517  992
517  996
517  1000
518  622
518  815
518  822
518  838
518  917
518  946
518  989
518  992
518  993
518  995
518  999
519  605
519  878
519  892
519  896
519  928
519  969
519  980
519  985
519  990
519  998
520  555
520  694
520  713
520  883
520  913
520  926
520  938
520  970
520  974
520  995
521  549
521  757
521  840
521  853
521  873
521  931
521  941
521  947
521  982
521  987
521  990
522  627
522  713
522  825
522  896
522  912
522  959
522  968
522  980
522  985
522  998
523  543
523  546
523  789
523  840
523  847
523  851
523  931
523  939
523  941
523  987
523  990
524  659
524  761
524  777
524  781
524  820
524  954
524  981
525  569
525  619
525  683
525  716
525  739
525  818
525  873
525  943
525  973
525  977
526  534
526  688
526  881
526  969
526  977
526  980
526  985
526  991
526  998
527  644
527  872
527  895
527  916
527  917
527  929
527  952
527  957
527  971
527  996
528  956
528  973
528  984
528  989
528  993
528  994
528  995
528  997
528  999
529  617
529  680
529  731
529  734
529  803
529  860
529  924
529  934
530  535
530  612
530  705
530  735
530  816
530  849
530  904
531  569
531  652
531  786
531  930
531  950
531  954
531  986
531  991
531  996
531  1000
532  557
532  759
532  903
532  949
532  972
532  973
532  983
533  647
533  711
533  753
533  787
533  802
533  810
533  815
533  864
533  888
533  987
534  582
534  604
534  638
534  715
534  823
534  878
534  948
534  977
535  583
535  608
535  625
535  700
535  712
535  735
535  807
535  816
535  829
536  703
536  736
536  780
536  882
536  891
537  547
537  674
537  681
537  851
537  855
537  868
537  897
537  987
537  990
538  541
538  623
538  922
538  944
538  960
538  963
539  621
539  694
539  725
539  835
539  958
539  984
539  996
539  1000
540  730
540  818
540  884
540  902
540  972
540  989
540  994
540  995
540  997
540  999
541  593
541  733
541  866
541  922
541  960
541  963
541  967
542  632
542  742
542  856
542  901
542  989
542  993
542  994
542  995
542  997
542  999
543  741
543  745
543  789
543  840
543  931
543  990
543  991
544  653
544  786
544  877
544  930
544  942
544  944
544  950
544  975
544  992
544  1000
545  582
545  681
545  716
545  725
545  727
545  756
545  757
545  921
545  933
545  943
546  607
546  732
546  776
546  855
546  982
546  987
546  990
547  660
547  745
547  789
547  806
547  851
547  897
547  905
547  987
548  596
548  852
548  887
548  909
548  942
548  946
548  958
548  978
549  741
549  776
549  826
549  840
549  889
549  902
549  982
549  987
549  988
549  990
550  560
550  582
550  683
550  716
550  873
550  884
550  943
551  660
551  769
551  857
551  876
551  966
551  970
551  974
551  978
551  979
552  663
552  805
552  865
552  885
552  908
552  911
552  919
552  961
552  964
552  967
552  969
552  981
553  828
553  846
553  950
553  973
553  975
553  984
553  991
553  992
553  996
553  1000
554  568
554  584
554  603
554  614
554  809
554  871
554  912
554  919
555  861
555  875
555  893
555  950
555  954
555  984
555  986
555  991
555  992
555  996
555  1000
556  643
556  658
556  771
556  834
556  909
556  914
556  946
557  587
557  686
557  757
557  775
557  822
557  836
557  870
557  949
557  972
557  983
558  600
558  695
558  712
558  816
558  832
558  907
558  945
558  947
558  956
558  976
559  672
559  709
559  854
559  861
559  975
559  984
559  986
559  991
559  992
559  1000
560  714
560  726
560  738
560  777
560  780
560  787
560  966
561  613
561  670
561  766
561  767
561  788
561  804
561  842
561  920
562  679
562  721
562  799
562  802
562  833
562  869
562  903
562  994
563  730
563  795
563  802
563  863
563  988
563  989
563  993
563  994
563  997
563  999
564  624
564  728
564  752
564  822
564  875
564  939
564  951
564  975
564  986
564  992
564  1000
565  576
565  656
565  677
565  716
565  717
565  728
565  817
565  937
566  567
566  704
566  733
566  778
566  805
566  915
566  961
566  965
566  981
566  984
566  1000
567  736
567  738
567  813
567  820
567  829
568  614
568  806
568  871
568  905
569  573
569  681
569  884
569  921
569  943
569  989
570  815
570  838
570  863
570  901
570  902
570  988
570  993
570  994
570  996
570  997
570  999
571  726
571  736
571  763
571  772
571  784
571  787
572  633
572  797
572  921
572  933
572  945
573  577
573  594
573  673
573  732
573  751
573  824
573  867
573  886
573  964
574  617
574  629
574  636
574  668
574  680
574  682
574  764
574  774
574  860
574  924
574  934
575  805
575  845
575  880
575  892
575  908
575  964
575  965
575  967
575  981
575  998
576  716
576  729
576  937
576  963
577  611
577  650
577  673
577  751
577  775
577  785
577  811
577  824
577  886
578  675
578  721
578  792
578  865
578  907
578  911
578  961
578  964
578  965
578  967
578  981
579  583
579  589
579  670
579  788
579  804
579  844
579  920
580  693
580  821
580  847
580  872
580  895
580  917
580  925
580  929
580  940
580  952
580  971
581  588
581  637
581  654
581  759
581  836
581  870
581  949
581  973
581  983
582  633
582  712
582  713
582  739
582  884
582  933
583  705
583  846
583  854
583  874
583  970
584  601
584  806
584  809
584  871
584  918
584  984
585  778
585  813
585  911
585  915
585  942
585  961
585  964
585  965
585  967
585  981
586  620
586  652
586  685
586  770
586  801
586  830
586  832
586  947
586  956
586  960
586  976
587  623
587  654
587  657
587  706
587  768
587  818
587  949
587  973
587  994
588  726
588  736
588  772
588  891
589  755
589  944
589  950
589  975
589  980
589  991
589  996
589  1000
590  636
590  743
590  789
590  826
590  866
590  898
590  931
590  987
590  990
591  715
591  839
591  879
591  883
591  913
591  935
591  938
591  966
591  970
591  974
591  979
591  982
592  656
592  838
592  901
592  974
592  989
592  993
592  994
592  997
592  999
593  730
593  863
593  902
593  979
593  988
593  989
593  993
593  994
593  995
593  997
593  999
594  616
594  650
594  692
594  732
594  785
594  800
594  824
594  867
594  973
595  693
595  702
595  707
595  839
595  857
595  914
595  932
595  938
595  959
595  966
595  978
595  979
595  993
596  664
596  671
596  816
596  827
596  890
596  899
596  946
596  958
596  962
597  628
597  698
597  702
597  883
597  935
597  940
597  974
597  978
597  979
597  994
597  1000
598  765
598  825
598  878
598  953
598  955
598  967
598  968
598  980
598  985
598  995
598  998
599  710
599  847
599  853
599  855
599  897
599  987
599  990
600  629
600  676
600  685
600  830
600  906
600  945
600  947
600  976
601  614
601  800
601  806
601  809
601  871
601  911
602  640
602  664
602  771
602  946
602  958
602  962
603  614
603  809
603  871
604  646
604  843
604  896
604  928
604  946
604  948
604  968
604  977
604  998
605  799
605  884
605  912
605  928
605  953
605  955
605  969
605  980
605  985
605  998
606  747
606  764
606  799
606  822
606  945
606  986
606  988
606  989
606  994
606  995
606  997
606  999
607  615
607  743
607  767
607  811
607  851
607  855
607  859
607  941
607  987
607  990
608  637
608  705
608  712
608  744
608  816
608  849
608  874
608  951
608  988
609  808
609  866
609  922
609  960
609  963
610  617
610  641
610  675
610  683
610  701
610  908
610  915
610  964
610  965
610  967
610  981
611  650
611  673
611  692
611  751
611  785
611  824
611  867
611  886
611  977
612  676
612  705
612  709
612  816
612  854
612  874
612  887
612  983
613  670
613  762
613  766
613  767
613  842
613  920
613  986
614  806
614  966
615  624
615  791
615  889
615  941
615  965
615  987
615  990
616  620
616  673
616  692
616  732
616  751
616  785
616  824
616  867
616  886
616  979
617  636
617  668
617  774
617  803
617  860
617  924
617  934
618  747
618  754
618  758
618  844
618  846
618  988
618  989
618  993
618  994
618  995
618  997
618  999
619  649
619  681
619  739
619  757
619  797
619  809
619  873
619  933
619  953
619  988
620  635
620  720
620  770
620  897
620  906
620  945
620  956
620  976
621  652
621  728
621  917
621  944
621  951
621  961
621  984
621  991
621  992
621  996
621  1000
622  753
622  754
622  798
622  901
622  976
622  988
622  989
622  993
622  994
622  995
622  997
622  999
623  759
623  762
623  768
623  949
623  972
623  973
623  979
623  983
624  648
624  710
624  776
624  851
624  905
624  982
624  990
625  756
625  765
625  766
625  825
625  928
625  953
625  968
625  980
625  998
626  662
626  792
626  813
626  911
626  919
626  961
626  964
626  965
626  967
626  981
626  997
626  999
627  638
627  724
627  896
627  980
627  981
627  998
627  1000
628  707
628  751
628  857
628  923
628  932
628  938
628  940
628  966
628  970
628  978
629  630
629  635
629  676
629  695
629  734
629  801
629  830
629  832
629  945
629  956
629  976
630  770
630  801
630  804
630  830
630  832
630  892
630  945
630  947
630  956
630  976
631  776
631  825
631  840
631  851
631  853
631  897
631  941
631  982
631  987
631  990
632  795
632  986
632  988
632  993
632  994
632  995
632  997
632  999
632  1000
633  683
633  739
633  869
633  873
633  884
633  921
633  943
633  990
634  646
634  746
634  786
634  841
634  944
634  950
634  970
634  984
634  991
634  992
634  1000
635  695
635  832
635  892
635  907
635  945
635  956
635  976
635  997
636  642
636  668
636  682
636  731
636  803
636  860
636  924
636  934
637  762
637  796
637  949
637  970
637  972
637  983
638  653
638  697
638  715
638  823
638  881
638  955
638  962
638  968
638  980
638  998
639  643
639  684
639  852
639  887
639  890
639  946
639  958
639  962
640  658
640  664
640  827
640  847
640  890
640  899
640  946
640  962
640  999
641  675
641  770
641  792
641  813
641  824
641  845
641  865
641  880
641  961
641  964
641  965
641  967
642  688
642  718
642  760
642  794
642  812
642  900
642  992
643  771
643  890
643  909
643  914
643  958
643  962
643  996
644  852
644  890
644  904
644  914
644  946
644  958
644  962
645  648
645  711
645  722
645  783
645  791
645  810
645  864
645  869
645  918
645  975
646  786
646  861
646  930
646  948
646  950
646  975
646  991
646  996
646  1000
647  648
647  753
647  783
647  802
647  810
647  828
647  903
647  919
647  998
648  753
648  791
648  810
648  828
648  833
648  869
648  903
648  932
649  683
649  716
649  727
649  797
649  873
649  884
649  886
649  933
649  943
649  978
650  692
650  732
650  751
650  792
650  824
650  867
650  886
650  890
651  659
651  669
651  738
651  762
651  780
651  820
651  829
651  882
651  891
651  923
651  927
652  654
652  879
652  936
652  991
652  992
652  1000
653  782
653  916
653  917
653  925
653  929
653  952
653  957
653  971
654  768
654  773
654  841
654  870
654  949
654  983
654  997
655  730
655  815
655  822
655  863
655  901
655  988
655  991
655  993
655  994
655  997
655  999
656  677
656  717
656  937
656  939
657  775
657  796
657  910
657  926
657  972
657  973
657  983
657  988
658  664
658  946
658  958
658  962
659  698
659  703
659  750
659  777
659  820
659  882
659  891
659  961
660  708
660  839
660  845
660  856
660  932
660  940
660  966
660  978
660  979
660  981
661  730
661  814
661  819
661  825
661  834
661  871
661  927
661  959
661  961
661  968
661  977
661  985
661  998
662  675
662  684
662  704
662  849
662  851
662  880
662  908
662  911
662  914
662  964
662  967
663  733
663  808
663  866
663  922
663  960
663  963
663  998
664  813
664  818
664  887
664  890
664  958
664  962
665  719
665  872
665  875
665  930
665  936
665  950
665  984
665  986
665  992
665  996
665  998
665  1000
666  700
666  712
666  718
666  744
666  777
666  816
666  854
666  874
666  967
667  668
667  674
667  680
667  774
667  860
667  887
667  924
667  934
668  774
668  825
668  860
668  924
668  931
668  934
668  980
669  738
669  761
669  772
669  780
669  891
669  973
669  998
670  697
670  766
670  767
670  788
670  804
670  842
670  920
671  676
671  720
671  770
671  892
671  907
671  932
671  947
671  956
671  976
672  752
672  758
672  939
672  944
672  954
672  984
672  986
672  992
672  996
672  997
672  1000
673  692
673  785
673  824
673  833
673  867
673  886
673  963
674  847
674  853
674  855
674  864
674  889
674  905
674  906
674  931
674  990
675  680
675  701
675  893
675  908
675  911
675  961
675  965
675  981
676  801
676  808
676  830
676  906
676  945
676  947
676  956
676  976
677  729
677  817
677  921
677  937
677  952
678  708
678  861
678  883
678  923
678  932
678  935
678  938
678  940
678  966
678  978
678  979
679  721
679  753
679  833
679  864
679  869
679  903
679  918
679  971
680  699
680  803
680  860
680  934
681  727
681  797
681  873
681  921
681  943
681  974
682  731
682  774
682  815
682  860
682  924
682  925
682  934
683  727
683  873
683  921
683  933
684  715
684  792
684  813
684  845
684  925
684  961
684  964
684  965
684  967
684  981
685  686
685  695
685  801
685  892
685  907
685  945
685  947
685  976
685  979
686  759
686  773
686  796
686  836
686  862
686  870
686  936
686  949
686  972
686  983
687  703
687  761
687  777
687  787
687  820
687  829
687  934
687  969
688  715
688  779
688  901
688  955
688  959
688  968
688  969
688  977
688  998
689  784
689  875
689  877
689  937
689  942
689  954
689  984
689  986
689  992
689  1000
690  771
690  827
690  859
690  914
690  946
690  958
690  962
690  998
691  755
691  786
691  867
691  875
691  912
691  942
691  950
691  951
691  975
691  991
691  992
691  1000
692  732
692  785
692  867
692  886
692  973
693  713
693  749
693  769
693  855
693  913
693  940
693  970
693  974
694  744
694  769
694  876
694  923
694  932
694  935
694  938
694  940
694  974
694  978
694  979
695  717
695  830
695  905
695  906
695  907
695  947
695  956
695  976
696  742
696  746
696  828
696  829
696  835
696  942
696  944
696  950
696  984
696  986
696  991
696  996
696  1000
697  710
697  779
697  825
697  881
697  921
697  927
697  953
697  977
697  980
697  985
697  998
698  713
698  839
698  883
698  913
698  916
698  932
698  938
698  940
698  965
698  974
698  978
699  872
699  917
699  925
699  929
699  957
699  971
700  709
700  712
700  735
700  745
700  807
700  874
700  983
701  788
701  805
701  877
701  880
701  911
701  919
701  961
701  964
701  981
701  997
702  857
702  923
702  932
702  935
702  965
702  966
702  970
702  979
702  986
702  987
703  714
703  761
703  777
703  820
703  882
703  891
704  778
704  838
704  842
704  919
704  961
704  964
704  967
704  981
705  735
705  744
705  849
705  904
705  939
705  991
706  721
706  722
706  756
706  802
706  810
706  828
706  864
706  869
706  888
706  918
706  986
707  708
707  857
707  876
707  923
707  938
707  940
707  978
707  979
707  990
708  807
708  849
708  935
708  961
708  966
708  970
708  974
708  978
708  979
709  735
709  744
709  751
709  807
709  816
709  849
709  854
709  874
709  904
709  978
710  741
710  747
710  847
710  851
710  905
710  931
710  982
710  987
710  990
710  999
711  721
711  722
711  791
711  810
711  814
711  827
711  828
711  833
711  888
711  903
712  735
712  807
712  849
712  854
712  904
712  994
713  723
713  772
713  913
713  923
713  940
713  966
713  970
713  979
713  993
714  736
714  738
714  780
714  784
714  787
714  820
714  982
715  823
715  902
715  948
715  953
715  969
715  980
716  727
716  797
716  873
716  884
716  921
716  943
716  993
717  740
717  817
717  895
717  937
718  794
718  812
718  900
718  955
719  786
719  861
719  893
719  944
719  951
719  954
719  991
719  992
719  996
719  1000
720  801
720  832
720  861
720  892
720  906
720  945
720  947
720  956
720  976
721  791
721  828
721  832
721  833
721  864
721  869
721  888
721  918
722  783
722  791
722  810
722  828
722  888
722  903
722  918
722  961
722  985
723  749
723  870
723  880
723  923
723  935
723  970
723  978
723  979
724  765
724  876
724  948
724  959
724  969
724  977
724  980
724  985
724  998
725  746
725  822
725  835
725  846
725  858
725  930
725  954
725  986
725  992
725  996
725  1000
726  761
726  772
726  780
726  781
726  784
726  787
726  829
726  882
726  981
727  757
727  797
727  884
727  914
727  921
727  933
728  742
728  752
728  893
728  939
728  942
728  986
728  991
728  992
728  996
728  1000
729  740
729  937
730  795
730  822
730  976
730  988
730  989
730  993
730  994
730  995
730  997
730  999
731  853
731  860
731  883
731  924
731  934
731  1000
732  751
732  816
732  867
732  886
732  992
733  744
733  808
733  960
733  963
734  779
734  814
734  896
734  928
734  948
734  953
734  955
734  977
734  998
735  744
735  807
735  816
735  849
735  854
735  904
735  992
736  803
736  1000
737  764
737  790
737  793
737  800
737  831
737  848
737  894
737  989
738  750
738  761
738  772
738  776
738  777
738  780
738  781
738  784
738  884
739  873
739  884
739  921
739  933
739  943
739  961
739  980
740  908
740  937
740  991
741  748
741  789
741  826
741  847
741  889
741  897
741  899
741  905
741  987
741  990
741  996
742  848
742  875
742  877
742  879
742  930
742  942
742  944
742  954
742  955
742  991
742  992
742  996
743  776
743  826
743  847
743  868
743  894
743  898
743  916
743  948
743  963
743  982
743  987
744  849
744  904
744  988
745  826
745  847
745  850
745  851
745  855
745  889
745  987
745  990
745  999
746  837
746  893
746  936
746  950
746  984
746  986
746  990
746  991
746  992
746  996
746  1000
747  757
747  795
747  799
747  818
747  901
747  988
747  989
747  993
747  994
747  995
747  997
747  999
748  847
748  868
748  897
748  898
748  967
748  982
748  990
749  769
749  839
749  857
749  876
749  883
749  894
749  935
749  953
749  966
749  974
749  978
750  821
750  850
750  872
750  916
750  925
750  952
750  957
750  971
750  992
751  785
751  824
751  867
751  886
751  961
752  773
752  786
752  837
752  877
752  942
752  984
752  986
752  992
752  996
753  783
753  802
753  833
753  864
753  869
753  888
753  918
753  965
754  798
754  813
754  844
754  863
754  886
754  989
754  994
754  995
754  996
754  997
754  999
755  861
755  877
755  951
755  954
755  986
755  991
755  992
755  996
755  1000
756  843
756  881
756  896
756  953
756  968
756  977
756  985
756  995
756  998
757  797
757  873
757  921
757  933
757  943
758  804
758  846
758  910
758  930
758  936
758  944
758  984
758  986
758  991
758  992
758  996
758  1000
759  773
759  783
759  875
759  910
759  949
759  972
759  973
759  976
759  983
759  996
760  794
760  812
760  840
760  900
760  954
760  990
761  787
762  775
762  836
762  841
762  862
762  870
762  926
762  949
762  972
762  973
762  983
763  764
763  790
763  793
763  800
763  831
763  844
763  848
763  894
763  968
764  790
764  793
764  800
764  848
764  894
764  902
765  780
765  878
765  948
765  955
765  959
765  969
765  977
765  980
765  990
765  998
766  804
766  842
766  920
766  997
767  788
767  804
767  811
767  842
767  910
767  920
768  796
768  825
768  841
768  842
768  862
768  870
768  910
768  972
768  983
769  857
769  872
769  876
769  878
769  938
769  974
769  978
769  991
769  993
770  830
770  832
770  906
770  907
770  945
770  947
770  956
770  976
771  827
771  852
771  914
771  946
771  962
771  997
771  998
772  780
772  781
772  784
772  829
772  834
772  891
773  775
773  836
773  841
773  852
773  870
773  926
773  972
773  973
773  983
773  998
773  1000
774  860
774  924
774  934
774  948
775  796
775  841
775  862
775  912
775  949
775  972
775  973
775  983
776  897
776  898
776  905
776  930
776  941
776  982
776  990
777  784
777  797
777  820
777  829
777  891
778  792
778  829
778  880
778  911
778  915
778  919
778  965
778  967
778  981
778  983
778  989
778  998
779  819
779  825
779  882
779  928
779  959
779  969
779  985
779  998
780  781
780  820
780  976
781  895
782  821
782  850
782  916
782  925
782  929
782  955
782  957
782  971
782  997
783  802
783  828
783  833
783  864
783  903
783  918
783  955
783  969
784  829
784  882
784  891
784  898
784  986
785  824
785  867
785  886
785  983
786  835
786  930
786  942
786  943
786  944
786  951
786  954
786  984
786  986
786  996
787  836
787  882
788  804
788  815
788  842
788  920
789  796
789  853
789  855
789  868
789  897
789  957
789  969
789  982
789  987
789  990
790  793
790  800
790  831
790  848
790  865
790  894
790  964
790  966
790  968
791  828
791  888
791  918
791  979
792  805
792  842
792  865
792  908
792  911
792  919
792  961
792  967
792  981
793  831
793  848
793  894
793  975
794  812
794  900
794  907
794  981
795  844
795  863
795  902
795  988
795  989
795  993
795  994
795  995
795  997
795  999
796  870
796  910
796  926
796  968
796  972
796  973
796  983
796  985
797  855
797  884
797  921
797  943
797  975
797  997
798  830
798  838
798  957
798  988
798  989
798  993
798  994
798  995
798  997
798  999
799  815
799  863
799  902
799  920
799  988
799  989
799  993
799  994
799  995
799  997
799  999
800  831
800  848
800  879
800  894
800  987
801  830
801  886
801  891
801  906
801  907
801  933
801  947
801  956
801  976
802  810
802  828
802  833
802  842
802  869
802  888
802  918
803  817
803  860
803  924
803  934
804  842
804  920
805  845
805  885
805  908
805  911
805  950
805  964
805  965
805  967
805  981
806  809
806  871
806  953
806  960
807  816
807  849
807  874
807  904
807  990
807  999
808  922
808  960
808  963
808  995
808  997
809  829
809  871
809  988
810  864
810  903
810  918
810  998
811  826
811  840
811  851
811  852
811  853
811  889
811  905
811  987
811  990
811  1000
812  900
812  950
812  976
813  845
813  865
813  880
813  908
813  915
813  919
813  964
813  965
813  967
813  981
813  1000
814  823
814  908
814  948
814  953
814  955
814  967
814  969
814  980
814  998
815  818
815  838
815  988
815  989
815  993
815  994
815  995
815  997
815  999
816  849
816  874
816  904
816  982
817  856
817  937
817  940
818  844
818  901
818  902
818  989
818  993
818  994
818  995
818  996
818  997
818  999
819  825
819  843
819  896
819  915
819  928
819  953
819  968
819  969
819  971
819  977
819  985
819  998
820  829
820  882
820  894
820  951
821  828
821  836
821  850
821  872
821  895
821  902
821  916
821  917
821  925
821  952
821  971
821  983
822  902
822  988
822  989
822  993
822  994
822  995
822  997
822  999
823  834
823  878
823  881
823  913
823  927
823  953
823  959
823  985
823  987
823  998
824  867
824  972
825  843
825  882
825  912
825  969
825  977
825  998
826  851
826  869
826  889
826  905
826  931
826  941
826  950
826  972
826  982
826  990
827  852
827  887
827  890
827  899
827  906
827  909
827  946
827  962
827  971
828  869
828  888
828  918
828  985
828  992
829  882
829  891
829  912
830  892
830  906
830  907
830  947
830  956
830  974
830  976
831  848
831  851
831  894
831  999
832  892
832  906
832  907
832  945
832  947
832  956
832  976
833  859
833  869
833  903
833  985
834  843
834  927
834  928
834  953
834  955
834  959
834  968
834  969
834  977
834  980
834  984
834  985
834  998
835  875
835  877
835  894
835  936
835  946
835  954
835  975
835  986
835  991
835  996
835  1000
836  841
836  910
836  926
836  949
836  971
836  972
836  973
836  983
837  858
837  877
837  879
837  936
837  937
837  939
837  941
837  950
837  954
837  975
837  991
837  992
837  996
837  1000
838  868
838  901
838  988
838  989
838  993
838  994
838  995
838  997
838  999
839  850
839  876
839  913
839  923
839  935
839  938
839  949
839  966
839  974
839  979
840  847
840  859
840  897
840  941
840  957
840  982
840  987
840  990
841  852
841  910
841  926
841  949
841  963
841  972
841  973
841  983
841  1000
842  850
842  920
843  878
843  880
843  881
843  948
843  959
843  968
843  969
843  992
843  998
844  898
844  901
844  902
844  987
844  988
844  989
844  993
844  994
844  995
844  997
844  999
845  880
845  885
845  893
845  908
845  915
845  919
845  961
845  967
845  971
845  981
846  879
846  930
846  931
846  939
846  954
846  960
846  963
846  986
846  991
846  992
846  996
847  855
847  905
847  941
847  982
847  987
847  990
848  894
848  975
849  854
849  904
849  961
850  895
850  916
850  917
850  923
850  925
850  929
850  952
850  957
850  971
851  854
851  889
851  898
851  941
851  949
851  982
851  987
851  990
852  887
852  899
852  909
852  914
852  926
852  958
852  962
853  859
853  868
853  897
853  916
853  923
853  931
853  941
853  982
853  990
853  997
854  874
854  936
854  992
855  868
855  897
855  898
855  905
855  982
855  987
855  990
856  876
856  883
856  932
856  935
856  938
856  966
856  974
856  978
856  979
856  982
857  883
857  913
857  920
857  934
857  935
857  938
857  942
857  970
857  978
858  875
858  877
858  879
858  893
858  922
858  925
858  930
858  942
858  944
858  950
858  951
858  954
858  989
858  991
858  992
858  996
858  1000
859  897
859  941
859  982
859  987
859  990
859  993
860  885
860  924
860  934
860  989
861  930
861  935
861  951
861  954
861  968
861  975
861  984
861  986
861  991
861  992
861  996
862  870
862  910
862  926
862  947
862  949
862  952
862  972
862  973
862  983
862  997
863  901
863  921
863  936
863  988
863  993
863  994
863  995
863  997
863  999
864  903
864  918
865  885
865  915
865  919
865  931
865  961
865  965
865  967
865  981
865  998
865  1000
866  880
866  911
866  922
866  923
866  960
866  963
867  886
867  925
867  944
867  979
868  889
868  898
868  931
868  941
868  982
868  987
868  990
868  995
869  888
869  903
869  918
869  980
869  987
870  926
870  936
870  949
870  973
870  974
870  977
870  983
871  901
871  957
872  895
872  916
872  925
872  929
872  957
872  971
872  981
872  990
873  884
873  921
873  933
873  943
873  997
874  890
874  893
874  904
875  893
875  897
875  936
875  939
875  984
875  986
875  991
875  992
875  996
876  913
876  932
876  935
876  940
876  952
876  966
876  970
876  979
876  993
876  995
877  879
877  893
877  915
877  930
877  951
877  975
877  984
877  986
877  1000
878  928
878  954
878  965
878  969
878  977
878  980
878  985
878  998
879  893
879  906
879  944
879  951
879  984
879  986
879  991
879  996
879  1000
880  911
880  915
880  919
880  961
880  964
880  965
880  967
881  882
881  896
881  917
881  953
881  955
881  959
881  968
881  974
881  980
881  985
881  998
883  913
883  935
883  957
883  966
883  970
883  973
883  978
883  979
884  921
884  933
884  943
885  908
885  911
885  919
885  931
885  959
885  964
885  967
885  981
886  988
887  914
887  946
887  962
887  964
888  903
888  906
888  918
888  922
888  983
888  984
889  898
889  905
889  931
889  941
889  943
889  968
889  970
889  982
889  987
889  990
890  899
890  909
890  914
890  946
890  956
890  958
890  962
890  987
891  920
891  922
891  977
892  906
892  907
892  945
892  947
892  956
892  975
892  976
893  936
893  939
893  944
893  975
893  984
893  986
893  990
893  992
893  996
893  1000
895  916
895  917
895  925
895  929
895  952
895  957
895  971
895  997
896  904
896  912
896  953
896  955
896  969
896  977
896  980
896  985
896  989
896  998
897  898
897  931
897  933
897  941
897  982
897  985
897  988
897  990
898  905
898  982
898  987
898  990
898  994
899  909
899  914
899  946
899  952
899  962
900  904
900  915
900  1000
901  902
901  911
901  988
901  989
901  993
901  994
901  995
901  997
901  999
902  962
902  988
902  989
902  993
902  994
902  995
902  997
902  999
903  928
903  941
903  942
904  989
905  982
905  990
906  945
906  947
906  956
906  976
907  924
907  945
907  956
907  976
908  911
908  915
908  961
908  965
908  967
908  981
909  914
909  962
909  985
909  987
909  989
909  992
910  926
910  945
910  955
910  972
910  973
910  983
910  996
911  935
911  961
911  964
911  965
911  967
911  969
911  981
911  985
912  927
912  928
912  941
912  948
912  953
912  959
912  968
912  969
912  977
912  985
912  998
913  935
913  938
913  940
913  950
913  966
913  972
913  976
913  978
913  993
914  930
914  946
914  958
914  962
914  972
915  919
915  931
915  961
915  964
915  965
915  967
915  981
915  999
916  917
916  925
916  929
916  952
916  957
916  971
917  925
917  929
917  952
917  957
917  971
917  995
918  941
918  953
918  963
919  961
919  964
919  965
919  981
919  987
919  996
920  959
920  982
921  933
921  975
921  995
922  952
922  960
922  963
923  932
923  938
923  940
923  966
923  974
923  978
923  979
924  926
924  934
924  980
924  995
925  929
925  944
925  952
925  957
925  971
925  981
926  949
926  973
926  983
926  992
927  928
927  947
927  948
927  953
927  955
927  959
927  968
927  969
927  977
927  980
927  998
928  948
928  955
928  959
928  968
928  977
928  980
928  985
928  998
929  932
929  952
929  957
929  971
930  942
930  951
930  954
930  960
930  971
930  991
930  992
930  1000
931  941
931  982
931  987
931  990
932  935
932  938
932  940
932  966
932  970
932  974
932  978
932  979
933  943
933  958
934  965
935  938
935  940
935  970
935  974
935  978
935  996
936  939
936  944
936  950
936  965
936  975
936  984
936  986
936  991
936  992
936  996
936  997
936  1000
937  955
938  966
938  970
938  974
938  978
938  979
938  980
939  950
939  954
939  975
939  984
939  986
939  991
939  992
939  996
939  1000
940  944
940  966
940  970
940  974
940  978
940  979
940  982
940  998
941  945
941  970
941  982
941  987
941  990
942  946
942  951
942  954
942  959
942  960
942  975
942  984
942  986
942  991
942  992
942  996
942  1000
944  951
944  975
944  984
944  986
944  988
944  991
944  996
944  1000
945  947
945  953
945  976
945  989
946  947
946  962
946  966
947  956
947  976
947  992
948  953
948  955
948  968
948  977
948  980
948  985
948  994
949  972
949  973
949  983
949  996
950  954
950  975
950  986
950  991
950  996
950  1000
951  984
951  991
951  992
951  996
951  999
951  1000
952  957
952  971
952  990
952  999
953  955
953  959
953  969
953  974
953  977
953  980
953  985
953  998
954  975
954  984
954  991
954  992
954  996
954  1000
955  968
955  969
955  978
955  980
955  985
955  998
956  976
957  971
958  962
958  990
959  968
959  969
959  977
959  985
959  995
959  998
960  963
960  988
960  989
961  964
961  965
961  967
961  981
962  968
962  976
962  978
962  979
963  995
964  965
964  967
964  981
964  985
964  989
964  993
964  1000
965  967
965  981
966  970
966  974
966  978
966  979
967  981
967  991
967  994
968  969
968  977
968  980
968  985
968  998
969  977
969  980
969  998
969  1000
970  974
970  978
970  979
970  1000
972  973
972  983
972  987
973  983
974  978
974  979
974  990
975  984
975  985
975  991
975  996
975  1000
977  980
977  985
977  996
977  998
978  979
978  999
979  992
980  985
980  998
982  987
983  995
984  986
984  992
984  998
984  1000
985  998
986  991
986  992
986  994
986  996
986  999
986  1000
987  990
988  989
988  993
988  994
988  995
988  997
988  999
989  993
989  994
989  995
989  997
989  999
991  996
991  999
991  1000
992  996
992  999
992  1000
993  994
993  995
993  997
993  999
994  995
994  997
994  999
995  997
995  999
996  1000
997  999
998  999
