1  267
1  351
1  527
1  619
1  672
1  686
1  781
1  918
1  930
2  37
2  362
2  453
2  721
2  752
2  845
2  847
2  962
2  996
3  109
3  322
3  431
3  465
3  665
3  817
3  928
3  969
3  994
4  359
4  426
4  536
4  693
4  806
4  866
4  913
4  922
4  992
5  76
5  336
5  520
5  619
5  675
5  799
5  818
5  926
5  991
6  120
6  178
6  664
6  776
6  882
6  905
6  952
6  962
6  997
7  183
7  343
7  425
7  462
7  490
7  740
7  849
7  982
7  1000
8  35
8  173
8  265
8  348
8  498
8  747
8  936
8  955
8  987
9  19
9  530
9  770
9  811
9  928
9  945
9  954
9  996
9  1000
10  100
10  370
10  427
10  448
10  506
10  690
10  810
10  905
10  979
11  94
11  224
11  298
11  468
11  497
11  499
11  856
11  865
11  996
12  410
12  446
12  494
12  708
12  739
12  810
12  939
12  975
12  1000
13  333
13  532
13  742
13  770
13  835
13  856
13  963
13  976
13  983
14  88
14  504
14  525
14  793
14  795
14  822
14  900
14  938
14  947
15  98
15  128
15  160
15  658
15  842
15  872
15  952
15  974
15  990
16  114
16  441
16  450
16  501
16  536
16  965
16  966
16  989
16  993
17  160
17  221
17  273
17  554
17  807
17  851
17  957
17  959
17  993
18  42
18  204
18  342
18  620
18  636
18  764
18  798
18  823
18  843
19  23
19  112
19  523
19  705
19  768
19  898
19  949
19  984
20  288
20  567
20  722
20  793
20  801
20  840
20  845
20  927
20  987
21  175
21  406
21  432
21  455
21  474
21  476
21  511
21  975
21  989
22  117
22  424
22  426
22  527
22  875
22  886
22  916
22  973
22  978
23  718
23  722
23  765
23  787
23  815
23  869
23  919
23  935
24  174
24  286
24  301
24  696
24  776
24  924
24  929
24  960
24  998
25  56
25  124
25  201
25  509
25  537
25  715
25  868
25  900
25  927
26  39
26  57
26  237
26  369
26  449
26  567
26  660
26  743
26  1000
27  708
27  803
27  864
27  877
27  883
27  947
27  977
27  992
27  999
28  466
28  701
28  714
28  716
28  844
28  872
28  898
28  935
28  972
29  44
29  56
29  562
29  648
29  723
29  871
29  929
29  949
29  969
30  211
30  355
30  510
30  580
30  626
30  822
30  912
30  940
30  946
31  339
31  381
31  438
31  560
31  614
31  802
31  905
31  931
31  980
32  119
32  270
32  333
32  531
32  606
32  638
32  640
32  972
32  997
33  61
33  128
33  258
33  467
33  654
33  718
33  797
33  941
33  995
34  220
34  465
34  477
34  578
34  643
34  816
34  968
34  972
34  977
35  44
35  306
35  351
35  444
35  642
35  717
35  904
35  959
36  42
36  439
36  559
36  752
36  778
36  907
36  910
36  917
36  991
37  132
37  402
37  408
37  474
37  657
37  860
37  936
37  969
38  71
38  88
38  451
38  638
38  681
38  772
38  957
38  978
38  998
39  65
39  208
39  371
39  390
39  604
39  861
39  862
39  927
40  330
40  657
40  813
40  837
40  935
40  961
40  970
40  998
40  1000
41  204
41  345
41  503
41  613
41  814
41  881
41  956
41  961
41  995
42  316
42  355
42  361
42  538
42  576
42  879
42  955
43  68
43  71
43  127
43  531
43  605
43  810
43  899
43  998
43  1000
44  568
44  581
44  583
44  811
44  951
44  952
44  979
45  338
45  485
45  605
45  783
45  799
45  965
45  986
45  992
45  1000
46  322
46  441
46  554
46  740
46  764
46  865
46  914
46  976
46  981
47  166
47  427
47  492
47  537
47  639
47  789
47  826
47  855
47  931
48  367
48  506
48  586
48  697
48  844
48  937
48  944
48  962
48  972
49  216
49  223
49  319
49  346
49  349
49  481
49  699
49  810
49  872
50  78
50  91
50  101
50  479
50  507
50  900
50  923
50  991
50  997
51  94
51  586
51  682
51  715
51  743
51  822
51  852
51  853
51  890
52  98
52  246
52  263
52  513
52  570
52  777
52  809
52  879
52  971
53  208
53  367
53  546
53  595
53  674
53  689
53  873
53  972
53  984
54  273
54  733
54  747
54  815
54  865
54  896
54  946
54  985
54  989
55  473
55  538
55  804
55  875
55  919
55  947
55  979
55  982
55  991
56  254
56  382
56  459
56  581
56  605
56  947
56  991
57  286
57  291
57  339
57  564
57  578
57  695
57  845
57  870
58  612
58  806
58  834
58  837
58  863
58  874
58  913
58  940
58  977
59  90
59  280
59  349
59  468
59  552
59  593
59  632
59  949
59  989
60  168
60  247
60  275
60  454
60  663
60  812
60  922
60  996
60  998
61  198
61  209
61  267
61  426
61  540
61  850
61  897
61  996
62  344
62  563
62  565
62  597
62  694
62  888
62  986
62  990
62  997
63  113
63  196
63  396
63  574
63  700
63  898
63  948
63  993
63  997
64  211
64  253
64  256
64  289
64  350
64  689
64  944
64  988
64  990
65  376
65  412
65  785
65  825
65  872
65  899
65  957
65  985
66  209
66  459
66  748
66  861
66  884
66  900
66  968
66  988
66  1000
67  79
67  255
67  608
67  621
67  782
67  823
67  903
67  909
67  934
68  647
68  749
68  771
68  862
68  895
68  960
68  981
68  997
69  269
69  539
69  632
69  706
69  748
69  759
69  776
69  989
69  994
70  198
70  358
70  404
70  675
70  730
70  954
70  955
70  959
70  998
71  547
71  789
71  806
71  846
71  896
71  938
71  943
72  110
72  378
72  471
72  599
72  623
72  702
72  704
72  942
72  992
73  274
73  336
73  526
73  534
73  577
73  597
73  610
73  674
73  870
74  193
74  643
74  728
74  769
74  791
74  881
74  953
74  987
74  997
75  161
75  282
75  294
75  358
75  462
75  646
75  658
75  691
75  751
76  147
76  663
76  787
76  810
76  815
76  877
76  889
76  1000
77  206
77  270
77  411
77  488
77  649
77  757
77  858
77  902
77  967
78  583
78  611
78  761
78  796
78  805
78  840
78  906
78  953
79  133
79  525
79  668
79  687
79  906
79  941
79  956
79  999
80  244
80  614
80  738
80  743
80  753
80  765
80  800
80  839
80  892
81  191
81  218
81  413
81  457
81  519
81  633
81  722
81  834
81  867
82  171
82  489
82  534
82  826
82  832
82  856
82  931
82  946
82  966
83  94
83  133
83  452
83  632
83  679
83  719
83  905
83  951
83  995
84  400
84  467
84  489
84  693
84  913
84  941
84  989
84  992
84  999
85  123
85  417
85  441
85  728
85  730
85  737
85  868
85  933
85  953
86  278
86  612
86  684
86  737
86  797
86  910
86  926
86  965
86  994
87  171
87  190
87  467
87  518
87  638
87  685
87  838
87  921
87  987
88  234
88  271
88  495
88  824
88  953
88  974
88  994
89  118
89  121
89  413
89  835
89  878
89  935
89  976
89  988
89  995
90  100
90  186
90  279
90  804
90  813
90  828
90  833
90  991
91  231
91  317
91  344
91  349
91  667
91  750
91  843
91  884
92  349
92  454
92  662
92  835
92  846
92  891
92  895
92  980
92  984
93  97
93  236
93  521
93  528
93  559
93  683
93  897
93  924
93  972
94  448
94  666
94  784
94  935
94  972
94  998
95  131
95  159
95  273
95  275
95  300
95  365
95  576
95  608
95  1000
96  248
96  308
96  550
96  613
96  628
96  690
96  713
96  781
96  951
97  477
97  582
97  628
97  654
97  942
97  977
97  979
97  999
98  468
98  650
98  723
98  877
98  916
98  930
98  980
99  191
99  244
99  336
99  557
99  721
99  723
99  861
99  903
99  989
100  155
100  493
100  866
100  904
100  917
100  927
100  937
101  114
101  342
101  343
101  746
101  884
101  900
101  908
101  915
102  180
102  300
102  392
102  717
102  748
102  751
102  783
102  919
102  995
103  156
103  254
103  398
103  575
103  761
103  789
103  833
103  869
103  949
104  105
104  270
104  607
104  778
104  792
104  825
104  830
104  882
104  934
105  272
105  460
105  504
105  607
105  724
105  762
105  791
105  992
106  375
106  648
106  699
106  756
106  917
106  919
106  932
106  971
106  998
107  113
107  407
107  599
107  826
107  827
107  828
107  888
107  919
107  986
108  129
108  214
108  257
108  618
108  848
108  895
108  920
108  950
108  995
109  413
109  648
109  790
109  794
109  873
109  922
109  931
109  979
110  306
110  480
110  536
110  678
110  812
110  864
110  884
110  996
111  154
111  268
111  311
111  607
111  619
111  879
111  899
111  948
111  971
112  195
112  226
112  257
112  522
112  618
112  772
112  843
112  912
113  207
113  267
113  296
113  730
113  742
113  797
113  978
114  833
114  848
114  898
114  952
114  980
114  991
114  993
115  290
115  346
115  448
115  621
115  632
115  861
115  912
115  992
115  996
116  272
116  354
116  447
116  624
116  878
116  930
116  955
116  960
116  986
117  152
117  191
117  345
117  673
117  802
117  817
117  829
117  923
118  266
118  282
118  312
118  596
118  609
118  896
118  946
118  985
119  196
119  269
119  379
119  642
119  888
119  931
119  977
119  1000
120  540
120  700
120  972
120  984
120  985
120  986
120  994
120  999
121  300
121  537
121  608
121  753
121  889
121  920
121  946
121  995
122  382
122  461
122  717
122  845
122  944
122  987
122  996
122  997
122  999
123  391
123  642
123  864
123  885
123  908
123  944
123  968
123  991
124  280
124  465
124  714
124  795
124  917
124  942
124  978
124  991
125  345
125  638
125  756
125  760
125  813
125  851
125  959
125  988
125  996
126  275
126  284
126  589
126  708
126  748
126  842
126  845
126  939
126  996
127  204
127  360
127  458
127  486
127  680
127  828
127  891
127  982
128  284
128  424
128  435
128  553
128  823
128  983
128  995
129  550
129  676
129  706
129  730
129  805
129  832
129  886
129  995
130  180
130  216
130  298
130  367
130  447
130  603
130  782
130  864
130  962
131  558
131  612
131  625
131  812
131  846
131  864
131  902
131  971
132  158
132  211
132  289
132  384
132  386
132  653
132  686
132  869
133  243
133  341
133  668
133  737
133  783
133  933
133  971
134  545
134  554
134  694
134  850
134  897
134  933
134  955
134  977
134  999
135  215
135  410
135  469
135  791
135  813
135  920
135  945
135  996
135  998
136  273
136  280
136  420
136  436
136  839
136  875
136  889
136  932
136  971
137  173
137  585
137  648
137  671
137  728
137  758
137  831
137  938
137  993
138  231
138  325
138  486
138  585
138  596
138  657
138  809
138  841
138  908
139  144
139  297
139  442
139  558
139  759
139  763
139  812
139  940
139  982
140  208
140  302
140  418
140  438
140  758
140  805
140  811
140  861
140  863
141  210
141  363
141  453
141  541
141  590
141  737
141  849
141  864
141  980
142  155
142  239
142  494
142  516
142  605
142  824
142  859
142  960
142  963
143  258
143  305
143  371
143  393
143  704
143  782
143  854
143  954
143  993
144  261
144  376
144  418
144  913
144  935
144  958
144  965
144  999
145  231
145  372
145  541
145  731
145  738
145  800
145  894
145  942
145  997
146  326
146  490
146  845
146  943
146  945
146  969
146  980
146  986
146  991
147  182
147  329
147  422
147  477
147  544
147  802
147  885
147  988
148  554
148  679
148  700
148  784
148  876
148  919
148  952
148  998
148  1000
149  238
149  684
149  774
149  813
149  834
149  908
149  977
149  993
149  996
150  158
150  461
150  668
150  733
150  821
150  896
150  899
150  911
150  971
151  283
151  482
151  573
151  663
151  717
151  718
151  893
151  976
151  999
152  203
152  346
152  357
152  516
152  723
152  729
152  835
152  999
153  249
153  442
153  647
153  654
153  813
153  830
153  929
153  992
153  999
154  220
154  250
154  284
154  516
154  745
154  911
154  993
154  995
155  313
155  389
155  555
155  672
155  691
155  745
155  915
156  336
156  359
156  573
156  751
156  816
156  891
156  922
156  985
157  185
157  237
157  453
157  540
157  578
157  818
157  937
157  981
157  985
158  384
158  412
158  529
158  690
158  815
158  851
158  982
159  395
159  401
159  509
159  593
159  816
159  838
159  929
159  968
160  643
160  884
160  922
160  967
160  991
160  996
160  999
161  230
161  442
161  535
161  720
161  843
161  847
161  876
161  886
162  190
162  371
162  415
162  475
162  547
162  724
162  856
162  858
162  992
163  208
163  317
163  743
163  748
163  770
163  869
163  874
163  884
163  904
164  304
164  382
164  495
164  496
164  865
164  929
164  942
164  997
164  998
165  276
165  349
165  456
165  630
165  744
165  910
165  920
165  989
165  997
166  173
166  322
166  335
166  460
166  486
166  692
166  710
166  799
167  251
167  378
167  534
167  585
167  856
167  863
167  889
167  929
167  933
168  405
168  464
168  526
168  610
168  615
168  653
168  822
168  918
169  340
169  391
169  508
169  661
169  693
169  728
169  887
169  935
169  997
170  188
170  243
170  552
170  842
170  936
170  941
170  964
170  995
170  998
171  202
171  834
171  848
171  853
171  873
171  984
171  996
172  557
172  586
172  594
172  640
172  739
172  831
172  864
172  894
172  946
173  631
173  729
173  820
173  880
173  920
173  995
174  310
174  388
174  486
174  580
174  684
174  769
174  997
174  998
175  248
175  548
175  568
175  661
175  689
175  803
175  948
175  990
176  322
176  448
176  461
176  541
176  752
176  828
176  866
176  945
176  949
177  179
177  304
177  351
177  401
177  747
177  786
177  847
177  848
177  992
178  461
178  609
178  630
178  726
178  738
178  923
178  952
178  992
179  291
179  296
179  348
179  351
179  520
179  717
179  720
179  844
180  287
180  763
180  950
180  957
180  960
180  970
180  999
181  291
181  349
181  496
181  676
181  707
181  864
181  898
181  901
181  947
181  998
182  312
182  327
182  356
182  538
182  606
182  908
182  947
182  959
182  980
183  217
183  432
183  572
183  871
183  884
183  913
183  926
183  955
183  958
184  260
184  436
184  590
184  616
184  813
184  872
184  923
184  942
184  971
184  994
185  459
185  503
185  557
185  679
185  716
185  772
185  948
185  982
185  989
186  283
186  451
186  598
186  602
186  648
186  670
186  745
186  916
186  976
187  196
187  434
187  532
187  816
187  860
187  862
187  948
187  957
187  979
187  988
188  214
188  266
188  289
188  361
188  408
188  635
188  747
188  917
188  991
189  204
189  266
189  370
189  587
189  654
189  742
189  797
189  876
189  986
189  991
190  305
190  415
190  544
190  837
190  937
190  940
190  958
190  962
191  442
191  573
191  626
191  656
191  744
191  784
191  996
192  355
192  385
192  586
192  621
192  667
192  782
192  943
192  984
192  992
192  999
193  240
193  290
193  374
193  642
193  705
193  807
193  884
193  891
193  1000
194  403
194  541
194  626
194  722
194  755
194  855
194  872
194  886
194  972
194  988
195  444
195  512
195  549
195  561
195  772
195  808
195  821
195  962
195  994
196  232
196  304
196  330
196  704
196  769
196  836
196  962
197  218
197  356
197  634
197  654
197  678
197  813
197  848
197  907
197  950
197  981
198  222
198  352
198  435
198  614
198  641
198  769
198  867
198  961
199  345
199  443
199  593
199  726
199  743
199  800
199  882
199  950
199  971
199  991
200  237
200  365
200  422
200  517
200  631
200  666
200  729
200  847
200  856
200  893
201  240
201  646
201  723
201  759
201  885
201  909
201  929
201  945
201  992
202  252
202  280
202  638
202  755
202  821
202  831
202  876
202  925
202  987
203  420
203  544
203  596
203  636
203  669
203  724
203  781
203  880
203  984
204  309
204  635
204  695
204  761
204  785
204  945
205  374
205  634
205  737
205  751
205  852
205  945
205  966
205  982
205  990
205  991
206  227
206  459
206  567
206  611
206  708
206  866
206  946
206  971
206  998
207  644
207  871
207  879
207  912
207  923
207  937
207  951
207  960
207  1000
208  228
208  290
208  392
208  626
208  799
208  820
209  293
209  430
209  480
209  936
209  961
209  970
209  980
209  1000
210  264
210  345
210  363
210  403
210  600
210  615
210  816
210  941
210  952
211  214
211  331
211  370
211  555
211  606
211  769
211  961
212  328
212  477
212  500
212  681
212  802
212  810
212  892
212  897
212  996
212  999
213  376
213  501
213  630
213  642
213  838
213  895
213  935
213  947
213  971
213  995
214  248
214  733
214  843
214  857
214  903
214  942
214  1000
215  303
215  540
215  564
215  700
215  801
215  808
215  874
215  933
215  941
216  235
216  318
216  427
216  874
216  937
216  983
216  985
216  993
217  302
217  416
217  640
217  729
217  744
217  759
217  867
217  918
217  993
218  395
218  587
218  650
218  806
218  879
218  908
218  946
218  997
219  259
219  279
219  337
219  404
219  469
219  825
219  836
219  978
219  985
219  999
220  484
220  745
220  880
220  976
220  980
220  988
220  994
220  1000
221  236
221  435
221  624
221  798
221  809
221  857
221  878
221  897
221  928
222  260
222  287
222  288
222  709
222  921
222  951
222  966
222  975
222  981
223  312
223  354
223  417
223  646
223  668
223  750
223  767
223  881
223  934
224  352
224  383
224  471
224  633
224  701
224  867
224  879
224  926
224  999
225  445
225  469
225  535
225  542
225  808
225  817
225  895
225  946
225  954
225  992
226  315
226  370
226  637
226  651
226  720
226  743
226  844
226  953
226  960
227  278
227  303
227  347
227  354
227  366
227  775
227  826
227  911
227  918
228  512
228  619
228  691
228  753
228  809
228  836
228  890
228  942
228  981
229  300
229  371
229  384
229  516
229  549
229  593
229  857
229  978
229  980
229  994
230  469
230  572
230  750
230  816
230  840
230  858
230  908
230  947
230  967
231  245
231  359
231  651
231  908
231  959
231  964
231  972
232  249
232  257
232  343
232  700
232  792
232  970
232  971
232  991
232  996
233  546
233  696
233  702
233  769
233  901
233  910
233  912
233  950
233  959
233  962
234  309
234  474
234  524
234  665
234  766
234  791
234  804
234  836
234  964
235  262
235  377
235  518
235  521
235  827
235  858
235  920
235  956
235  996
236  393
236  444
236  676
236  799
236  845
236  888
236  954
236  964
237  246
237  252
237  379
237  410
237  900
237  969
237  995
238  265
238  378
238  787
238  887
238  890
238  952
238  961
238  997
238  1000
239  275
239  445
239  465
239  702
239  703
239  884
239  916
239  926
239  983
240  264
240  308
240  509
240  713
240  716
240  867
240  927
240  1000
241  452
241  707
241  724
241  781
241  846
241  883
241  920
241  963
241  983
241  998
242  418
242  450
242  481
242  609
242  625
242  746
242  768
242  939
242  953
242  993
243  470
243  595
243  602
243  646
243  813
243  832
243  907
243  968
244  345
244  470
244  575
244  814
244  842
244  886
244  950
244  997
245  416
245  426
245  527
245  542
245  550
245  560
245  657
245  742
245  807
246  250
246  296
246  365
246  385
246  517
246  734
246  893
246  963
247  272
247  275
247  321
247  556
247  580
247  853
247  873
247  941
247  994
248  258
248  435
248  482
248  736
248  970
248  994
248  997
249  359
249  388
249  393
249  635
249  714
249  917
249  965
249  981
250  278
250  461
250  504
250  516
250  524
250  670
250  688
250  953
251  344
251  497
251  515
251  627
251  733
251  789
251  857
251  873
251  907
252  322
252  642
252  688
252  716
252  746
252  932
252  959
252  963
253  334
253  464
253  479
253  626
253  628
253  762
253  767
253  849
253  857
254  357
254  478
254  629
254  724
254  820
254  907
254  971
254  972
255  392
255  426
255  439
255  507
255  736
255  750
255  789
255  875
255  910
256  259
256  397
256  407
256  535
256  651
256  750
256  751
256  766
256  994
257  310
257  475
257  632
257  954
257  975
257  988
257  997
258  377
258  484
258  795
258  927
258  930
258  976
258  997
259  373
259  392
259  459
259  478
259  781
259  796
259  907
259  933
260  471
260  553
260  693
260  824
260  826
260  866
260  889
260  991
261  298
261  419
261  460
261  588
261  865
261  866
261  975
261  986
261  988
262  304
262  335
262  499
262  682
262  732
262  754
262  892
262  930
262  993
263  541
263  773
263  788
263  814
263  846
263  917
263  955
263  966
263  974
264  395
264  425
264  635
264  681
264  753
264  873
264  934
264  976
265  444
265  464
265  467
265  525
265  545
265  625
265  899
265  917
266  610
266  683
266  714
266  748
266  826
266  963
266  995
267  285
267  367
267  657
267  702
267  791
267  827
267  933
268  519
268  687
268  797
268  819
268  830
268  880
268  955
268  965
268  978
269  311
269  515
269  697
269  715
269  753
269  801
269  969
269  981
270  508
270  511
270  634
270  755
270  920
270  988
270  997
271  542
271  605
271  617
271  686
271  701
271  761
271  763
271  931
271  957
272  800
272  830
272  885
272  928
272  978
272  979
272  991
273  295
273  319
273  813
273  865
273  940
273  959
274  422
274  497
274  599
274  696
274  785
274  816
274  857
274  944
274  962
275  357
275  589
275  759
275  943
275  965
276  552
276  680
276  744
276  795
276  878
276  914
276  922
276  949
276  973
277  602
277  606
277  786
277  832
277  861
277  885
277  907
277  932
277  974
277  985
278  344
278  458
278  710
278  750
278  817
278  924
278  957
279  489
279  616
279  624
279  664
279  673
279  738
279  763
279  771
280  368
280  495
280  930
280  954
280  959
280  1000
281  348
281  419
281  594
281  743
281  770
281  777
281  930
281  970
281  979
281  1000
282  326
282  587
282  711
282  728
282  811
282  940
282  942
282  947
283  420
283  531
283  639
283  790
283  892
283  893
283  941
283  987
284  501
284  735
284  771
284  871
284  914
284  982
284  995
285  357
285  451
285  492
285  613
285  805
285  950
285  970
285  977
285  999
286  288
286  333
286  705
286  852
286  885
286  913
286  965
286  996
287  390
287  463
287  687
287  792
287  817
287  947
287  956
287  988
288  423
288  455
288  633
288  652
288  788
288  844
288  968
289  330
289  562
289  572
289  576
289  751
289  949
289  981
290  374
290  742
290  763
290  846
290  867
290  891
290  939
291  524
291  574
291  664
291  682
291  707
291  839
291  857
292  447
292  800
292  809
292  858
292  918
292  921
292  969
292  981
292  986
292  997
293  546
293  720
293  827
293  864
293  926
293  946
293  954
293  967
293  1000
294  341
294  387
294  404
294  463
294  486
294  589
294  669
294  878
294  984
295  312
295  362
295  370
295  487
295  578
295  830
295  879
295  901
295  928
296  655
296  725
296  733
296  758
296  978
296  995
296  1000
297  411
297  548
297  575
297  794
297  927
297  961
297  984
297  992
297  998
298  514
298  611
298  782
298  958
298  963
298  983
298  995
299  396
299  640
299  641
299  652
299  760
299  879
299  887
299  956
299  964
299  999
300  532
300  557
300  860
300  897
300  906
300  962
301  514
301  733
301  824
301  856
301  890
301  902
301  966
301  980
301  997
302  499
302  618
302  682
302  713
302  755
302  836
302  991
302  994
303  399
303  451
303  558
303  688
303  712
303  717
303  969
303  985
304  417
304  439
304  469
304  919
304  961
304  998
305  456
305  519
305  539
305  735
305  827
305  946
305  993
305  998
306  310
306  569
306  588
306  674
306  904
306  905
306  935
306  950
307  326
307  347
307  590
307  654
307  718
307  782
307  835
307  886
307  934
307  949
308  567
308  575
308  604
308  684
308  766
308  836
308  911
308  939
309  622
309  722
309  790
309  879
309  945
309  950
309  964
309  983
310  440
310  864
310  901
310  941
310  964
310  990
310  993
311  537
311  636
311  725
311  914
311  978
311  979
311  989
311  991
312  409
312  445
312  898
312  923
312  937
312  991
313  334
313  631
313  701
313  768
313  801
313  924
313  941
313  994
313  997
314  654
314  661
314  692
314  703
314  704
314  806
314  927
314  933
314  943
314  967
315  440
315  496
315  520
315  602
315  885
315  921
315  966
315  978
315  991
316  349
316  575
316  660
316  687
316  749
316  910
316  932
316  997
316  999
317  369
317  473
317  775
317  927
317  928
317  949
317  957
317  988
318  550
318  618
318  686
318  713
318  742
318  906
318  921
318  934
318  984
319  445
319  714
319  815
319  933
319  952
319  955
319  958
319  974
320  435
320  446
320  603
320  643
320  649
320  703
320  780
320  891
320  973
320  998
321  442
321  466
321  639
321  700
321  712
321  735
321  838
321  862
321  923
322  796
322  827
322  944
322  962
322  991
323  335
323  414
323  452
323  590
323  591
323  654
323  712
323  909
323  968
323  975
324  360
324  393
324  511
324  529
324  715
324  811
324  817
324  899
324  961
324  997
325  453
325  566
325  649
325  720
325  743
325  766
325  818
325  891
325  1000
326  693
326  750
326  854
326  934
326  951
326  956
326  988
327  437
327  476
327  550
327  788
327  938
327  941
327  964
327  973
327  997
328  441
328  529
328  635
328  638
328  703
328  832
328  966
328  980
328  994
329  374
329  541
329  659
329  692
329  730
329  761
329  802
329  908
329  933
329  972
330  494
330  508
330  621
330  627
330  670
330  855
330  924
330  993
331  335
331  366
331  628
331  762
331  815
331  847
331  849
331  980
331  984
331  999
332  504
332  623
332  716
332  753
332  850
332  895
332  902
332  953
332  964
332  993
332  996
333  371
333  468
333  539
333  755
333  821
333  889
333  898
333  989
334  436
334  540
334  571
334  740
334  841
334  875
334  891
334  932
334  992
335  729
335  734
335  926
335  944
335  945
335  995
335  996
336  541
336  555
336  815
336  942
336  943
336  974
336  995
337  372
337  411
337  877
337  888
337  904
337  925
337  940
337  980
337  986
337  999
338  375
338  409
338  555
338  734
338  812
338  819
338  864
338  903
338  931
338  982
339  497
339  574
339  787
339  801
339  852
339  877
339  884
339  976
339  997
340  502
340  553
340  571
340  715
340  782
340  859
340  920
340  968
340  970
340  973
341  454
341  492
341  639
341  644
341  662
341  685
341  776
341  936
341  997
342  360
342  466
342  783
342  787
342  870
342  914
342  923
342  943
342  956
343  584
343  648
343  669
343  745
343  840
343  873
343  883
343  965
344  487
344  690
344  845
344  888
344  917
344  961
344  999
345  391
345  434
345  620
345  959
345  990
346  491
346  704
346  787
346  858
346  900
346  946
346  959
346  978
347  364
347  465
347  523
347  659
347  662
347  757
347  778
347  882
347  966
348  364
348  559
348  619
348  716
348  754
348  799
348  957
348  989
349  379
349  451
349  509
349  984
350  415
350  440
350  471
350  633
350  785
350  812
350  948
350  949
350  970
350  987
351  770
351  925
351  932
351  955
351  971
351  990
351  1000
352  433
352  634
352  650
352  813
352  948
352  959
352  966
352  970
352  998
353  503
353  541
353  652
353  680
353  723
353  729
353  846
353  933
353  960
353  973
353  998
354  453
354  488
354  687
354  721
354  758
354  790
354  939
354  956
355  364
355  469
355  528
355  590
355  812
355  835
355  897
355  934
356  513
356  542
356  643
356  802
356  832
356  919
356  959
356  961
356  992
357  507
357  639
357  694
357  800
357  896
357  915
357  974
358  597
358  623
358  634
358  692
358  702
358  828
358  839
358  856
358  998
359  486
359  557
359  588
359  728
359  813
359  837
359  915
360  365
360  685
360  761
360  778
360  874
360  911
360  958
360  962
361  470
361  475
361  595
361  642
361  815
361  816
361  823
361  857
361  889
362  521
362  590
362  645
362  855
362  894
362  895
362  972
362  990
362  996
363  406
363  430
363  516
363  575
363  698
363  725
363  832
363  897
363  958
364  470
364  501
364  520
364  543
364  674
364  792
364  901
364  990
365  411
365  433
365  517
365  565
365  711
365  941
365  976
366  623
366  630
366  681
366  781
366  829
366  920
366  924
366  932
366  987
367  550
367  615
367  711
367  735
367  872
367  970
367  976
368  408
368  411
368  430
368  452
368  704
368  787
368  788
368  909
368  974
368  989
369  399
369  698
369  778
369  839
369  874
369  909
369  977
369  990
369  1000
370  419
370  560
370  562
370  875
370  959
370  997
371  382
371  397
371  579
371  583
371  698
371  831
372  376
372  379
372  456
372  712
372  937
372  942
372  959
372  963
372  965
373  390
373  536
373  591
373  665
373  687
373  717
373  899
373  954
373  974
373  998
374  676
374  773
374  783
374  793
374  829
374  919
374  995
375  623
375  699
375  738
375  742
375  752
375  805
375  845
375  930
375  959
376  418
376  473
376  671
376  673
376  739
376  811
376  833
377  414
377  452
377  570
377  582
377  729
377  936
377  960
377  967
377  998
378  691
378  849
378  883
378  944
378  984
378  987
378  988
378  999
379  443
379  688
379  691
379  739
379  881
379  918
379  966
380  389
380  476
380  583
380  623
380  640
380  723
380  771
380  779
380  952
380  996
380  999
381  455
381  592
381  627
381  638
381  770
381  794
381  824
381  895
381  960
381  974
382  565
382  585
382  784
382  800
382  822
382  939
382  997
383  405
383  830
383  842
383  887
383  911
383  955
383  956
383  970
383  983
383  990
384  579
384  675
384  763
384  902
384  923
384  927
384  951
384  962
385  480
385  588
385  597
385  839
385  890
385  896
385  925
385  967
385  982
386  515
386  548
386  663
386  682
386  791
386  845
386  932
386  944
386  958
386  996
387  563
387  676
387  717
387  768
387  875
387  940
387  944
387  972
387  986
387  995
388  481
388  501
388  546
388  665
388  679
388  753
388  760
388  877
388  973
389  461
389  778
389  793
389  794
389  928
389  966
389  968
389  996
389  997
390  418
390  604
390  730
390  895
390  930
390  931
390  972
390  996
391  550
391  597
391  659
391  667
391  851
391  857
391  943
391  980
392  403
392  409
392  495
392  637
392  856
392  904
392  999
393  428
393  711
393  824
393  887
393  937
393  969
393  970
394  446
394  451
394  470
394  500
394  620
394  769
394  794
394  874
394  880
394  948
394  972
395  400
395  434
395  470
395  751
395  794
395  823
395  898
395  1000
396  701
396  749
396  855
396  940
396  964
396  989
396  990
396  991
396  1000
397  558
397  620
397  725
397  752
397  771
397  827
397  862
397  896
397  946
398  688
398  753
398  779
398  829
398  857
398  875
398  916
398  961
398  962
398  987
399  419
399  500
399  605
399  721
399  725
399  741
399  774
399  855
399  983
400  528
400  579
400  703
400  749
400  796
400  817
400  826
400  919
400  972
401  467
401  523
401  788
401  842
401  851
401  868
401  880
401  907
401  983
402  408
402  551
402  563
402  583
402  646
402  703
402  808
402  890
402  967
402  998
403  553
403  576
403  711
403  836
403  875
403  931
403  981
403  992
404  425
404  462
404  492
404  508
404  519
404  592
404  726
404  931
405  482
405  499
405  517
405  640
405  852
405  871
405  911
405  945
405  993
406  451
406  600
406  613
406  698
406  722
406  835
406  856
406  884
406  976
407  495
407  527
407  607
407  669
407  851
407  865
407  878
407  980
407  998
408  494
408  676
408  786
408  878
408  908
408  953
408  975
409  475
409  579
409  660
409  680
409  783
409  920
409  985
409  994
410  528
410  539
410  790
410  843
410  961
410  982
410  991
410  994
411  429
411  581
411  613
411  812
411  955
411  996
412  496
412  620
412  665
412  666
412  747
412  810
412  825
412  910
412  922
413  578
413  823
413  889
413  914
413  923
413  929
413  975
413  996
414  434
414  489
414  491
414  624
414  671
414  717
414  927
414  928
414  996
415  506
415  524
415  676
415  736
415  837
415  849
415  897
415  954
416  502
416  535
416  594
416  694
416  700
416  845
416  871
416  985
416  990
417  613
417  653
417  710
417  849
417  944
417  958
417  962
417  998
418  559
418  631
418  689
418  842
418  846
418  906
419  573
419  651
419  659
419  731
419  857
419  900
419  947
420  468
420  479
420  627
420  859
420  901
420  921
420  971
420  985
421  512
421  653
421  698
421  740
421  871
421  932
421  962
421  973
421  974
421  981
421  994
422  606
422  725
422  817
422  834
422  936
422  972
422  992
422  1000
423  543
423  792
423  812
423  828
423  829
423  851
423  889
423  974
423  985
423  990
424  455
424  518
424  720
424  745
424  781
424  864
424  938
424  947
424  989
425  447
425  826
425  836
425  865
425  892
425  931
425  975
425  994
426  641
426  777
426  796
426  961
426  970
426  997
427  481
427  574
427  795
427  867
427  885
427  896
427  932
427  1000
428  455
428  499
428  544
428  617
428  690
428  733
428  778
428  860
428  944
428  962
429  527
429  559
429  812
429  839
429  854
429  909
429  967
429  988
429  991
429  1000
430  508
430  664
430  807
430  877
430  892
430  921
430  934
430  960
431  437
431  504
431  646
431  670
431  710
431  860
431  869
431  898
431  954
431  993
432  466
432  589
432  689
432  819
432  848
432  920
432  974
432  979
432  988
433  513
433  718
433  798
433  799
433  905
433  919
433  941
433  964
433  978
434  517
434  645
434  826
434  891
434  940
434  941
434  994
435  588
435  792
435  841
435  849
435  878
435  998
436  514
436  530
436  759
436  765
436  810
436  871
436  972
436  994
437  631
437  639
437  715
437  803
437  852
437  906
437  943
437  954
437  960
438  597
438  610
438  663
438  833
438  843
438  859
438  930
438  955
438  982
439  505
439  552
439  752
439  797
439  892
439  897
439  953
439  982
440  449
440  529
440  658
440  756
440  868
440  905
440  951
440  992
441  565
441  611
441  687
441  841
441  960
441  987
441  999
442  554
442  681
442  715
442  764
442  803
442  840
443  582
443  687
443  708
443  762
443  866
443  922
443  938
443  994
443  1000
444  481
444  739
444  755
444  852
444  891
444  947
444  948
445  682
445  839
445  863
445  957
445  961
445  989
445  995
446  575
446  647
446  682
446  759
446  786
446  790
446  962
446  973
447  552
447  571
447  683
447  832
447  936
447  950
447  997
448  450
448  637
448  689
448  756
448  787
448  858
448  951
448  964
449  548
449  591
449  630
449  647
449  721
449  820
449  897
449  924
449  976
449  999
450  574
450  649
450  698
450  847
450  851
450  852
450  975
450  980
450  988
451  689
451  788
451  888
451  935
451  983
452  463
452  518
452  584
452  674
452  683
452  888
452  993
453  639
453  774
453  820
453  850
453  903
453  949
453  963
454  623
454  627
454  652
454  857
454  899
454  915
454  926
454  947
454  1000
455  663
455  854
455  915
455  926
455  980
455  986
455  997
456  558
456  616
456  655
456  679
456  874
456  905
456  958
456  962
456  968
457  524
457  624
457  822
457  846
457  853
457  906
457  917
457  918
457  934
457  959
457  968
458  610
458  740
458  876
458  925
458  926
458  938
458  949
458  956
458  957
458  968
459  514
459  546
459  625
459  651
459  792
459  863
459  986
460  619
460  675
460  696
460  764
460  850
460  924
460  929
460  956
460  964
461  465
461  595
461  629
461  722
461  907
461  993
462  532
462  551
462  653
462  706
462  746
462  792
462  867
462  953
462  987
463  567
463  815
463  824
463  838
463  852
463  871
463  933
463  971
463  997
464  476
464  539
464  563
464  707
464  850
464  930
464  941
464  994
464  1000
465  483
465  642
465  653
465  699
465  766
465  973
466  563
466  683
466  713
466  970
466  976
466  990
466  993
466  996
467  469
467  543
467  674
467  877
467  913
467  924
467  999
468  587
468  662
468  688
468  731
468  744
468  768
468  955
469  645
469  741
469  801
469  997
469  999
470  533
470  568
470  893
470  919
470  945
470  997
471  484
471  746
471  779
471  806
471  840
471  979
471  983
471  998
472  505
472  508
472  548
472  640
472  739
472  763
472  788
472  841
472  894
472  898
472  907
472  983
473  571
473  731
473  806
473  809
473  842
473  856
473  901
473  947
473  972
474  694
474  731
474  748
474  777
474  878
474  886
474  906
474  943
474  954
475  650
475  740
475  758
475  781
475  807
475  809
475  965
475  978
476  544
476  567
476  580
476  613
476  692
476  801
476  849
476  943
477  581
477  678
477  796
477  876
477  902
477  972
477  984
477  986
478  514
478  574
478  587
478  650
478  774
478  871
478  911
478  912
478  924
478  971
479  737
479  786
479  839
479  888
479  905
479  928
479  939
479  961
479  970
480  570
480  582
480  770
480  826
480  838
480  896
480  961
480  980
480  990
481  656
481  701
481  709
481  749
481  752
481  963
481  965
482  676
482  721
482  754
482  819
482  821
482  857
482  907
482  940
482  956
483  605
483  787
483  803
483  860
483  936
483  968
483  983
483  985
483  996
483  999
483  1000
484  625
484  779
484  791
484  806
484  881
484  981
484  983
484  988
484  997
485  517
485  578
485  609
485  619
485  678
485  763
485  901
485  937
485  952
485  984
485  995
486  533
486  739
486  877
486  945
486  950
486  976
487  585
487  699
487  805
487  822
487  839
487  876
487  900
487  904
487  985
487  989
488  560
488  660
488  693
488  824
488  841
488  872
488  887
488  942
488  966
488  972
489  619
489  675
489  731
489  892
489  931
489  953
489  968
489  982
490  640
490  653
490  736
490  791
490  821
490  828
490  895
490  922
490  938
490  997
491  500
491  644
491  683
491  747
491  786
491  854
491  857
491  916
491  920
491  995
492  502
492  722
492  869
492  889
492  922
492  955
492  990
492  999
493  515
493  572
493  825
493  831
493  898
493  929
493  943
493  965
493  978
493  986
493  989
494  722
494  916
494  934
494  938
494  945
494  947
494  971
494  977
495  502
495  641
495  671
495  819
495  876
495  880
495  998
496  508
496  532
496  563
496  591
496  744
496  851
496  914
496  925
497  511
497  571
497  853
497  894
497  951
497  958
497  990
497  993
498  520
498  553
498  555
498  652
498  732
498  738
498  805
498  822
498  872
498  997
498  999
499  562
499  877
499  940
499  949
499  953
499  957
499  992
500  598
500  727
500  807
500  863
500  905
500  985
500  994
500  999
501  639
501  651
501  754
501  801
501  822
501  967
501  1000
502  595
502  711
502  723
502  797
502  814
502  881
502  973
502  999
503  776
503  832
503  853
503  889
503  890
503  921
503  963
503  985
503  989
504  571
504  731
504  824
504  860
504  881
504  951
504  990
505  732
505  752
505  774
505  817
505  860
505  939
505  947
505  955
505  964
505  985
506  509
506  538
506  543
506  696
506  847
506  858
506  971
506  991
506  992
507  551
507  833
507  873
507  896
507  916
507  961
507  981
507  983
507  994
508  642
508  656
508  769
508  786
508  901
509  597
509  666
509  825
509  858
509  947
509  990
509  992
510  615
510  652
510  713
510  832
510  837
510  854
510  856
510  900
510  944
510  972
510  993
511  741
511  767
511  779
511  817
511  829
511  887
511  974
511  994
512  568
512  709
512  768
512  792
512  865
512  901
512  945
512  969
512  998
513  620
513  631
513  794
513  813
513  847
513  853
513  986
513  992
513  993
514  558
514  737
514  743
514  747
514  916
514  926
514  952
515  591
515  598
515  769
515  792
515  888
515  958
515  967
515  994
516  522
516  579
516  587
516  732
516  876
516  994
517  587
517  617
517  780
517  837
517  929
517  947
518  557
518  592
518  605
518  640
518  945
518  949
518  974
518  1000
519  522
519  652
519  764
519  793
519  859
519  889
519  933
519  990
520  533
520  712
520  713
520  746
520  936
520  992
520  995
521  612
521  621
521  656
521  735
521  870
521  901
521  928
521  967
521  991
522  749
522  751
522  896
522  918
522  935
522  946
522  948
522  990
522  996
523  628
523  677
523  689
523  797
523  885
523  896
523  958
523  961
523  989
524  647
524  674
524  730
524  862
524  890
524  948
524  996
525  528
525  544
525  679
525  780
525  783
525  798
525  859
525  941
525  974
526  608
526  614
526  734
526  793
526  842
526  893
526  963
526  984
526  987
526  995
527  563
527  578
527  706
527  882
527  894
527  965
527  978
528  568
528  573
528  677
528  726
528  810
528  892
528  999
529  530
529  607
529  703
529  835
529  936
529  957
529  960
529  997
530  543
530  649
530  775
530  830
530  950
530  973
530  981
530  997
530  998
531  604
531  616
531  780
531  937
531  952
531  954
531  967
531  982
531  988
532  556
532  564
532  647
532  916
532  961
532  975
532  980
533  567
533  708
533  763
533  783
533  797
533  842
533  965
533  979
533  997
534  545
534  724
534  799
534  840
534  852
534  905
534  933
534  976
534  999
535  577
535  661
535  719
535  808
535  925
535  945
535  978
535  1000
536  686
536  702
536  768
536  777
536  811
536  830
536  890
536  943
537  767
537  789
537  797
537  883
537  931
537  966
537  971
537  979
538  563
538  703
538  714
538  846
538  866
538  914
538  958
538  976
539  611
539  613
539  686
539  942
539  943
539  953
539  967
539  998
540  547
540  566
540  574
540  669
540  736
540  915
540  928
540  981
541  687
541  732
541  837
541  964
541  993
542  557
542  670
542  712
542  751
542  858
542  865
542  888
542  935
542  992
543  601
543  755
543  765
543  770
543  772
543  879
543  920
543  938
544  802
544  904
544  906
544  925
544  949
544  957
544  967
545  773
545  814
545  818
545  854
545  862
545  870
545  899
545  904
545  928
545  980
546  574
546  762
546  791
546  875
546  926
546  946
546  965
546  997
547  663
547  693
547  810
547  868
547  910
547  934
547  938
547  969
547  970
547  976
548  713
548  771
548  821
548  871
548  915
548  954
548  977
548  982
549  565
549  646
549  652
549  711
549  729
549  828
549  922
549  943
549  980
549  983
549  986
550  559
550  619
550  632
550  939
550  950
550  970
551  606
551  678
551  771
551  849
551  880
551  921
551  950
551  957
551  975
551  992
552  632
552  696
552  721
552  747
552  827
552  828
552  962
552  984
553  631
553  699
553  784
553  787
553  881
553  906
553  909
553  963
554  612
554  624
554  738
554  811
554  896
554  951
554  981
554  988
555  581
555  584
555  695
555  752
555  844
555  966
555  979
555  996
556  565
556  659
556  677
556  785
556  808
556  864
556  915
556  966
556  967
556  984
556  998
557  562
557  601
557  872
557  917
557  958
557  976
558  601
558  607
558  644
558  721
558  862
558  945
558  962
559  687
559  770
559  821
559  916
559  951
559  956
559  985
560  727
560  785
560  793
560  889
560  902
560  905
560  964
560  980
560  982
561  582
561  601
561  770
561  779
561  832
561  848
561  852
561  905
561  963
561  979
561  984
561  989
562  685
562  706
562  753
562  780
562  783
562  884
562  969
562  998
563  754
563  790
563  892
563  914
563  993
564  583
564  705
564  744
564  749
564  754
564  908
564  925
564  940
564  972
564  996
565  569
565  606
565  652
565  728
565  757
565  767
565  997
566  570
566  803
566  819
566  825
566  842
566  904
566  908
566  963
566  983
566  995
566  999
567  570
567  829
567  867
567  909
567  962
567  996
568  656
568  683
568  784
568  815
568  878
568  923
568  990
568  994
569  631
569  661
569  665
569  781
569  840
569  864
569  925
569  950
569  969
569  992
569  996
570  622
570  720
570  727
570  915
570  974
570  982
570  989
570  998
571  593
571  616
571  673
571  710
571  820
571  966
571  989
572  653
572  699
572  787
572  808
572  846
572  851
572  852
572  886
572  923
573  594
573  629
573  649
573  691
573  704
573  725
573  729
573  894
574  821
574  928
574  964
574  979
574  997
575  586
575  664
575  672
575  682
575  826
575  878
576  602
576  788
576  838
576  844
576  891
576  899
576  951
576  967
576  982
577  664
577  682
577  688
577  709
577  740
577  904
577  915
577  916
577  945
577  951
577  956
578  719
578  817
578  880
578  891
578  967
578  978
579  624
579  737
579  798
579  804
579  937
579  960
579  964
579  993
580  672
580  784
580  865
580  874
580  948
580  977
580  987
580  990
580  993
581  634
581  732
581  784
581  907
581  935
581  959
581  981
581  995
582  623
582  624
582  690
582  769
582  877
582  921
582  976
582  981
583  733
583  824
583  848
583  890
583  936
583  951
583  992
584  602
584  667
584  716
584  757
584  812
584  877
584  893
584  968
584  986
584  989
585  608
585  673
585  677
585  733
585  797
585  924
585  930
585  970
586  785
586  837
586  884
586  926
586  930
586  934
586  959
586  995
587  594
587  598
587  893
587  903
587  994
587  998
588  707
588  779
588  805
588  865
588  869
588  876
588  994
588  996
589  658
589  731
589  752
589  772
589  847
589  899
589  935
589  938
589  974
590  715
590  716
590  750
590  762
590  801
590  975
590  977
591  757
591  777
591  845
591  924
591  955
591  993
591  999
591  1000
592  690
592  757
592  897
592  913
592  916
592  949
592  969
592  986
592  989
592  993
593  734
593  778
593  866
593  878
593  902
593  932
593  963
593  975
594  602
594  645
594  659
594  697
594  752
594  878
594  879
594  894
595  634
595  836
595  850
595  865
595  891
595  896
595  944
595  974
596  643
596  702
596  756
596  799
596  814
596  829
596  865
596  869
596  936
596  988
597  612
597  711
597  742
597  784
597  905
597  1000
598  674
598  766
598  797
598  831
598  852
598  943
598  948
598  993
598  994
599  674
599  757
599  808
599  843
599  859
599  863
599  907
599  968
599  995
599  1000
600  626
600  714
600  720
600  735
600  748
600  872
600  887
600  902
600  965
600  987
600  998
601  658
601  806
601  906
601  913
601  945
601  966
601  969
601  979
601  988
602  657
602  907
602  917
602  922
602  936
602  956
603  624
603  682
603  719
603  740
603  804
603  841
603  844
603  848
603  933
603  940
603  992
604  834
604  869
604  870
604  960
604  966
604  968
604  973
604  974
604  979
605  705
605  718
605  730
605  771
605  1000
606  607
606  850
606  919
606  920
606  935
606  957
607  637
607  651
607  898
607  934
607  939
607  983
608  615
608  623
608  810
608  855
608  871
608  892
608  912
608  1000
609  724
609  851
609  894
609  914
609  918
609  935
609  956
609  972
609  999
610  684
610  701
610  809
610  810
610  872
610  897
610  936
610  939
611  719
611  816
611  827
611  969
611  972
611  977
611  978
611  998
612  623
612  649
612  666
612  818
612  826
612  833
612  920
613  829
613  928
613  951
613  971
613  997
614  727
614  732
614  795
614  829
614  865
614  886
614  887
614  921
614  957
615  736
615  768
615  777
615  892
615  897
615  911
615  928
615  933
616  666
616  680
616  900
616  903
616  912
616  923
616  964
616  984
617  741
617  755
617  874
617  882
617  893
617  902
617  953
617  970
617  999
617  1000
618  662
618  717
618  728
618  758
618  839
618  888
618  892
618  968
618  1000
619  826
619  859
619  942
619  970
620  786
620  854
620  913
620  930
620  955
620  959
620  964
621  694
621  776
621  808
621  815
621  844
621  874
621  927
621  987
622  679
622  740
622  822
622  876
622  880
622  888
622  939
622  950
622  951
622  984
622  992
622  994
623  861
623  892
623  916
623  978
624  727
624  734
624  945
624  952
624  954
625  709
625  755
625  766
625  866
625  924
625  927
625  931
625  965
625  993
626  706
626  735
626  760
626  791
626  888
626  909
626  938
626  972
627  703
627  707
627  765
627  780
627  863
627  960
627  972
627  991
627  998
628  678
628  750
628  794
628  864
628  929
628  939
628  950
628  975
628  997
629  680
629  701
629  817
629  856
629  873
629  938
629  947
629  957
629  967
629  982
629  1000
630  736
630  881
630  925
630  946
630  948
630  960
630  964
630  971
630  997
631  715
631  790
631  835
631  866
631  890
631  951
632  667
632  719
632  903
632  952
632  966
632  992
632  997
633  697
633  718
633  746
633  752
633  791
633  817
633  868
633  977
633  995
633  997
634  635
634  707
634  781
634  830
634  978
634  987
634  994
635  692
635  726
635  759
635  805
635  882
635  969
635  991
635  999
636  643
636  665
636  743
636  749
636  775
636  836
636  855
636  863
636  890
636  910
636  974
637  682
637  709
637  745
637  775
637  790
637  793
637  932
637  950
637  978
637  986
638  773
638  836
638  869
638  951
638  958
638  993
638  994
639  725
639  816
639  820
639  876
639  949
639  986
640  661
640  784
640  963
640  964
640  994
641  700
641  722
641  835
641  856
641  887
641  930
641  938
641  947
641  978
641  991
642  644
642  694
642  719
642  796
642  1000
643  689
643  702
643  729
643  882
643  899
643  925
643  998
644  648
644  657
644  672
644  842
644  910
644  957
644  963
644  972
644  1000
645  744
645  774
645  834
645  853
645  905
645  947
645  953
645  963
645  978
645  981
646  802
646  840
646  873
646  895
646  975
646  988
646  997
647  673
647  677
647  697
647  714
647  825
647  857
647  918
647  999
648  792
648  797
648  920
648  940
648  957
648  982
648  995
649  712
649  792
649  837
649  882
649  883
649  942
649  982
650  720
650  760
650  776
650  836
650  839
650  852
650  905
650  968
650  1000
651  655
651  731
651  758
651  773
651  809
651  826
651  918
652  704
652  933
652  985
652  991
652  994
653  665
653  689
653  722
653  909
653  943
653  980
654  711
654  727
654  850
654  911
654  952
654  999
655  748
655  777
655  809
655  821
655  832
655  888
655  898
655  909
655  915
655  920
655  996
656  685
656  728
656  739
656  740
656  741
656  892
656  911
656  960
656  995
657  672
657  748
657  808
657  911
657  974
657  980
657  996
658  678
658  701
658  736
658  784
658  895
658  930
658  947
658  975
658  988
659  736
659  755
659  911
659  958
659  960
659  963
659  985
659  991
660  662
660  668
660  695
660  771
660  853
660  919
660  956
660  980
660  986
660  995
661  714
661  715
661  748
661  861
661  891
661  945
661  965
661  997
662  683
662  729
662  924
662  929
662  930
662  960
662  989
662  991
663  713
663  829
663  903
663  909
663  915
663  933
663  987
664  671
664  692
664  759
664  786
664  888
664  951
664  970
664  996
665  780
665  843
665  878
665  881
665  901
665  911
666  667
666  733
666  740
666  814
666  822
666  825
666  835
666  988
667  702
667  818
667  835
667  868
667  913
667  938
667  993
667  997
668  718
668  732
668  778
668  784
668  871
668  906
668  913
668  958
668  988
669  687
669  734
669  839
669  901
669  929
669  945
669  973
669  994
669  997
669  999
670  691
670  700
670  713
670  734
670  771
670  892
670  956
670  963
670  966
670  998
671  683
671  692
671  730
671  772
671  921
671  956
671  961
671  983
671  987
671  993
672  739
672  748
672  758
672  803
672  821
672  935
672  993
672  994
672  997
673  678
673  721
673  758
673  768
673  886
673  908
673  919
673  959
673  986
674  746
674  764
674  796
674  974
674  981
674  982
675  684
675  705
675  732
675  763
675  767
675  783
675  836
675  876
675  996
675  998
676  782
676  789
676  793
676  847
676  960
676  964
676  984
677  685
677  723
677  855
677  861
677  883
677  893
677  968
677  976
677  983
677  999
678  799
678  873
678  895
678  910
678  957
678  973
678  975
679  742
679  773
679  850
679  861
679  867
679  903
679  943
679  992
680  744
680  851
680  867
680  901
680  953
680  970
680  973
680  978
680  996
681  719
681  803
681  843
681  854
681  881
681  897
681  980
681  985
681  988
681  989
682  806
682  828
682  917
682  967
683  702
683  930
683  979
683  983
683  996
683  997
684  733
684  760
684  887
684  916
684  926
684  951
684  978
684  980
684  1000
685  732
685  809
685  886
685  906
685  915
685  958
685  965
685  990
685  998
686  713
686  761
686  790
686  909
686  965
686  969
686  981
686  991
686  995
687  816
687  872
687  992
687  998
688  707
688  830
688  860
688  878
688  920
688  957
688  968
688  1000
689  760
689  906
689  925
689  940
689  985
690  725
690  807
690  848
690  867
690  881
690  920
690  988
690  992
691  709
691  752
691  774
691  787
691  864
691  880
691  926
691  957
692  759
692  833
692  904
692  933
692  963
692  969
692  975
693  754
693  853
693  875
693  931
693  969
693  974
693  984
693  995
694  881
694  887
694  915
694  949
694  950
694  972
694  993
694  996
695  698
695  773
695  832
695  851
695  889
695  899
695  913
695  930
695  932
695  995
695  1000
696  719
696  784
696  804
696  844
696  872
696  912
696  942
696  946
696  948
697  702
697  709
697  745
697  766
697  852
697  878
697  950
697  983
697  995
697  999
698  786
698  842
698  943
698  956
698  961
698  972
698  995
698  999
699  764
699  790
699  896
699  946
699  981
699  991
699  993
699  1000
700  834
700  927
700  938
700  953
700  970
700  993
701  740
701  869
701  907
701  925
701  932
701  984
702  763
702  830
702  949
702  967
703  710
703  832
703  854
703  871
703  923
703  975
704  767
704  772
704  845
704  911
704  915
704  916
704  957
705  708
705  724
705  777
705  791
705  914
705  944
705  986
705  987
705  996
706  711
706  806
706  886
706  891
706  918
706  938
706  953
706  960
706  990
707  760
707  830
707  877
707  883
707  895
707  969
707  978
708  754
708  755
708  759
708  833
708  897
708  950
708  957
708  986
709  736
709  802
709  866
709  880
709  895
709  940
709  953
710  750
710  764
710  913
710  951
710  955
710  977
710  979
710  985
710  999
711  713
711  917
711  941
711  997
711  999
712  800
712  819
712  858
712  895
712  954
712  961
712  971
712  984
713  761
713  781
713  926
714  849
714  914
714  948
714  956
714  960
714  999
715  844
715  874
715  909
715  914
715  992
716  776
716  801
716  803
716  813
716  875
716  994
716  996
717  782
717  910
717  911
717  986
717  993
718  719
718  742
718  800
718  827
718  953
718  992
718  1000
719  726
719  823
719  841
719  969
719  1000
720  886
720  918
720  943
720  960
720  983
720  1000
721  732
721  741
721  753
721  757
721  854
721  912
721  946
722  856
722  904
722  906
722  911
722  993
723  886
723  900
723  906
723  927
723  988
723  993
723  998
724  744
724  949
724  955
724  967
724  977
724  992
724  995
724  999
725  737
725  775
725  820
725  917
725  939
725  970
725  986
726  734
726  792
726  833
726  854
726  924
726  955
726  977
726  982
726  995
726  999
727  762
727  785
727  801
727  836
727  849
727  916
727  961
727  965
727  977
727  999
728  788
728  793
728  896
728  899
728  929
728  932
728  999
729  956
729  970
729  971
729  993
729  999
730  807
730  833
730  949
730  950
730  983
730  994
730  995
731  752
731  883
731  885
731  921
731  932
731  964
731  973
732  753
732  869
732  953
732  956
732  964
733  892
733  902
733  903
733  965
733  991
734  773
734  774
734  825
734  891
734  983
734  990
734  999
735  756
735  758
735  803
735  845
735  847
735  946
735  986
735  988
735  996
736  793
736  824
736  922
736  976
736  983
736  997
737  817
737  948
737  969
737  975
737  981
737  988
737  998
738  741
738  744
738  766
738  779
738  808
738  828
738  928
738  963
738  968
739  770
739  834
739  865
739  887
739  948
739  979
739  986
740  756
740  950
740  963
740  993
741  752
741  876
741  884
741  923
741  940
741  948
741  953
741  973
741  983
742  768
742  930
742  939
742  955
742  989
742  991
743  783
743  784
743  880
743  900
743  949
743  990
744  797
744  939
744  969
744  978
744  979
745  814
745  843
745  859
745  909
745  939
745  970
745  980
745  985
746  750
746  771
746  773
746  801
746  804
746  953
746  963
746  975
747  772
747  822
747  869
747  916
747  925
747  942
747  945
747  970
748  774
748  782
748  902
748  999
749  789
749  863
749  881
749  922
749  929
749  937
749  960
749  976
750  789
750  838
750  934
750  938
750  969
750  1000
751  804
751  849
751  854
751  962
751  963
751  978
751  984
751  1000
752  952
752  955
753  885
753  939
753  952
753  986
753  995
753  998
754  843
754  868
754  882
754  897
754  957
754  970
754  983
754  993
754  996
755  791
755  823
755  887
755  896
755  961
755  990
756  795
756  866
756  950
756  965
756  979
756  982
756  984
756  985
756  990
756  992
757  786
757  826
757  882
757  928
757  952
757  968
757  975
757  990
757  1000
758  803
758  968
758  974
758  977
758  983
758  986
758  993
759  783
759  830
759  931
759  935
759  976
759  992
760  761
760  812
760  823
760  887
760  893
760  917
760  932
760  977
760  989
761  787
761  846
761  860
761  909
761  956
761  959
761  978
761  998
762  765
762  799
762  821
762  849
762  871
762  931
762  941
762  951
762  979
762  989
763  783
763  797
763  873
763  895
763  955
763  970
764  780
764  801
764  855
764  885
764  914
764  928
764  943
764  965
764  994
765  775
765  801
765  823
765  874
765  887
765  889
765  902
765  959
765  982
765  985
765  991
766  781
766  876
766  894
766  897
766  899
766  920
766  939
766  986
767  773
767  796
767  804
767  824
767  830
767  861
767  934
767  948
767  950
767  988
768  827
768  877
768  881
768  894
768  946
768  953
768  993
769  867
769  871
769  898
769  939
769  958
769  961
769  1000
770  816
770  840
770  841
770  915
770  975
770  1000
771  809
771  861
771  909
771  940
771  956
771  995
772  873
772  906
772  918
772  919
772  938
772  948
772  970
772  997
773  820
773  834
773  864
773  890
773  891
773  962
773  995
774  796
774  812
774  853
774  880
774  905
774  955
774  958
774  971
775  780
775  814
775  854
775  856
775  875
775  921
775  924
775  976
775  981
775  995
776  896
776  900
776  903
776  915
776  931
776  969
776  973
776  975
776  982
777  785
777  792
777  803
777  820
777  896
777  913
777  981
777  993
778  794
778  827
778  863
778  907
778  953
778  954
778  991
778  995
779  787
779  825
779  875
779  879
779  917
779  936
779  938
779  962
779  964
780  798
780  863
780  930
780  936
780  940
780  961
780  977
780  980
780  988
781  786
781  894
781  963
781  990
781  992
781  995
782  810
782  816
782  831
782  864
782  896
782  922
782  966
782  998
783  784
783  836
783  931
783  986
783  998
784  877
784  881
784  990
785  799
785  802
785  831
785  918
785  938
785  940
785  979
785  987
785  990
786  817
786  862
786  863
786  882
786  902
786  927
787  858
787  957
787  997
787  998
788  812
788  853
788  863
788  881
788  900
788  922
788  934
788  980
788  989
789  811
789  822
789  841
789  855
789  861
789  928
789  944
789  955
789  965
790  820
790  871
790  939
790  949
790  969
790  982
790  983
791  798
791  859
791  963
791  989
791  996
792  811
792  894
792  939
792  951
793  829
793  892
793  908
793  923
793  942
793  944
793  966
794  827
794  851
794  890
794  893
794  907
794  938
794  963
794  985
794  996
795  879
795  911
795  913
795  917
795  921
795  943
795  959
795  967
795  987
795  988
795  995
796  893
796  931
796  932
796  972
796  975
796  978
796  991
796  999
797  822
797  907
797  997
798  823
798  834
798  840
798  904
798  930
798  944
798  974
798  975
798  976
798  986
798  1000
799  826
799  913
799  931
799  959
799  998
799  999
800  868
800  926
800  939
800  952
800  964
800  966
800  980
800  983
800  996
801  832
801  916
801  956
801  974
802  814
802  832
802  848
802  870
802  894
802  948
802  973
802  998
803  853
803  875
803  899
803  979
803  996
803  998
804  807
804  840
804  846
804  858
804  860
804  866
804  951
804  977
804  992
805  825
805  867
805  932
805  944
805  963
805  982
805  985
805  991
805  995
806  813
806  821
806  858
806  970
806  987
806  990
806  1000
807  814
807  818
807  837
807  846
807  933
807  950
807  962
807  976
807  992
807  1000
808  819
808  881
808  901
808  934
808  950
808  968
808  989
808  998
809  851
809  878
809  945
809  956
809  980
809  991
809  998
810  897
810  904
810  919
810  934
810  945
810  974
811  812
811  815
811  828
811  850
811  861
811  894
811  902
811  948
811  951
812  856
812  871
812  906
812  960
813  880
813  901
813  993
813  996
814  827
814  892
814  918
814  932
814  975
814  979
814  984
814  987
815  828
815  898
815  899
815  933
815  952
815  996
815  997
816  831
816  837
816  870
816  967
816  976
816  980
817  841
817  881
817  954
817  975
818  828
818  876
818  881
818  909
818  913
818  919
818  923
818  924
818  944
818  961
818  968
818  1000
819  870
819  891
819  915
819  938
819  946
819  967
819  973
819  975
819  991
819  993
819  998
820  894
820  912
820  922
820  925
820  939
820  945
820  978
820  998
821  848
821  875
821  911
821  919
821  989
821  994
822  858
822  867
822  903
822  905
822  949
822  984
823  847
823  855
823  889
823  893
823  894
823  919
823  953
823  990
823  999
824  841
824  875
824  922
824  959
824  964
824  965
824  976
824  986
825  843
825  845
825  846
825  872
825  886
825  929
825  938
825  971
826  836
826  874
826  933
826  941
827  830
827  836
827  854
827  891
827  936
827  944
828  867
828  875
828  899
828  936
828  965
828  988
829  837
829  854
829  865
829  922
829  942
829  949
829  965
829  998
830  862
830  951
830  954
830  994
830  997
831  864
831  866
831  870
831  876
831  894
831  933
831  935
831  940
831  968
831  973
831  998
832  868
832  918
832  929
832  941
833  866
833  870
833  885
833  935
833  955
833  957
833  976
833  981
833  999
834  871
834  876
834  910
834  913
834  940
834  954
834  972
834  975
834  993
835  865
835  872
835  883
835  915
835  927
835  952
835  965
835  972
836  931
836  958
836  974
837  852
837  856
837  859
837  897
837  927
837  929
837  940
838  880
838  914
838  918
838  946
838  958
838  971
838  973
838  979
838  982
838  985
838  988
838  1000
839  904
839  914
839  941
839  954
839  962
839  969
839  994
840  849
840  871
840  902
840  940
840  950
840  951
840  965
840  994
841  842
841  861
841  918
841  926
841  943
841  954
841  987
841  999
842  848
842  934
842  967
842  976
842  995
842  996
843  885
843  900
843  906
843  926
843  931
843  937
843  947
844  880
844  893
844  931
844  955
844  959
844  965
844  971
844  978
844  979
844  998
845  952
845  966
845  975
845  979
845  993
845  994
846  883
846  893
846  914
846  918
846  955
846  973
847  848
847  890
847  947
847  950
847  954
847  957
847  990
847  992
847  1000
848  885
848  900
848  926
848  939
848  961
848  973
848  976
849  883
849  929
849  932
849  971
849  985
849  996
850  853
850  861
850  868
850  903
850  923
850  930
850  932
850  936
850  943
850  954
851  874
851  897
851  958
851  971
851  989
851  995
852  927
852  954
852  959
852  974
852  976
853  879
853  885
853  894
853  908
853  934
853  939
853  943
854  890
854  939
854  946
854  958
854  965
855  927
855  942
855  979
855  980
855  987
855  990
855  994
855  995
855  996
856  915
856  925
856  983
857  875
857  911
857  922
857  941
857  967
857  992
858  896
858  907
858  929
858  935
858  991
858  992
859  887
859  888
859  910
859  925
859  940
859  968
859  980
859  987
859  998
859  1000
860  887
860  900
860  903
860  912
860  916
860  944
860  946
860  960
860  969
860  983
860  994
861  884
861  900
861  927
861  938
861  980
861  1000
862  895
862  901
862  913
862  949
862  954
862  963
862  964
862  976
862  986
862  988
862  993
862  994
863  905
863  913
863  940
863  961
863  984
863  987
863  995
863  999
864  899
864  995
864  998
865  882
865  908
865  919
865  944
866  890
866  945
866  968
866  971
866  988
866  993
867  908
867  943
867  952
867  959
867  979
867  996
868  869
868  899
868  923
868  926
868  929
868  933
868  942
868  948
868  977
868  986
868  987
869  889
869  906
869  948
869  950
869  964
869  970
869  971
869  998
870  884
870  892
870  908
870  926
870  930
870  947
870  964
870  973
870  976
870  991
870  995
871  914
871  941
872  910
872  914
872  917
872  948
872  965
872  966
872  983
873  898
873  914
873  916
873  935
873  943
873  984
873  991
873  992
873  995
873  997
874  914
874  931
874  958
874  962
874  966
874  970
874  978
874  995
875  942
875  952
875  961
875  995
876  932
876  933
876  968
876  973
876  988
877  894
877  940
877  947
877  953
877  964
877  980
877  992
877  994
878  889
878  921
878  923
878  949
878  969
878  984
879  880
879  883
879  898
879  903
879  912
879  916
879  919
879  937
879  938
880  893
880  894
880  901
880  923
880  973
881  962
881  981
881  990
882  893
882  921
882  928
882  931
882  937
882  945
882  973
882  974
882  981
882  988
883  924
883  930
883  949
883  955
883  969
883  977
883  992
883  993
883  996
883  999
884  895
884  902
884  927
884  940
884  953
884  961
884  991
885  915
885  971
885  978
885  981
885  985
885  987
885  991
886  895
886  897
886  952
886  960
886  965
886  966
886  984
886  991
886  997
887  910
887  930
887  944
887  978
887  996
887  997
888  925
888  968
888  969
888  975
888  979
888  981
888  989
889  921
889  928
889  938
889  957
889  958
889  979
890  926
890  927
890  953
890  964
890  973
890  998
890  1000
891  917
891  942
891  965
891  978
891  992
892  934
892  959
892  984
892  1000
893  922
893  925
893  937
893  965
893  984
893  999
894  961
894  974
894  990
895  935
895  958
895  982
895  999
896  914
896  966
896  983
896  989
897  934
897  936
897  992
898  912
898  935
898  937
898  947
898  957
898  960
898  963
898  999
899  912
899  932
899  934
899  981
899  987
900  927
900  967
900  987
900  990
900  997
900  1000
901  906
901  909
901  910
901  967
901  973
901  988
901  992
902  909
902  912
902  927
902  976
902  982
902  989
902  991
902  993
903  908
903  923
903  930
903  943
903  945
903  946
903  970
903  984
903  989
904  917
904  925
904  932
904  956
904  968
904  973
904  985
904  998
904  1000
905  913
905  922
905  924
905  969
905  977
905  999
906  924
906  962
906  984
906  995
907  921
907  971
907  982
907  984
907  985
907  991
907  995
908  915
908  921
908  923
908  934
908  974
908  980
908  997
909  913
909  919
909  925
909  985
909  998
909  1000
910  924
910  935
910  937
910  946
910  960
910  964
910  972
910  989
910  996
911  957
911  969
911  973
911  981
911  987
911  997
912  932
912  936
912  942
912  944
912  956
912  962
912  975
912  983
912  988
912  997
913  955
913  986
913  999
914  948
914  968
914  989
914  999
915  922
915  936
915  946
915  961
916  935
916  940
916  951
916  955
916  988
917  931
917  938
917  958
917  965
917  966
917  975
918  941
918  962
918  979
918  986
918  987
918  990
918  999
919  958
919  984
919  993
919  1000
920  928
920  956
920  983
920  985
920  987
920  997
921  933
921  975
921  983
921  989
921  994
921  997
921  1000
922  941
922  966
922  987
922  990
922  996
923  943
923  966
923  967
923  985
923  993
924  955
924  957
924  959
924  977
924  987
924  999
924  1000
925  949
925  973
925  975
925  996
925  999
925  1000
926  936
926  938
926  946
926  962
926  979
926  987
927  946
927  983
927  989
927  998
928  929
928  952
928  976
928  977
928  979
928  981
928  995
929  968
929  971
929  978
929  980
929  987
929  991
929  996
929  997
930  943
930  951
930  953
930  960
931  935
931  946
931  979
931  991
932  972
932  979
932  987
932  992
932  995
933  948
933  974
933  976
933  981
933  988
933  994
934  941
934  951
934  967
934  983
934  987
934  992
934  995
935  937
935  954
935  960
935  972
935  980
935  984
936  937
936  966
936  970
936  972
936  992
936  994
936  996
936  997
936  999
937  944
937  954
937  957
937  961
937  963
937  967
937  969
937  973
937  984
937  988
937  994
937  999
938  942
938  948
938  995
939  940
939  977
939  986
939  996
939  998
940  945
940  964
941  956
941  958
941  960
941  964
941  967
941  990
941  991
941  994
942  948
942  952
942  956
942  968
942  989
942  990
942  994
942  997
942  998
943  959
943  966
943  990
943  994
944  946
944  949
944  960
944  963
944  976
944  979
944  982
944  996
945  949
945  982
945  986
945  993
946  962
946  970
947  953
947  954
947  974
947  978
947  990
947  998
948  952
948  988
948  991
948  992
948  993
949  954
949  990
949  997
949  999
950  951
950  952
950  971
950  984
950  989
950  992
951  954
951  962
951  994
952  953
952  955
952  962
952  967
952  977
952  998
953  955
953  963
953  967
954  978
954  982
954  984
954  998
954  1000
955  977
955  994
955  999
956  967
956  982
956  983
956  985
956  986
956  1000
957  961
957  974
957  995
957  998
958  963
958  977
958  982
958  992
958  993
958  994
958  999
959  977
959  979
959  985
959  987
959  990
959  992
960  972
960  978
960  984
960  995
961  971
961  973
961  1000
962  977
962  995
962  996
963  983
963  986
963  999
964  966
964  977
964  981
964  996
965  984
965  986
966  979
966  981
966  987
966  997
966  998
967  973
967  976
967  993
967  998
967  1000
968  969
968  990
968  993
968  994
968  996
968  1000
969  976
969  986
969  989
969  992
969  993
970  977
970  982
970  983
970  989
970  999
971  982
971  984
971  985
971  991
971  994
971  1000
972  973
972  978
972  981
972  995
973  976
973  977
973  994
973  997
973  998
974  975
974  982
974  985
974  989
974  990
974  994
974  999
974  1000
975  977
975  981
975  985
975  987
975  994
975  999
976  981
976  988
976  994
977  984
977  985
977  986
977  987
977  988
977  995
977  998
977  999
978  988
978  992
978  998
978  999
979  994
979  995
979  998
979  1000
980  982
980  986
980  989
980  996
980  998
981  982
981  985
981  988
981  989
981  994
981  997
981  1000
982  991
982  994
982  995
982  996
983  985
983  995
983  996
983  999
984  995
985  989
985  992
986  997
986  1000
987  991
987  995
987  999
987  1000
988  993
988  994
988  997
988  998
989  990
989  991
989  994
989  996
990  991
990  994
990  996
990  997
991  993
991  998
992  999
992  1000
993  996
993  998
994  996
995  996
999  1000
