1  440
1  514
1  567
1  714
1  724
1  781
1  785
1  981
1  984
2  74
2  123
2  248
2  575
2  767
2  933
2  946
2  952
2  991
3  348
3  590
3  805
3  833
3  926
3  929
3  979
3  980
3  997
4  104
4  582
4  687
4  701
4  852
4  917
4  927
4  992
4  997
5  183
5  403
5  461
5  476
5  571
5  783
5  849
5  955
5  977
6  207
6  326
6  379
6  694
6  716
6  835
6  908
6  959
6  973
7  124
7  143
7  145
7  396
7  465
7  829
7  919
7  936
7  943
8  104
8  348
8  412
8  581
8  671
8  926
8  936
8  983
8  990
9  224
9  351
9  431
9  531
9  582
9  593
9  802
9  881
9  898
10  178
10  233
10  626
10  685
10  731
10  817
10  826
10  881
10  942
11  160
11  233
11  285
11  671
11  750
11  906
11  914
11  928
11  960
12  161
12  246
12  490
12  748
12  872
12  910
12  915
12  970
12  994
13  220
13  562
13  615
13  696
13  737
13  854
13  917
13  949
13  951
14  376
14  408
14  606
14  699
14  776
14  961
14  964
14  974
14  988
15  245
15  284
15  343
15  374
15  396
15  574
15  641
15  903
15  991
16  256
16  291
16  342
16  672
16  754
16  843
16  910
16  975
16  981
17  55
17  474
17  638
17  743
17  912
17  964
17  979
17  992
17  1000
18  393
18  532
18  616
18  833
18  866
18  980
18  992
18  996
18  997
19  477
19  592
19  603
19  661
19  696
19  782
19  797
19  994
19  997
20  65
20  665
20  686
20  771
20  908
20  914
20  917
20  946
20  988
21  253
21  334
21  343
21  385
21  462
21  503
21  588
21  850
21  983
22  141
22  167
22  516
22  522
22  684
22  928
22  958
22  959
22  982
23  400
23  493
23  577
23  627
23  670
23  763
23  792
23  931
23  997
24  117
24  310
24  413
24  446
24  476
24  490
24  778
24  820
24  964
25  241
25  507
25  641
25  664
25  823
25  930
25  945
25  960
25  990
26  65
26  670
26  695
26  707
26  735
26  754
26  793
26  910
26  978
27  28
27  145
27  210
27  302
27  316
27  477
27  490
27  782
27  939
28  40
28  110
28  112
28  415
28  531
28  536
28  591
28  636
29  129
29  182
29  239
29  462
29  695
29  735
29  788
29  792
29  793
30  99
30  514
30  679
30  707
30  713
30  793
30  802
30  923
30  994
31  109
31  247
31  458
31  707
31  850
31  896
31  899
31  920
31  971
32  292
32  346
32  664
32  750
32  865
32  912
32  940
32  948
32  988
33  106
33  133
33  398
33  566
33  573
33  637
33  679
33  960
33  993
34  238
34  250
34  269
34  417
34  452
34  790
34  861
34  906
34  930
35  72
35  167
35  369
35  405
35  512
35  612
35  856
35  953
35  991
36  41
36  304
36  341
36  666
36  783
36  821
36  894
36  937
36  953
37  370
37  883
37  944
37  959
37  962
37  965
37  980
37  997
37  999
38  288
38  343
38  414
38  634
38  637
38  760
38  798
38  893
38  903
39  645
39  683
39  690
39  776
39  782
39  877
39  975
39  979
39  994
40  114
40  211
40  376
40  648
40  787
40  982
40  997
40  998
41  200
41  267
41  525
41  538
41  602
41  917
41  925
41  985
42  91
42  382
42  582
42  609
42  781
42  880
42  949
42  951
42  988
43  372
43  382
43  391
43  434
43  455
43  478
43  493
43  670
43  812
44  107
44  371
44  627
44  705
44  760
44  777
44  876
44  932
44  948
45  268
45  365
45  472
45  744
45  795
45  889
45  929
45  934
45  983
46  463
46  495
46  725
46  729
46  740
46  892
46  963
46  979
46  997
47  356
47  632
47  842
47  848
47  916
47  919
47  954
47  975
47  984
48  151
48  206
48  543
48  784
48  813
48  819
48  896
48  993
48  1000
49  308
49  358
49  409
49  650
49  700
49  790
49  887
49  904
49  917
50  259
50  475
50  566
50  615
50  616
50  721
50  785
50  915
50  992
51  103
51  772
51  866
51  867
51  888
51  912
51  964
51  993
51  998
52  389
52  486
52  712
52  752
52  807
52  825
52  884
52  928
52  958
53  214
53  364
53  630
53  649
53  746
53  967
53  972
53  977
53  983
54  609
54  638
54  827
54  885
54  890
54  921
54  943
54  966
54  997
55  220
55  802
55  829
55  882
55  910
55  989
55  996
55  1000
56  119
56  155
56  310
56  456
56  495
56  629
56  771
56  973
56  988
57  148
57  384
57  388
57  495
57  510
57  637
57  731
57  984
57  996
58  88
58  747
58  755
58  831
58  870
58  879
58  970
58  978
58  984
59  270
59  356
59  473
59  480
59  570
59  755
59  791
59  880
59  946
60  650
60  653
60  817
60  864
60  909
60  917
60  918
60  927
60  1000
61  130
61  537
61  697
61  778
61  859
61  917
61  972
61  981
61  984
62  371
62  395
62  678
62  717
62  742
62  843
62  894
62  936
62  963
63  205
63  220
63  221
63  618
63  745
63  759
63  897
63  924
63  991
64  265
64  403
64  499
64  598
64  786
64  911
64  934
64  945
64  957
65  122
65  174
65  444
65  842
65  897
65  939
65  948
66  390
66  642
66  724
66  836
66  841
66  892
66  945
66  957
66  970
67  138
67  846
67  862
67  888
67  935
67  949
67  958
67  995
67  998
68  169
68  172
68  355
68  426
68  686
68  705
68  864
68  940
68  966
69  446
69  828
69  880
69  899
69  901
69  926
69  933
69  969
69  970
70  278
70  539
70  566
70  858
70  938
70  974
70  977
70  985
70  986
71  295
71  622
71  651
71  873
71  907
71  950
71  986
71  989
71  999
72  178
72  446
72  461
72  614
72  916
72  938
72  977
72  993
73  143
73  272
73  495
73  497
73  687
73  775
73  870
73  963
73  984
74  166
74  636
74  736
74  761
74  981
74  989
74  996
74  1000
75  105
75  198
75  421
75  573
75  789
75  802
75  855
75  857
75  945
76  90
76  214
76  221
76  351
76  536
76  713
76  772
76  917
76  918
77  237
77  538
77  561
77  676
77  867
77  946
77  948
77  961
77  980
78  380
78  569
78  693
78  707
78  773
78  837
78  853
78  922
78  995
79  237
79  245
79  353
79  592
79  596
79  632
79  966
79  979
79  994
80  331
80  407
80  499
80  655
80  656
80  748
80  924
80  925
80  996
81  108
81  269
81  302
81  834
81  853
81  858
81  859
81  975
81  999
82  445
82  554
82  888
82  929
82  934
82  968
82  973
82  984
82  987
83  434
83  485
83  505
83  558
83  561
83  695
83  775
83  793
83  836
84  105
84  115
84  667
84  764
84  856
84  918
84  946
84  988
84  992
85  156
85  195
85  344
85  563
85  585
85  839
85  929
85  944
85  987
86  187
86  491
86  504
86  778
86  788
86  864
86  893
86  986
86  989
87  486
87  516
87  518
87  626
87  718
87  798
87  884
87  908
87  989
88  252
88  724
88  774
88  854
88  869
88  904
88  953
88  984
89  261
89  587
89  645
89  843
89  859
89  910
89  958
89  962
89  994
90  716
90  760
90  835
90  845
90  869
90  906
90  908
90  960
91  595
91  661
91  714
91  794
91  811
91  824
91  912
91  974
92  194
92  276
92  294
92  385
92  566
92  672
92  784
92  840
92  966
93  171
93  280
93  354
93  546
93  603
93  692
93  717
93  791
93  796
94  101
94  244
94  512
94  622
94  639
94  652
94  832
94  847
94  987
95  262
95  482
95  678
95  705
95  784
95  905
95  916
95  947
95  977
96  420
96  748
96  755
96  963
96  965
96  967
96  979
96  992
96  997
97  180
97  215
97  568
97  570
97  794
97  865
97  954
97  982
97  998
98  378
98  416
98  588
98  746
98  828
98  969
98  970
98  981
98  989
99  136
99  138
99  305
99  797
99  812
99  835
99  920
99  985
100  328
100  470
100  560
100  567
100  677
100  738
100  865
100  923
100  956
101  320
101  506
101  832
101  931
101  942
101  944
101  945
101  987
102  186
102  523
102  754
102  759
102  770
102  902
102  936
102  996
102  1000
103  144
103  425
103  646
103  762
103  790
103  879
103  923
103  990
104  214
104  319
104  570
104  967
104  974
104  982
104  985
105  213
105  339
105  607
105  635
105  712
105  789
105  857
106  510
106  599
106  669
106  748
106  871
106  889
106  924
106  925
107  338
107  366
107  449
107  539
107  605
107  744
107  876
107  932
108  198
108  389
108  765
108  812
108  833
108  927
108  980
108  997
109  158
109  612
109  704
109  827
109  921
109  953
109  964
109  986
110  180
110  266
110  736
110  753
110  788
110  887
110  948
110  999
111  138
111  211
111  319
111  730
111  731
111  801
111  830
111  872
111  995
112  287
112  875
112  907
112  928
112  936
112  938
112  989
112  999
113  156
113  280
113  288
113  404
113  801
113  860
113  894
113  930
113  988
114  508
114  591
114  620
114  633
114  819
114  979
114  982
114  988
115  145
115  356
115  744
115  795
115  840
115  882
115  931
115  956
116  149
116  154
116  469
116  582
116  867
116  897
116  922
116  939
116  965
117  387
117  797
117  846
117  853
117  910
117  969
117  989
117  994
118  415
118  488
118  585
118  658
118  671
118  946
118  954
118  998
118  1000
119  251
119  325
119  417
119  437
119  579
119  922
119  961
119  964
120  197
120  352
120  396
120  548
120  555
120  621
120  692
120  939
120  991
121  308
121  400
121  421
121  523
121  699
121  811
121  991
121  994
121  995
122  125
122  420
122  551
122  755
122  844
122  902
122  989
122  996
123  508
123  832
123  889
123  929
123  940
123  968
123  973
123  987
124  184
124  534
124  617
124  739
124  812
124  844
124  885
124  943
125  171
125  242
125  713
125  788
125  929
125  985
125  986
125  1000
126  130
126  306
126  474
126  610
126  733
126  896
126  934
126  976
126  983
127  208
127  253
127  292
127  362
127  377
127  449
127  822
127  849
127  983
128  268
128  424
128  657
128  768
128  829
128  874
128  881
128  928
128  958
129  367
129  699
129  799
129  870
129  883
129  920
129  932
129  978
130  460
130  610
130  649
130  724
130  920
130  976
130  983
131  211
131  299
131  301
131  566
131  604
131  648
131  730
131  770
131  953
132  153
132  236
132  344
132  360
132  420
132  550
132  781
132  973
132  987
133  339
133  620
133  709
133  843
133  985
133  986
133  999
133  1000
134  252
134  323
134  367
134  411
134  602
134  604
134  978
134  981
134  994
135  281
135  329
135  368
135  451
135  526
135  548
135  580
135  801
135  918
136  152
136  259
136  523
136  574
136  804
136  850
136  895
136  971
137  527
137  708
137  800
137  819
137  833
137  963
137  979
137  992
137  997
138  376
138  623
138  730
138  865
138  986
138  999
139  215
139  287
139  506
139  706
139  733
139  910
139  945
139  957
139  985
140  269
140  402
140  596
140  614
140  849
140  931
140  968
140  977
140  1000
141  405
141  516
141  582
141  738
141  821
141  878
141  928
141  958
142  151
142  191
142  305
142  362
142  579
142  642
142  707
142  826
142  984
143  323
143  436
143  612
143  807
143  874
143  919
143  943
144  343
144  468
144  533
144  790
144  809
144  930
144  977
144  1000
145  540
145  554
145  815
145  856
145  973
145  987
146  518
146  758
146  759
146  827
146  845
146  905
146  908
146  933
146  970
147  500
147  687
147  706
147  854
147  886
147  945
147  957
147  959
147  975
148  552
148  717
148  734
148  867
148  888
148  908
148  948
148  989
149  237
149  502
149  569
149  628
149  828
149  921
149  969
149  970
150  195
150  480
150  510
150  606
150  803
150  893
150  966
150  968
150  970
151  332
151  805
151  846
151  861
151  906
151  956
151  962
152  532
152  537
152  595
152  732
152  966
152  972
152  985
152  996
153  278
153  373
153  479
153  934
153  949
153  973
153  987
153  999
154  378
154  515
154  844
154  938
154  974
154  993
154  996
154  999
155  383
155  514
155  779
155  786
155  819
155  865
155  923
155  995
156  161
156  354
156  630
156  659
156  742
156  984
156  988
157  313
157  427
157  442
157  715
157  724
157  880
157  901
157  969
157  970
158  590
158  651
158  756
158  806
158  957
158  959
158  986
158  996
159  193
159  201
159  430
159  516
159  691
159  752
159  884
159  946
159  997
160  165
160  233
160  434
160  549
160  568
160  690
160  726
160  948
161  488
161  634
161  678
161  681
161  791
161  894
161  997
162  402
162  552
162  573
162  784
162  825
162  977
162  992
162  993
162  997
163  382
163  437
163  511
163  564
163  867
163  909
163  912
163  939
163  997
164  241
164  609
164  621
164  678
164  699
164  758
164  905
164  912
164  939
165  589
165  707
165  725
165  844
165  849
165  947
165  955
165  995
166  310
166  345
166  477
166  703
166  714
166  849
166  935
166  993
167  386
167  585
167  595
167  693
167  953
167  971
167  972
168  398
168  428
168  462
168  632
168  801
168  942
168  954
168  960
168  990
169  185
169  469
169  636
169  798
169  835
169  856
169  959
169  985
170  180
170  410
170  603
170  660
170  817
170  914
170  935
170  941
170  956
171  352
171  362
171  575
171  701
171  951
171  964
171  994
172  329
172  413
172  428
172  586
172  751
172  753
172  932
172  966
173  360
173  370
173  542
173  586
173  959
173  963
173  980
173  992
173  997
174  369
174  453
174  804
174  816
174  840
174  874
174  903
174  918
175  280
175  432
175  512
175  544
175  630
175  653
175  860
175  894
175  983
176  381
176  563
176  681
176  751
176  809
176  856
176  880
176  911
176  969
177  412
177  485
177  595
177  649
177  705
177  863
177  967
177  976
177  997
178  663
178  762
178  801
178  898
178  918
178  960
178  995
179  303
179  401
179  469
179  567
179  619
179  755
179  905
179  908
179  983
180  245
180  589
180  869
180  886
180  996
180  997
181  518
181  535
181  733
181  841
181  854
181  893
181  911
181  954
181  957
182  312
182  372
182  434
182  485
182  879
182  940
182  946
182  974
183  198
183  223
183  405
183  532
183  701
183  836
183  953
183  971
184  212
184  384
184  719
184  808
184  869
184  974
184  986
184  1000
185  220
185  275
185  453
185  466
185  760
185  835
185  845
185  905
186  399
186  747
186  810
186  828
186  901
186  950
186  969
186  970
187  582
187  643
187  808
187  839
187  984
187  985
187  996
187  999
188  423
188  557
188  736
188  842
188  899
188  954
188  974
188  989
188  996
189  284
189  526
189  529
189  650
189  669
189  732
189  789
189  857
189  935
190  344
190  595
190  804
190  894
190  925
190  952
190  953
190  968
190  972
191  666
191  710
191  803
191  861
191  914
191  923
191  956
191  995
192  454
192  474
192  591
192  734
192  769
192  888
192  980
192  991
192  994
193  218
193  325
193  466
193  500
193  588
193  733
193  841
193  911
194  248
194  634
194  770
194  863
194  874
194  921
194  950
194  958
195  656
195  662
195  757
195  903
195  921
195  924
195  993
196  322
196  432
196  570
196  597
196  665
196  828
196  860
196  981
196  990
197  292
197  715
197  827
197  952
197  969
197  986
197  996
197  999
198  421
198  732
198  822
198  837
198  857
198  996
199  511
199  530
199  608
199  711
199  769
199  870
199  904
199  981
199  984
200  361
200  507
200  525
200  719
200  783
200  904
200  923
200  968
201  203
201  412
201  615
201  825
201  926
201  928
201  935
201  958
202  605
202  613
202  642
202  713
202  806
202  810
202  935
202  940
202  966
203  204
203  236
203  700
203  737
203  755
203  928
203  950
203  958
203  981
204  513
204  556
204  657
204  694
204  726
204  825
204  919
204  958
204  978
205  361
205  463
205  483
205  505
205  529
205  617
205  813
205  870
205  972
206  543
206  612
206  615
206  747
206  840
206  842
206  880
206  896
206  983
207  257
207  327
207  564
207  660
207  730
207  779
207  862
207  967
207  998
208  244
208  314
208  592
208  654
208  762
208  805
208  820
208  975
208  994
209  509
209  544
209  730
209  841
209  842
209  945
209  957
209  974
209  985
209  1000
210  252
210  287
210  295
210  512
210  778
210  787
210  847
210  860
210  984
211  528
211  660
211  689
211  741
211  962
211  967
211  998
212  303
212  323
212  401
212  476
212  489
212  691
212  853
212  975
212  977
213  345
213  359
213  400
213  672
213  679
213  896
213  967
213  977
213  995
214  623
214  673
214  755
214  765
214  799
214  827
214  848
215  420
215  610
215  770
215  828
215  829
215  898
215  954
215  983
216  299
216  366
216  384
216  507
216  599
216  689
216  783
216  850
216  924
216  940
217  251
217  299
217  443
217  531
217  553
217  757
217  798
217  805
217  929
217  968
218  528
218  652
218  662
218  831
218  832
218  934
218  944
218  973
218  987
219  250
219  333
219  657
219  727
219  863
219  954
219  966
219  976
219  986
219  989
220  230
220  409
220  545
220  808
220  941
220  999
221  659
221  764
221  778
221  882
221  910
221  933
221  991
221  993
222  232
222  240
222  440
222  697
222  796
222  802
222  900
222  923
222  978
222  984
223  273
223  277
223  453
223  662
223  712
223  947
223  967
223  969
223  982
224  241
224  395
224  468
224  487
224  583
224  631
224  802
224  906
224  990
225  280
225  327
225  492
225  592
225  596
225  841
225  843
225  877
225  975
225  994
226  245
226  396
226  560
226  812
226  885
226  926
226  979
226  980
226  992
226  997
227  471
227  528
227  581
227  657
227  790
227  808
227  907
227  960
227  974
227  996
228  413
228  450
228  557
228  650
228  684
228  790
228  879
228  881
228  906
228  990
229  246
229  266
229  342
229  380
229  519
229  589
229  702
229  892
229  985
229  994
230  312
230  376
230  419
230  452
230  652
230  766
230  820
230  938
230  985
231  411
231  685
231  758
231  796
231  799
231  848
231  861
231  900
231  925
231  984
232  238
232  240
232  267
232  357
232  369
232  386
232  640
232  881
232  942
233  317
233  551
233  860
233  881
233  926
233  990
233  997
234  534
234  821
234  827
234  894
234  909
234  919
234  943
234  965
234  986
234  990
235  296
235  628
235  747
235  820
235  828
235  901
235  912
235  944
235  969
235  970
236  335
236  556
236  573
236  621
236  648
236  726
236  738
236  958
237  297
237  353
237  458
237  718
237  749
237  756
237  975
238  317
238  512
238  600
238  796
238  800
238  927
238  990
238  996
239  416
239  581
239  764
239  770
239  813
239  888
239  933
239  961
239  991
240  439
240  458
240  471
240  550
240  942
240  960
240  990
240  997
241  454
241  472
241  540
241  792
241  855
241  927
241  990
242  294
242  625
242  692
242  727
242  765
242  951
242  963
242  983
242  998
243  322
243  573
243  716
243  772
243  859
243  861
243  909
243  951
243  961
243  988
244  259
244  452
244  528
244  594
244  691
244  712
244  750
244  837
245  459
245  840
245  869
245  985
245  989
245  999
246  341
246  443
246  519
246  749
246  750
246  834
246  862
246  975
247  448
247  553
247  557
247  641
247  711
247  772
247  851
247  950
247  957
248  534
248  721
248  758
248  887
248  888
248  918
248  948
248  955
249  498
249  522
249  698
249  726
249  825
249  884
249  892
249  936
249  958
249  985
250  369
250  374
250  400
250  595
250  637
250  641
250  876
250  968
251  389
251  410
251  704
251  899
251  921
251  951
251  960
251  992
252  295
252  365
252  512
252  537
252  608
252  747
252  775
253  336
253  765
253  878
253  982
253  984
253  994
253  998
253  999
254  519
254  676
254  677
254  769
254  792
254  873
254  891
254  910
254  948
254  994
255  258
255  464
255  532
255  559
255  768
255  796
255  867
255  921
255  966
255  992
256  303
256  550
256  640
256  680
256  801
256  870
256  881
256  884
256  942
257  317
257  338
257  383
257  471
257  557
257  875
257  881
257  898
257  994
258  343
258  550
258  561
258  790
258  851
258  923
258  935
258  953
258  968
259  600
259  637
259  753
259  786
259  955
259  992
259  993
260  435
260  446
260  606
260  618
260  620
260  701
260  708
260  805
260  933
260  964
261  302
261  432
261  583
261  596
261  814
261  843
261  933
261  982
261  986
262  448
262  529
262  714
262  858
262  900
262  918
262  933
262  948
262  949
263  337
263  414
263  520
263  561
263  867
263  898
263  962
263  974
263  985
263  999
264  303
264  312
264  448
264  581
264  619
264  716
264  760
264  777
264  879
264  958
265  521
265  682
265  695
265  820
265  854
265  911
265  941
265  945
265  957
266  477
266  765
266  859
266  915
266  944
266  945
266  975
266  994
267  581
267  613
267  661
267  684
267  729
267  791
267  802
267  1000
268  418
268  679
268  705
268  761
268  849
268  914
268  916
268  993
269  459
269  584
269  640
269  704
269  947
269  977
269  993
270  340
270  348
270  849
270  900
270  934
270  961
270  967
270  976
270  991
271  391
271  754
271  857
271  860
271  864
271  956
271  961
271  988
271  991
271  999
272  434
272  537
272  710
272  726
272  941
272  946
272  978
272  981
272  984
273  343
273  443
273  482
273  578
273  681
273  930
273  972
273  986
273  995
274  433
274  438
274  699
274  710
274  863
274  891
274  902
274  921
274  996
274  1000
275  341
275  366
275  510
275  529
275  719
275  748
275  822
275  861
275  912
276  559
276  610
276  672
276  681
276  874
276  899
276  972
276  983
276  992
277  373
277  450
277  681
277  702
277  740
277  757
277  887
277  893
277  944
278  389
278  527
278  795
278  816
278  856
278  875
278  934
278  987
279  594
279  614
279  740
279  824
279  842
279  911
279  921
279  954
279  956
279  983
280  288
280  318
280  457
280  530
280  683
280  791
281  546
281  632
281  746
281  844
281  896
281  916
281  955
281  976
281  977
282  525
282  546
282  746
282  753
282  781
282  847
282  952
282  989
282  999
282  1000
283  311
283  670
283  720
283  797
283  798
283  814
283  873
283  877
283  958
283  995
284  355
284  483
284  692
284  695
284  709
284  732
284  885
284  926
285  436
285  496
285  671
285  817
285  823
285  855
285  917
285  930
285  990
286  728
286  752
286  807
286  821
286  827
286  890
286  919
286  961
286  988
286  989
287  697
287  796
287  855
287  883
287  900
287  942
287  957
288  298
288  395
288  444
288  683
288  686
288  860
288  947
289  553
289  625
289  811
289  846
289  909
289  917
289  939
289  990
289  991
289  1000
290  376
290  418
290  711
290  715
290  735
290  816
290  817
290  886
290  989
290  1000
291  354
291  489
291  769
291  850
291  867
291  873
291  877
291  885
291  976
292  364
292  503
292  829
292  878
292  935
292  984
292  998
293  450
293  517
293  559
293  634
293  659
293  921
293  935
293  968
293  990
293  991
294  460
294  488
294  490
294  649
294  755
294  819
294  967
294  998
295  576
295  796
295  863
295  921
295  957
295  978
295  984
296  457
296  523
296  620
296  729
296  922
296  936
296  945
296  959
296  999
297  316
297  487
297  779
297  794
297  838
297  881
297  920
297  969
297  990
298  489
298  574
298  625
298  643
298  717
298  742
298  791
298  860
298  988
299  453
299  609
299  848
299  865
299  877
299  903
299  966
300  391
300  415
300  426
300  503
300  560
300  647
300  688
300  742
300  982
300  998
301  315
301  533
301  588
301  886
301  921
301  929
301  953
301  971
301  980
302  330
302  740
302  768
302  843
302  873
302  928
302  994
303  672
303  760
303  837
303  905
303  908
303  972
304  330
304  439
304  528
304  617
304  656
304  666
304  767
304  861
304  872
305  467
305  557
305  675
305  820
305  930
305  990
305  991
305  1000
306  387
306  473
306  643
306  671
306  744
306  967
306  974
306  983
306  998
307  413
307  572
307  576
307  599
307  628
307  838
307  871
307  922
307  941
307  968
308  429
308  745
308  876
308  948
308  951
308  983
308  991
308  1000
309  830
309  861
309  867
309  962
309  963
309  979
309  992
309  993
309  997
309  999
310  315
310  600
310  703
310  738
310  844
310  948
310  993
311  377
311  574
311  675
311  769
311  778
311  820
311  878
311  975
311  994
312  478
312  485
312  627
312  792
312  797
312  822
312  994
313  613
313  811
313  822
313  891
313  903
313  952
313  985
313  989
313  999
314  641
314  643
314  681
314  757
314  770
314  857
314  865
314  936
314  971
315  495
315  517
315  612
315  899
315  915
315  950
315  960
315  983
316  445
316  653
316  656
316  749
316  826
316  832
316  859
316  994
317  725
317  759
317  817
317  879
317  960
317  981
317  994
318  392
318  483
318  751
318  833
318  880
318  904
318  907
318  969
318  970
319  511
319  691
319  710
319  713
319  810
319  874
319  940
319  988
320  421
320  444
320  578
320  604
320  808
320  864
320  959
320  985
320  986
321  482
321  546
321  584
321  614
321  811
321  818
321  904
321  950
321  977
321  993
322  451
322  491
322  603
322  615
322  625
322  678
322  791
322  894
323  672
323  679
323  723
323  846
323  849
323  955
323  993
324  339
324  397
324  692
324  732
324  767
324  822
324  846
324  848
324  924
324  945
325  521
325  597
325  700
325  854
325  911
325  923
325  945
325  957
326  437
326  798
326  866
326  965
326  980
326  981
326  989
326  992
326  997
327  349
327  364
327  419
327  442
327  740
327  773
327  862
327  956
328  431
328  457
328  545
328  618
328  647
328  741
328  863
328  944
328  982
329  531
329  633
329  656
329  773
329  780
329  793
329  830
329  846
330  704
330  788
330  927
330  936
330  959
330  989
330  996
330  1000
331  398
331  471
331  547
331  731
331  756
331  778
331  883
331  919
331  978
332  365
332  564
332  567
332  730
332  865
332  941
332  944
332  955
332  999
333  393
333  412
333  415
333  501
333  647
333  673
333  722
333  898
333  912
334  530
334  532
334  607
334  672
334  676
334  752
334  903
334  950
334  953
335  397
335  431
335  452
335  488
335  533
335  549
335  960
335  961
335  984
336  398
336  490
336  607
336  628
336  751
336  759
336  880
336  969
336  970
337  563
337  565
337  751
337  828
337  901
337  965
337  970
337  982
337  992
338  441
338  502
338  616
338  753
338  900
338  928
338  932
338  1000
339  399
339  489
339  511
339  611
339  635
339  692
339  992
340  397
340  449
340  506
340  553
340  897
340  946
340  954
340  967
340  982
341  477
341  666
341  674
341  861
341  876
341  924
341  925
342  380
342  741
342  768
342  834
342  900
342  903
342  981
342  994
343  770
343  875
343  965
343  978
344  474
344  574
344  652
344  707
344  784
344  934
344  987
345  494
345  743
345  786
345  844
345  916
345  922
345  950
345  995
346  390
346  391
346  548
346  638
346  734
346  737
346  811
346  913
346  917
346  984
347  368
347  431
347  474
347  487
347  637
347  694
347  830
347  858
347  865
347  871
347  995
348  371
348  455
348  578
348  615
348  755
348  897
348  982
348  998
349  384
349  555
349  660
349  764
349  812
349  837
349  841
349  904
349  935
349  995
350  357
350  526
350  578
350  678
350  688
350  755
350  819
350  973
350  982
350  983
350  998
351  393
351  501
351  577
351  681
351  807
351  874
351  921
351  950
351  972
352  593
352  696
352  758
352  759
352  812
352  860
352  946
352  974
352  982
353  490
353  606
353  624
353  830
353  873
353  961
353  980
353  981
353  994
354  386
354  475
354  749
354  776
354  782
354  853
354  877
354  999
355  438
355  502
355  539
355  564
355  747
355  753
355  777
355  932
355  999
356  457
356  529
356  710
356  733
356  851
356  878
356  983
356  998
357  394
357  666
357  748
357  783
357  861
357  891
357  925
357  952
357  999
358  385
358  401
358  575
358  582
358  592
358  964
358  969
358  971
358  988
358  991
359  545
359  563
359  606
359  659
359  743
359  864
359  917
359  947
359  986
359  988
360  443
360  530
360  544
360  662
360  699
360  815
360  889
360  952
360  987
361  463
361  483
361  511
361  635
361  692
361  714
361  875
361  966
361  983
362  410
362  632
362  863
362  873
362  949
362  976
362  983
362  998
363  546
363  559
363  595
363  858
363  887
363  896
363  901
363  947
363  955
363  977
363  993
364  539
364  688
364  735
364  906
364  915
364  937
364  967
364  998
365  461
365  614
365  664
365  771
365  896
365  916
365  955
365  970
366  394
366  523
366  579
366  627
366  666
366  783
366  854
366  861
367  430
367  484
367  547
367  562
367  677
367  748
367  758
367  981
367  984
368  485
368  521
368  548
368  686
368  710
368  722
368  871
368  935
368  941
369  482
369  500
369  851
369  903
369  971
369  987
369  999
370  536
370  656
370  746
370  816
370  824
370  927
370  956
370  962
370  997
371  383
371  426
371  524
371  705
371  772
371  866
371  870
371  932
372  493
372  613
372  635
372  649
372  670
372  754
372  793
372  957
372  975
373  679
373  849
373  851
373  857
373  916
373  947
373  955
373  993
373  1000
374  398
374  505
374  662
374  803
374  928
374  939
374  971
374  972
374  985
375  419
375  609
375  739
375  885
375  890
375  894
375  919
375  938
375  943
375  955
375  962
376  638
376  886
376  893
376  996
376  999
376  1000
377  422
377  666
377  769
377  788
377  858
377  916
377  974
377  996
377  999
378  381
378  392
378  569
378  670
378  796
378  907
378  969
378  970
378  993
379  486
379  619
379  675
379  694
379  717
379  752
379  798
379  857
379  908
379  945
380  550
380  718
380  749
380  763
380  826
380  889
380  953
380  994
381  628
381  880
381  907
381  916
381  940
381  969
381  970
381  978
381  989
382  399
382  417
382  642
382  660
382  713
382  920
382  923
382  982
383  441
383  501
383  513
383  539
383  704
383  876
383  924
383  932
384  388
384  785
384  841
384  880
384  895
384  981
384  984
385  418
385  599
385  786
385  817
385  947
385  977
385  993
385  999
386  467
386  568
386  593
386  762
386  811
386  915
386  954
386  960
387  717
387  727
387  806
387  815
387  818
387  965
387  979
387  992
387  997
388  702
388  703
388  727
388  731
388  785
388  873
388  887
388  915
388  981
389  518
389  619
389  716
389  777
389  845
389  890
389  905
390  647
390  655
390  685
390  706
390  760
390  802
390  854
390  945
390  957
391  506
391  638
391  682
391  773
391  856
391  909
391  969
392  427
392  611
392  767
392  786
392  839
392  901
392  909
392  969
392  970
393  878
393  886
393  891
393  939
393  954
393  967
393  982
393  998
394  422
394  507
394  599
394  656
394  772
394  922
394  924
394  967
394  986
395  472
395  620
395  625
395  665
395  860
395  934
395  957
395  962
396  536
396  771
396  789
396  811
396  949
396  976
396  991
397  429
397  755
397  848
397  918
397  941
397  976
397  983
397  998
398  571
398  664
398  840
398  903
398  977
398  993
399  529
399  709
399  789
399  822
399  845
399  857
399  973
399  996
400  555
400  623
400  734
400  946
400  949
400  964
400  981
401  436
401  446
401  489
401  691
401  910
401  975
401  994
401  996
402  703
402  704
402  784
402  906
402  911
402  950
402  955
402  977
402  993
403  492
403  581
403  668
403  744
403  832
403  882
403  914
403  931
403  944
404  415
404  832
404  846
404  872
404  893
404  904
404  927
404  963
404  992
404  997
405  528
405  562
405  851
405  893
405  899
405  903
405  930
405  966
406  409
406  625
406  715
406  887
406  891
406  912
406  927
406  938
406  959
406  978
406  1000
407  485
407  520
407  561
407  577
407  735
407  754
407  792
407  793
407  833
407  989
408  484
408  643
408  702
408  731
408  799
408  823
408  870
408  971
408  984
408  993
409  464
409  664
409  745
409  763
409  781
409  909
409  985
409  1000
410  496
410  697
410  770
410  880
410  921
410  953
410  968
410  979
411  495
411  641
411  642
411  702
411  774
411  954
411  967
411  972
411  984
412  449
412  727
412  823
412  831
412  937
412  941
412  984
413  426
413  537
413  539
413  650
413  686
413  876
413  932
414  537
414  635
414  802
414  858
414  914
414  952
414  985
414  989
414  995
415  522
415  533
415  937
415  976
415  986
415  1000
416  455
416  569
416  607
416  648
416  684
416  880
416  901
416  931
416  970
417  538
417  594
417  707
417  730
417  779
417  803
417  846
417  875
418  543
418  593
418  683
418  784
418  809
418  849
418  874
418  947
419  433
419  602
419  705
419  710
419  938
419  993
419  999
419  1000
420  632
420  851
420  863
420  913
420  976
420  982
420  1000
421  644
421  709
421  767
421  806
421  822
421  939
421  956
422  423
422  536
422  663
422  866
422  934
422  974
422  983
422  999
422  1000
423  441
423  490
423  684
423  709
423  857
423  936
423  965
423  996
423  999
424  439
424  561
424  600
424  645
424  657
424  698
424  768
424  930
424  958
424  999
425  479
425  492
425  542
425  664
425  671
425  687
425  740
425  806
425  965
425  997
426  541
426  567
426  586
426  674
426  888
426  925
426  932
427  449
427  589
427  751
427  828
427  902
427  968
427  969
427  970
427  1000
428  550
428  613
428  636
428  647
428  727
428  801
428  879
428  960
428  990
429  781
429  869
429  885
429  902
429  964
429  974
429  993
429  999
429  1000
430  645
430  733
430  825
430  884
430  928
430  958
430  963
430  969
430  986
431  470
431  515
431  521
431  632
431  680
431  906
431  920
432  472
432  583
432  683
432  717
432  760
432  791
432  884
432  977
433  552
433  712
433  781
433  794
433  945
433  952
433  953
433  989
433  1000
434  493
434  670
434  743
434  745
434  754
434  994
435  473
435  579
435  636
435  772
435  824
435  829
435  891
435  976
435  998
435  1000
436  485
436  728
436  807
436  885
436  890
436  918
436  919
436  994
437  536
437  544
437  587
437  714
437  749
437  946
437  963
437  973
438  452
438  513
438  541
438  753
438  762
438  876
438  932
438  994
438  998
439  656
439  719
439  748
439  861
439  925
439  935
439  985
439  999
440  495
440  610
440  730
440  796
440  870
440  895
440  964
440  971
440  996
441  463
441  502
441  586
441  595
441  876
441  924
441  930
441  932
442  481
442  519
442  667
442  668
442  680
442  744
442  815
442  987
442  988
443  451
443  491
443  568
443  950
443  966
443  968
443  997
444  516
444  698
444  768
444  884
444  928
444  943
444  958
444  979
445  515
445  836
445  892
445  937
445  962
445  979
445  980
445  992
445  997
446  627
446  654
446  915
446  933
446  975
446  994
447  467
447  554
447  710
447  795
447  817
447  853
447  929
447  931
447  944
447  964
447  973
448  544
448  639
448  645
448  839
448  882
448  934
448  946
448  973
449  500
449  689
449  848
449  849
449  889
449  982
450  465
450  563
450  618
450  966
450  968
450  971
450  972
450  973
451  466
451  692
451  780
451  809
451  862
451  871
451  988
451  995
452  549
452  690
452  791
452  795
452  817
452  855
453  462
453  661
453  861
453  923
453  940
453  968
453  971
454  456
454  556
454  575
454  578
454  689
454  939
454  949
454  985
454  991
455  475
455  584
455  588
455  632
455  673
455  689
455  765
455  819
456  629
456  745
456  803
456  896
456  912
456  939
456  942
456  973
456  989
457  647
457  803
457  829
457  908
457  917
457  937
457  998
458  493
458  551
458  938
458  952
458  967
458  974
458  986
458  996
459  530
459  544
459  763
459  816
459  832
459  877
459  973
459  987
459  992
460  528
460  780
460  830
460  837
460  865
460  957
460  973
460  978
460  995
461  567
461  601
461  665
461  850
461  916
461  947
461  984
461  993
462  517
462  522
462  637
462  782
462  893
462  943
462  972
462  989
463  469
463  644
463  709
463  767
463  789
463  857
463  885
463  965
464  537
464  861
464  864
464  870
464  883
464  889
464  895
464  938
464  978
464  984
465  619
465  635
465  723
465  728
465  827
465  910
465  918
465  919
465  921
465  943
466  536
466  722
466  830
466  859
466  911
466  914
466  935
466  941
466  995
467  470
467  524
467  708
467  779
467  817
467  874
467  914
467  960
467  990
468  621
468  668
468  675
468  762
468  804
468  881
468  898
468  929
468  949
468  990
469  626
469  798
469  845
469  851
469  880
469  905
469  954
469  964
470  486
470  875
470  879
470  898
470  906
470  960
470  978
470  980
470  987
471  512
471  790
471  814
471  831
471  875
471  886
471  930
471  942
472  476
472  554
472  603
472  665
472  717
472  722
472  860
472  994
473  517
473  591
473  734
473  824
473  878
473  882
473  919
473  980
473  998
474  484
474  632
474  813
474  946
474  962
474  988
474  991
475  667
475  839
475  879
475  882
475  934
475  944
475  973
475  987
475  991
476  495
476  598
476  646
476  797
476  814
476  987
476  993
476  994
477  624
477  723
477  782
477  820
477  828
477  877
477  894
478  627
478  735
478  754
478  792
478  793
478  814
478  885
478  973
478  996
478  998
479  567
479  575
479  604
479  741
479  927
479  965
479  975
479  979
479  992
479  997
480  593
480  602
480  790
480  801
480  816
480  879
480  930
480  943
480  947
480  971
481  779
481  871
481  878
481  882
481  929
481  934
481  943
481  944
481  973
481  986
481  987
482  566
482  573
482  675
482  756
482  812
482  947
482  955
482  993
483  644
483  655
483  692
483  732
483  814
483  857
483  871
483  925
484  667
484  732
484  787
484  796
484  799
484  870
484  891
484  908
484  984
485  561
485  670
485  718
485  735
485  745
486  694
486  760
486  766
486  777
486  798
486  835
486  991
486  993
487  546
487  560
487  648
487  712
487  722
487  902
487  956
487  957
487  995
488  603
488  625
488  717
488  742
488  791
488  894
488  962
488  980
489  776
489  797
489  912
489  966
489  975
489  982
489  994
490  496
490  877
490  948
490  983
490  994
491  612
491  680
491  823
491  850
491  874
491  950
491  967
491  968
491  972
492  631
492  685
492  787
492  836
492  904
492  935
492  965
492  980
492  997
493  494
493  627
493  666
493  716
493  754
493  890
493  919
494  515
494  817
494  829
494  842
494  863
494  967
494  975
494  976
494  983
494  1000
495  605
495  716
495  785
495  895
496  595
496  634
496  681
496  721
496  804
496  850
496  855
496  921
496  985
497  504
497  523
497  583
497  694
497  804
497  847
497  868
497  915
497  986
497  995
497  1000
498  518
498  736
498  788
498  802
498  848
498  978
498  989
498  990
498  996
498  999
498  1000
499  507
499  612
499  617
499  651
499  719
499  771
499  783
499  861
499  908
499  996
500  598
500  854
500  911
500  913
500  919
500  945
500  957
500  980
501  545
501  585
501  588
501  704
501  850
501  854
501  874
501  972
501  977
502  539
502  594
502  753
502  765
502  782
502  876
502  898
502  936
503  555
503  570
503  681
503  840
503  842
503  949
503  954
503  998
503  999
504  574
504  630
504  683
504  715
504  727
504  854
504  913
504  936
504  986
504  1000
505  635
505  690
505  709
505  767
505  789
505  820
505  822
505  857
505  912
506  598
506  698
506  720
506  854
506  911
506  945
506  957
506  997
507  656
507  673
507  792
507  861
507  918
507  925
507  948
508  526
508  628
508  713
508  734
508  777
508  779
508  794
508  830
508  956
508  995
509  521
509  525
509  613
509  706
509  841
509  885
509  911
509  931
509  957
509  995
509  996
510  525
510  577
510  593
510  617
510  679
510  719
510  924
510  925
511  635
511  644
511  732
511  786
511  824
511  841
511  857
512  540
512  568
512  906
512  942
512  990
513  601
513  686
513  705
513  751
513  772
513  801
513  876
513  932
513  959
514  693
514  722
514  764
514  768
514  827
514  840
514  869
514  914
514  995
515  680
515  690
515  875
515  893
515  942
515  987
515  990
515  1000
516  738
516  752
516  811
516  864
516  887
516  928
516  945
517  612
517  655
517  656
517  700
517  711
517  884
517  921
517  966
518  619
518  793
518  798
518  844
518  845
518  915
518  982
519  617
519  646
519  797
519  889
519  927
519  928
519  964
519  994
520  620
520  683
520  710
520  741
520  783
520  952
520  959
520  985
520  988
520  996
521  614
521  655
521  757
521  841
521  878
521  945
521  957
522  645
522  652
522  738
522  752
522  757
522  868
522  926
522  958
523  748
523  750
523  952
523  959
523  999
523  1000
524  541
524  624
524  644
524  686
524  705
524  706
524  753
524  921
524  932
524  944
525  541
525  783
525  861
525  883
525  924
525  925
525  951
526  531
526  552
526  567
526  841
526  881
526  900
526  940
526  956
527  546
527  618
527  786
527  802
527  831
527  846
527  916
527  947
527  993
527  994
528  660
528  810
528  830
528  862
528  905
529  709
529  732
529  767
529  792
529  961
529  969
530  674
530  832
530  834
530  889
530  906
530  987
530  998
531  564
531  720
531  794
531  913
531  917
531  950
531  956
532  570
532  803
532  864
532  875
532  910
532  968
532  971
533  602
533  608
533  628
533  678
533  875
533  906
533  930
533  990
534  542
534  749
534  788
534  827
534  890
534  919
534  940
534  996
534  998
535  611
535  697
535  774
535  778
535  799
535  833
535  856
535  952
535  978
535  981
535  996
536  813
536  886
536  951
536  977
536  988
537  688
537  799
537  831
537  834
537  879
538  599
538  656
538  666
538  748
538  780
538  839
538  861
538  925
538  997
539  590
539  596
539  753
539  876
539  915
540  549
540  565
540  769
540  879
540  942
540  960
540  982
540  989
540  990
541  686
541  695
541  703
541  712
541  802
541  876
541  916
541  932
542  580
542  728
542  795
542  807
542  885
542  890
542  919
542  943
542  999
543  640
543  703
543  841
543  860
543  901
543  916
543  948
543  977
543  993
544  610
544  641
544  808
544  816
544  931
544  973
545  618
545  684
545  691
545  868
545  941
545  952
545  985
545  989
545  1000
546  606
546  679
546  741
546  840
546  985
546  993
547  590
547  621
547  731
547  774
547  814
547  859
547  962
547  978
547  981
547  984
547  992
548  609
548  723
548  728
548  787
548  821
548  827
548  890
548  943
548  977
549  550
549  624
549  649
549  652
549  719
549  815
549  898
549  942
549  990
550  735
550  848
550  879
550  895
550  898
550  990
551  729
551  760
551  763
551  804
551  829
551  900
551  974
551  982
551  999
551  1000
552  587
552  682
552  697
552  737
552  827
552  897
552  949
552  991
552  995
553  717
553  732
553  771
553  781
553  893
553  903
553  950
553  966
553  972
554  724
554  749
554  832
554  855
554  929
554  931
554  950
554  956
554  987
555  636
555  787
555  831
555  848
555  937
555  973
555  976
555  983
555  998
556  607
556  645
556  657
556  685
556  762
556  768
556  825
556  913
556  928
556  958
557  801
557  814
557  823
557  855
557  875
557  924
557  928
557  965
558  675
558  852
558  853
558  855
558  872
558  897
558  904
558  979
558  980
558  988
558  992
558  997
559  868
559  899
559  903
559  950
559  968
559  983
559  990
559  993
559  997
560  576
560  622
560  794
560  800
560  808
560  869
560  930
560  956
560  977
561  577
561  590
561  695
561  792
561  793
561  916
562  579
562  598
562  622
562  712
562  810
562  837
562  848
562  871
562  986
562  995
563  747
563  776
563  828
563  866
563  880
563  943
563  969
563  970
564  572
564  805
564  846
564  940
564  947
564  961
564  969
564  999
565  715
565  748
565  809
565  866
565  872
565  899
565  908
565  979
565  980
565  992
565  997
566  719
566  721
566  926
566  955
566  989
566  993
566  999
567  812
567  828
567  846
567  940
567  995
568  635
568  702
568  737
568  875
568  881
568  906
568  962
568  990
569  747
569  751
569  781
569  880
569  948
569  949
569  955
569  969
569  970
570  647
570  740
570  885
570  956
570  963
570  982
570  998
571  573
571  586
571  614
571  672
571  721
571  753
571  766
571  816
571  955
571  959
571  977
572  584
572  642
572  722
572  750
572  824
572  828
572  846
572  865
572  876
572  914
572  929
573  616
573  625
573  703
573  947
573  958
573  993
574  637
574  804
574  874
574  896
574  910
574  968
574  972
575  629
575  663
575  772
575  898
575  907
575  932
575  933
575  972
576  693
576  713
576  753
576  805
576  888
576  901
576  935
576  957
576  989
576  995
577  627
577  629
577  695
577  715
577  735
577  793
577  855
577  988
578  663
578  682
578  902
578  964
578  986
578  996
578  999
578  1000
579  738
579  800
579  895
579  913
579  923
579  940
579  987
579  995
580  622
580  636
580  676
580  713
580  778
580  805
580  920
580  925
580  931
580  995
580  997
581  631
581  658
581  759
581  938
581  993
581  996
581  999
582  701
582  773
582  856
582  922
582  939
582  987
583  799
583  807
583  810
583  830
583  923
583  935
583  940
583  941
583  995
584  589
584  600
584  784
584  832
584  868
584  923
584  977
584  991
584  993
585  776
585  911
585  937
585  967
585  976
585  982
585  983
585  998
585  999
586  686
586  705
586  753
586  802
586  917
586  932
586  981
586  988
587  728
587  809
587  813
587  831
587  876
587  918
587  944
587  946
587  951
587  964
588  770
588  851
588  862
588  874
588  877
588  971
588  985
589  594
589  618
589  703
589  786
589  896
589  968
589  992
589  993
590  653
590  688
590  936
590  959
590  989
590  996
590  999
590  1000
591  593
591  610
591  673
591  810
591  840
591  848
591  870
591  954
591  986
592  596
592  744
592  826
592  899
592  910
592  964
592  999
592  1000
593  823
593  879
593  906
593  919
593  957
593  990
594  619
594  837
594  849
594  913
594  914
594  920
594  944
594  995
595  803
595  822
595  972
595  975
596  625
596  814
596  879
596  895
596  975
596  976
596  994
597  611
597  625
597  630
597  717
597  742
597  794
597  853
597  860
597  894
597  998
597  999
598  611
598  669
598  818
598  854
598  911
598  945
598  957
598  965
599  748
599  784
599  858
599  925
599  964
599  972
599  994
600  614
600  734
600  786
600  796
600  840
600  882
600  905
600  955
601  620
601  626
601  687
601  892
601  904
601  958
601  963
601  965
601  992
601  994
601  997
602  649
602  762
602  801
602  823
602  906
602  920
602  942
602  981
603  625
603  678
603  780
603  882
603  894
603  945
603  992
604  752
604  852
604  872
604  904
604  941
604  965
604  985
604  992
604  997
605  611
605  774
605  778
605  793
605  796
605  900
605  920
605  984
605  995
605  998
606  669
606  771
606  856
606  864
606  924
606  928
606  962
607  751
607  806
607  828
607  875
607  901
607  952
607  969
607  970
608  725
608  757
608  787
608  800
608  892
608  965
608  979
608  980
608  992
608  997
609  658
609  677
609  723
609  821
609  939
609  943
609  945
610  712
610  878
610  932
610  947
610  976
610  983
611  787
611  831
611  968
611  978
611  981
611  984
611  993
612  838
612  883
612  899
612  906
612  950
612  972
613  902
613  922
613  937
613  949
613  986
613  989
613  996
613  999
614  636
614  916
614  936
614  954
614  982
614  987
615  651
615  664
615  721
615  771
615  947
615  977
615  993
615  995
616  655
616  672
616  784
616  833
616  840
616  844
616  875
616  947
616  993
616  999
617  666
617  726
617  733
617  748
617  889
617  924
617  925
617  975
618  664
618  703
618  828
618  896
618  947
618  993
618  996
619  626
619  774
619  777
619  843
619  862
619  908
619  998
620  715
620  756
620  829
620  847
620  894
620  985
620  996
621  682
621  729
621  782
621  813
621  899
621  909
621  933
621  949
621  991
622  626
622  668
622  715
622  773
622  812
622  871
622  891
622  940
622  995
623  654
623  682
623  700
623  813
623  862
623  864
623  887
623  912
623  931
623  949
623  988
624  673
624  718
624  820
624  822
624  826
624  937
624  966
624  975
624  988
624  994
625  678
625  920
625  996
626  667
626  760
626  835
626  857
626  862
626  905
626  908
626  998
627  754
627  792
627  793
627  974
627  995
627  998
628  743
628  747
628  879
628  901
628  925
628  969
628  970
629  658
629  696
629  717
629  897
629  909
629  938
629  955
629  988
629  991
629  995
630  683
630  697
630  742
630  788
630  791
630  843
630  860
630  890
630  894
631  647
631  663
631  766
631  801
631  847
631  922
631  989
631  994
631  996
631  999
631  1000
632  636
632  755
632  845
632  992
632  998
633  673
633  688
633  727
633  801
633  822
633  863
633  953
633  960
633  967
633  979
633  982
633  998
634  662
634  791
634  899
634  900
634  918
634  950
634  952
634  985
634  1000
635  765
635  767
635  789
635  822
635  976
636  813
636  824
636  954
636  982
636  998
637  848
637  903
637  939
637  953
637  966
637  978
638  756
638  758
638  813
638  932
638  948
638  961
638  990
638  992
638  998
639  648
639  767
639  774
639  789
639  816
639  874
639  876
639  889
639  909
639  944
639  979
639  987
640  801
640  823
640  875
640  902
640  930
640  942
640  958
640  960
640  981
640  988
641  872
641  878
641  899
641  921
641  936
641  971
641  987
642  660
642  664
642  691
642  823
642  858
642  862
642  994
642  1000
643  697
643  731
643  775
643  831
643  891
643  963
643  978
643  981
643  983
644  692
644  703
644  732
644  797
644  822
644  824
644  857
644  865
644  939
645  738
645  764
645  768
645  884
645  920
645  956
645  958
646  718
646  776
646  814
646  873
646  927
646  942
646  947
646  971
646  975
646  992
646  994
647  741
647  798
647  832
647  954
647  982
647  997
648  744
648  795
648  832
648  913
648  931
648  934
648  973
648  987
649  755
649  973
649  974
649  976
649  982
649  984
649  998
650  669
650  756
650  773
650  819
650  951
650  961
650  964
650  989
650  991
651  715
651  750
651  775
651  880
651  936
651  959
651  996
651  997
651  999
651  1000
652  795
652  839
652  882
652  884
652  934
652  944
652  953
652  971
653  654
653  721
653  754
653  776
653  826
653  835
653  859
653  873
653  915
653  975
654  668
654  769
654  807
654  820
654  845
654  848
654  910
654  915
654  983
654  994
655  722
655  733
655  773
655  787
655  841
655  911
655  945
655  957
656  748
656  887
656  924
657  698
657  750
657  752
657  832
657  871
657  884
657  907
657  958
658  749
658  788
658  792
658  877
658  891
658  938
658  952
658  959
658  999
658  1000
659  737
659  756
659  780
659  850
659  859
659  897
659  912
659  951
659  971
659  988
660  663
660  683
660  718
660  805
660  818
660  834
660  913
661  701
661  833
661  873
661  883
661  897
661  918
661  922
661  939
661  964
661  977
662  741
662  772
662  851
662  893
662  929
662  968
662  972
662  995
663  669
663  762
663  864
663  886
663  891
663  985
663  996
663  999
664  830
664  840
664  844
664  947
664  995
665  683
665  701
665  717
665  791
665  805
665  837
665  894
665  974
665  1000
666  898
666  924
666  953
666  988
667  710
667  809
667  816
667  889
667  905
667  915
667  931
667  973
667  987
668  674
668  779
668  815
668  832
668  882
668  929
668  944
668  953
668  976
669  756
669  768
669  771
669  772
669  929
669  933
669  988
669  989
670  681
670  754
670  770
670  789
670  792
670  962
671  736
671  829
671  840
671  842
671  949
671  953
671  976
671  983
671  998
672  685
672  739
672  786
672  955
672  977
672  978
673  727
673  765
673  792
673  865
673  907
673  992
673  997
673  998
674  701
674  839
674  882
674  910
674  931
674  934
674  944
674  970
674  987
674  989
674  999
675  678
675  690
675  762
675  790
675  898
675  942
675  956
675  960
675  983
676  681
676  720
676  766
676  780
676  810
676  830
676  859
676  923
676  930
676  941
676  995
677  723
677  807
677  821
677  827
677  844
677  846
677  885
677  890
677  912
677  925
677  943
678  742
678  791
678  894
678  940
678  975
679  784
679  796
679  869
679  873
679  955
679  989
679  993
680  687
680  709
680  742
680  790
680  817
680  855
680  898
680  947
680  960
680  991
681  704
681  780
681  895
681  950
682  762
682  779
682  867
682  906
682  948
682  949
682  951
682  975
682  991
683  717
683  771
683  860
683  894
683  967
684  722
684  763
684  810
684  858
684  907
684  938
684  949
684  952
684  986
685  766
685  809
685  836
685  872
685  916
685  963
685  979
685  992
685  997
686  695
686  763
686  876
686  932
686  973
686  986
687  807
687  818
687  819
687  866
687  980
687  990
687  991
687  992
687  997
688  787
688  818
688  825
688  849
688  886
688  954
688  982
688  983
688  998
689  740
689  849
689  863
689  898
689  967
689  982
689  983
689  988
689  998
689  1000
690  770
690  817
690  899
690  922
690  930
690  937
690  947
690  960
690  990
691  707
691  713
691  818
691  828
691  837
691  871
691  935
691  977
692  767
692  789
692  973
692  974
692  998
693  806
693  812
693  874
693  913
693  923
693  931
693  935
693  956
693  968
693  981
693  987
694  716
694  738
694  777
694  798
694  803
694  845
694  903
694  905
694  997
695  715
695  735
695  754
695  792
695  912
695  994
696  784
696  887
696  901
696  917
696  932
696  941
696  949
696  951
696  961
696  992
696  999
697  750
697  775
697  900
697  974
697  976
697  978
697  981
698  726
698  729
698  751
698  752
698  768
698  816
698  884
698  887
698  966
698  996
699  734
699  864
699  947
699  949
699  961
699  964
699  976
699  988
699  995
700  818
700  823
700  881
700  904
700  926
700  962
700  963
700  979
700  992
700  997
701  708
701  832
701  886
701  897
701  961
701  964
701  988
702  724
702  775
702  809
702  883
702  928
702  962
702  981
702  984
702  989
703  836
703  876
703  955
703  972
703  977
704  717
704  766
704  851
704  854
704  903
704  966
704  971
705  742
705  876
705  932
705  966
705  993
706  733
706  747
706  758
706  790
706  841
706  854
706  911
706  957
706  960
706  987
707  790
707  905
707  914
707  941
707  964
707  995
708  743
708  756
708  783
708  882
708  912
708  917
708  951
708  958
708  960
708  988
708  991
708  999
709  766
709  789
709  800
709  822
709  857
709  897
709  901
710  952
710  974
710  985
710  991
710  996
710  1000
711  775
711  776
711  785
711  787
711  810
711  883
711  895
711  900
711  963
711  967
711  978
711  981
712  773
712  914
712  935
712  941
712  944
712  956
712  995
713  719
713  848
713  872
713  932
713  972
713  995
714  764
714  793
714  867
714  879
714  884
714  918
714  928
714  951
714  961
714  991
715  898
715  914
715  917
715  974
715  1000
716  760
716  798
716  901
716  905
716  907
716  908
716  991
716  998
717  756
718  732
718  776
718  843
718  859
718  892
718  941
718  959
718  994
718  996
719  783
719  833
719  860
719  861
719  924
719  925
719  958
720  730
720  785
720  794
720  837
720  913
720  914
720  937
720  940
720  951
720  993
720  995
720  1000
721  744
721  791
721  897
721  916
721  947
721  974
721  977
721  987
721  993
722  779
722  808
722  914
722  941
722  962
722  985
722  995
723  728
723  796
723  800
723  807
723  827
723  870
723  885
723  903
723  919
723  924
724  787
724  883
724  890
724  894
724  910
724  978
724  981
724  984
724  991
725  746
725  779
725  833
725  881
725  927
725  962
725  980
725  985
725  986
725  992
725  997
725  998
726  768
726  778
726  822
726  825
726  884
726  928
726  958
726  978
726  993
727  780
727  819
727  938
727  954
727  967
727  980
727  998
728  739
728  801
728  881
728  897
728  919
728  931
728  943
728  996
728  999
729  763
729  869
729  902
729  906
729  922
729  954
729  959
729  986
729  987
729  999
730  780
730  840
730  913
730  956
730  989
730  996
730  997
731  757
731  763
731  767
731  787
731  871
731  895
731  900
731  972
732  822
732  958
732  961
732  997
733  769
733  816
733  903
733  911
733  941
733  945
733  957
734  736
734  772
734  813
734  838
734  890
734  933
734  976
734  991
735  792
735  793
735  904
735  932
735  970
735  986
736  739
736  781
736  830
736  858
736  891
736  892
736  938
736  971
736  977
736  985
736  1000
737  799
737  837
737  933
737  949
737  961
737  976
737  979
737  981
737  984
737  988
737  991
738  752
738  838
738  876
738  884
738  928
738  958
738  980
738  991
739  800
739  807
739  817
739  821
739  827
739  884
739  885
739  890
739  893
739  919
739  943
739  978
740  794
740  819
740  824
740  874
740  906
740  937
740  954
740  983
740  998
741  749
741  765
741  829
741  896
741  937
741  940
741  967
741  976
741  998
742  791
742  823
742  852
742  860
742  894
742  951
742  963
743  759
743  762
743  811
743  909
743  918
743  922
743  924
743  948
743  987
743  988
743  994
744  761
744  889
744  898
744  931
744  937
744  973
744  982
744  987
745  776
745  856
745  864
745  888
745  916
745  936
745  939
745  964
745  988
745  991
745  992
746  752
746  783
746  809
746  859
746  866
746  871
746  927
746  962
746  965
746  992
746  997
747  880
747  901
747  929
747  947
747  969
747  970
747  982
748  797
748  865
748  924
749  791
749  820
749  853
749  877
749  915
749  994
749  997
750  764
750  772
750  917
750  918
750  933
750  946
750  988
750  991
751  805
751  885
751  901
751  955
751  969
751  970
751  976
752  825
752  928
752  948
752  954
752  966
753  781
753  845
753  876
753  998
754  792
754  836
754  837
754  855
754  891
755  862
755  951
755  952
755  967
755  998
756  803
756  887
756  888
756  912
756  918
756  922
756  977
757  764
757  850
757  893
757  919
757  946
757  966
757  968
757  969
757  971
757  972
758  759
758  779
758  811
758  812
758  829
758  867
758  946
758  949
758  968
758  991
759  813
759  882
759  887
759  895
759  918
759  922
759  961
759  980
759  991
760  803
760  807
760  835
760  845
760  905
760  996
761  869
761  884
761  886
761  905
761  907
761  908
761  909
761  935
761  938
761  974
761  979
761  989
761  996
761  999
761  1000
762  855
762  875
762  960
762  980
762  982
762  990
763  867
763  868
763  936
763  973
763  981
763  986
763  989
763  999
763  1000
764  771
764  845
764  888
764  909
764  917
764  922
764  959
764  990
764  996
765  777
765  842
765  910
765  934
765  976
765  983
765  987
765  998
766  804
766  808
766  847
766  863
766  958
766  985
766  986
766  989
766  996
766  999
767  789
767  822
767  842
767  857
767  879
767  969
768  825
768  882
768  884
768  928
768  996
768  997
769  797
769  820
769  834
769  875
769  915
769  927
769  947
769  975
769  994
770  803
770  938
770  953
770  966
770  972
770  980
770  994
771  780
771  854
771  920
771  939
771  964
771  988
771  991
772  811
772  834
772  888
772  904
772  988
773  812
773  837
773  914
773  920
773  921
773  928
773  935
773  938
773  965
774  799
774  803
774  870
774  883
774  916
774  938
774  943
774  960
774  978
774  981
774  987
775  850
775  895
775  901
775  973
775  978
775  981
775  983
775  984
775  988
775  998
776  807
776  822
776  834
776  853
776  910
776  958
776  994
777  798
777  835
777  845
777  905
777  908
777  919
777  948
777  963
777  995
778  883
778  900
778  937
778  952
778  978
778  981
778  984
779  786
779  812
779  841
779  863
779  935
779  941
779  995
780  820
780  838
780  865
780  870
780  935
780  941
780  975
780  995
781  801
781  845
781  936
781  975
781  989
781  996
781  999
781  1000
782  797
782  826
782  843
782  869
782  872
782  877
782  910
782  915
782  942
782  953
782  961
783  805
783  902
783  924
783  925
783  937
783  955
783  971
784  786
784  899
784  933
784  942
784  959
784  988
784  993
785  825
785  873
785  883
785  898
785  900
785  903
785  946
785  952
785  978
785  981
785  984
785  1000
786  844
786  853
786  909
786  950
786  977
786  993
787  883
787  895
787  962
787  978
787  981
787  984
788  802
788  887
788  951
788  963
788  970
788  985
788  993
788  999
788  1000
789  822
789  890
789  949
789  972
789  981
789  997
790  817
790  895
790  960
790  969
790  982
790  990
791  834
791  852
792  928
792  995
793  826
793  883
793  917
793  971
794  852
794  871
794  923
794  940
794  946
794  956
794  972
794  983
794  995
795  825
795  843
795  881
795  882
795  889
795  890
795  937
795  944
795  987
795  993
795  995
796  831
796  870
796  965
796  977
796  981
796  984
797  834
797  847
797  856
797  888
797  975
797  986
797  994
797  997
798  818
798  845
798  908
798  939
798  957
798  997
799  806
799  831
799  857
799  897
799  900
799  917
799  964
799  978
799  981
799  985
800  810
800  830
800  846
800  865
800  871
800  878
800  894
800  913
800  914
800  923
800  954
800  995
801  884
801  898
801  942
801  990
802  847
802  868
802  902
802  959
802  989
802  996
803  814
803  851
803  921
803  950
803  966
803  968
803  971
804  813
804  899
804  907
804  918
804  921
804  953
804  960
804  968
804  971
804  972
804  994
805  838
805  846
805  862
805  874
805  923
805  940
805  995
805  999
806  837
806  866
806  872
806  926
806  957
806  962
806  963
806  965
806  980
806  992
806  993
806  997
807  821
807  885
807  890
807  919
807  949
807  961
808  821
808  849
808  866
808  869
808  924
808  938
808  960
808  974
808  989
808  995
808  999
809  818
809  819
809  892
809  919
809  927
809  963
809  965
809  980
809  992
809  997
810  846
810  920
810  923
810  956
810  965
810  978
810  987
810  988
810  989
811  829
811  843
811  862
811  870
811  881
811  897
811  922
811  988
812  894
812  899
812  940
812  941
812  956
812  995
813  856
813  868
813  961
813  967
813  978
813  995
813  996
814  815
814  834
814  853
814  873
814  877
814  910
814  963
814  971
814  994
815  816
815  832
815  839
815  865
815  882
815  889
815  922
815  940
815  973
815  977
815  984
815  987
815  998
816  824
816  839
816  889
816  929
816  973
816  987
816  998
817  898
817  947
817  952
817  960
817  962
817  990
818  866
818  868
818  892
818  962
818  979
818  980
818  986
818  989
818  992
818  996
818  997
819  824
819  863
819  878
819  881
819  914
819  925
819  967
819  982
819  998
820  826
820  859
820  966
820  975
820  984
820  994
820  998
821  827
821  839
821  885
821  890
821  908
821  919
821  923
821  943
821  968
821  969
821  991
822  988
823  855
823  898
823  901
823  910
823  930
823  942
823  960
823  990
823  999
824  857
824  878
824  936
824  937
824  975
824  976
824  982
824  983
824  998
825  827
825  835
825  868
825  884
825  928
825  958
825  976
825  996
826  833
826  845
826  859
826  869
826  873
826  877
826  940
826  946
826  975
826  979
826  987
827  868
827  890
827  943
827  976
828  880
828  901
828  965
828  969
828  987
829  848
829  879
829  938
829  967
829  976
829  983
829  998
830  838
830  909
830  922
830  937
830  991
830  995
830  998
831  841
831  870
831  893
831  895
831  900
831  966
831  967
831  978
831  981
832  902
832  938
832  987
832  990
833  836
833  838
833  926
833  963
833  979
833  980
833  984
833  992
833  997
834  843
834  910
834  915
834  956
834  975
834  990
834  992
834  994
834  999
835  839
835  842
835  845
835  881
835  905
835  907
835  908
835  909
835  990
835  999
836  872
836  904
836  926
836  927
836  932
836  944
836  962
836  963
836  969
836  988
836  992
836  997
837  843
837  859
837  940
837  965
837  978
837  995
838  862
838  913
838  920
838  940
838  941
838  956
838  959
838  961
838  963
838  988
838  995
838  998
839  844
839  882
839  924
839  929
839  973
839  975
839  976
839  977
839  987
840  849
840  916
840  977
840  987
840  991
840  993
841  854
841  911
841  945
841  957
841  973
842  848
842  863
842  873
842  878
842  890
842  937
842  942
842  948
842  976
842  983
843  853
843  859
843  878
843  953
843  975
843  980
843  994
844  896
844  932
844  947
844  950
844  955
844  977
844  982
844  992
844  993
845  905
845  925
845  927
845  994
846  920
846  925
846  941
846  970
846  984
847  853
847  910
847  911
847  926
847  967
847  974
847  975
847  983
847  985
847  986
847  989
847  996
847  1000
848  954
848  973
848  976
848  983
848  998
849  918
849  955
849  970
849  977
849  987
849  993
850  891
850  899
850  934
850  950
850  966
850  968
850  972
850  982
850  992
850  1000
851  869
851  878
851  931
851  933
851  950
851  951
851  953
851  966
851  971
851  990
852  860
852  892
852  893
852  900
852  903
852  904
852  926
852  943
852  962
852  963
852  975
852  979
852  980
852  992
852  996
852  997
853  877
853  910
853  915
853  965
853  968
853  975
853  979
853  991
854  945
854  952
854  957
854  971
854  991
855  879
855  881
855  889
855  906
855  922
855  930
855  990
855  991
856  887
856  892
856  939
856  949
856  955
856  964
856  988
856  991
856  999
857  873
857  963
858  869
858  886
858  907
858  933
858  942
858  979
858  984
858  985
858  986
858  989
858  999
859  872
859  873
859  915
859  946
859  972
859  994
860  894
860  921
860  943
860  959
860  973
861  924
861  925
861  936
861  969
862  863
862  865
862  871
862  878
862  920
862  940
862  991
862  995
863  878
863  896
863  900
863  937
863  983
863  993
863  1000
864  867
864  880
864  900
864  913
864  917
864  922
864  946
864  956
864  964
865  871
865  908
865  920
865  995
865  998
866  876
866  902
866  926
866  953
866  962
866  979
866  980
866  983
866  992
866  993
866  997
867  871
867  879
867  918
867  921
867  933
867  948
867  966
867  975
867  991
868  886
868  905
868  907
868  911
868  959
868  961
868  985
868  986
868  989
868  995
868  999
868  1000
869  912
869  918
869  959
869  986
869  996
869  999
869  1000
870  895
870  961
870  978
870  981
870  991
870  997
871  913
871  914
871  918
871  940
871  988
871  993
872  902
872  927
872  962
872  964
872  965
872  979
872  984
872  987
872  992
872  997
873  877
873  911
873  915
873  950
873  994
873  996
874  899
874  909
874  938
874  950
874  968
874  971
874  972
875  879
875  881
875  930
875  977
875  980
875  990
876  941
876  942
877  888
877  919
877  956
877  957
877  982
877  993
877  997
878  925
878  937
878  976
878  995
878  998
879  906
879  990
880  896
880  906
880  965
880  969
880  970
881  902
881  942
881  990
882  888
882  908
882  929
882  931
882  987
883  900
883  978
883  980
883  984
883  988
883  989
883  999
883  1000
884  896
884  958
884  1000
885  890
885  919
885  943
885  969
885  997
886  894
886  926
886  938
886  952
886  967
886  985
886  986
886  989
886  992
886  996
886  1000
887  888
887  897
887  917
887  949
887  951
887  961
887  983
887  984
887  991
888  912
888  933
888  935
888  964
888  969
888  979
888  988
888  992
889  921
889  931
889  944
889  949
889  973
889  987
889  993
889  997
890  899
890  901
890  943
890  992
891  936
891  950
891  959
891  974
891  983
891  985
891  986
891  996
891  999
891  1000
892  904
892  913
892  915
892  926
892  962
892  970
892  979
892  980
892  992
892  996
892  997
892  1000
893  899
893  921
893  933
893  950
893  953
893  968
893  970
893  972
893  994
894  965
895  938
895  950
895  958
895  959
895  974
895  978
895  981
895  984
896  916
896  917
896  927
896  947
896  951
896  977
896  993
896  1000
897  905
897  926
897  946
897  948
897  949
897  974
897  985
897  991
898  960
898  982
898  986
898  990
899  916
899  930
899  943
899  971
900  915
900  927
900  978
900  984
901  969
901  970
901  985
901  986
901  989
902  907
902  930
902  936
902  948
902  949
902  974
902  986
902  996
902  999
902  1000
903  935
903  939
903  953
903  966
903  994
903  996
904  963
904  965
904  969
904  970
904  980
904  985
904  992
904  997
905  908
905  958
905  988
905  995
906  930
906  990
906  998
907  959
907  973
907  974
907  976
907  985
907  986
907  991
907  996
907  1000
908  956
908  964
909  917
909  939
909  948
909  955
909  961
909  964
909  988
909  989
910  915
910  994
911  945
911  949
911  957
911  968
911  987
911  994
912  922
912  925
912  950
912  954
912  961
912  991
913  914
913  916
913  920
913  936
913  940
913  955
913  956
913  977
913  995
914  921
914  929
914  935
914  985
914  986
915  975
915  980
915  990
915  994
916  946
916  955
916  959
916  993
917  948
917  993
918  948
918  988
918  997
919  943
919  979
919  990
920  923
920  935
920  941
920  947
920  953
920  984
920  992
920  995
921  966
921  996
922  933
922  948
922  951
922  961
922  964
922  977
923  934
923  935
923  955
923  963
923  972
923  978
923  995
924  925
924  937
924  979
924  998
925  932
926  927
926  962
926  963
926  965
926  979
926  980
926  983
926  997
926  998
926  1000
927  959
927  962
927  963
927  965
927  968
927  979
927  992
927  997
928  957
928  958
928  985
929  931
929  934
929  944
929  949
929  973
929  976
929  980
929  987
929  991
930  942
930  948
930  958
930  964
930  976
930  990
930  998
931  932
931  934
931  943
931  944
931  972
931  973
931  987
931  997
931  999
932  972
932  978
932  1000
933  937
933  946
933  948
933  951
933  966
933  972
933  981
933  983
933  995
934  935
934  944
934  951
934  973
934  982
934  987
934  993
934  995
934  998
935  954
935  956
935  989
936  959
936  985
936  986
936  991
936  994
936  996
936  999
936  1000
937  966
937  967
937  976
937  982
937  983
937  984
937  998
938  952
938  974
938  981
938  989
938  993
938  996
939  946
939  955
939  957
939  959
939  971
939  976
939  984
939  988
939  991
940  942
940  995
940  998
941  956
941  977
941  986
941  987
941  995
941  1000
942  961
942  968
942  986
942  990
942  997
942  999
943  945
943  979
943  990
943  998
943  1000
944  955
944  963
944  971
944  973
944  987
944  997
945  957
945  965
945  980
945  985
946  948
946  949
946  964
946  988
946  989
946  991
946  1000
947  957
947  977
947  990
947  993
948  951
948  961
948  987
948  993
949  951
949  988
949  990
950  953
950  966
950  968
950  973
950  992
951  952
951  953
951  961
951  988
951  990
951  991
951  996
951  997
951  999
952  984
952  985
952  986
952  989
952  990
952  993
952  994
952  996
952  999
952  1000
953  957
953  966
953  967
953  971
953  972
953  974
954  960
954  967
954  970
954  976
954  980
954  982
954  983
954  984
954  995
954  998
955  969
955  975
955  977
955  978
955  993
955  994
956  970
956  976
956  986
956  995
956  996
958  971
958  996
959  964
959  986
959  996
959  999
959  1000
960  974
960  978
960  984
960  987
960  990
960  996
961  964
961  975
961  987
961  990
961  994
961  995
962  963
962  965
962  979
962  980
962  989
962  992
962  997
962  1000
963  965
963  979
963  986
963  992
963  994
963  997
964  970
964  980
965  979
965  980
965  985
965  992
965  997
966  971
966  972
966  977
967  983
967  986
967  990
967  995
967  998
968  971
968  978
968  989
968  999
969  970
970  972
970  995
971  972
971  974
971  988
971  998
971  1000
972  974
973  987
974  985
974  986
974  989
974  995
974  998
974  999
974  1000
975  991
975  992
975  994
975  998
976  982
976  988
976  990
976  991
976  998
977  993
977  996
978  981
978  982
978  984
978  996
979  980
979  981
979  982
979  988
979  989
979  990
979  992
979  997
979  998
980  981
980  990
980  992
980  997
981  984
981  992
981  999
982  983
982  996
982  998
982  1000
983  987
983  998
983  999
984  991
985  986
985  989
985  996
985  999
985  1000
986  987
986  989
986  996
986  998
986  999
988  991
989  996
989  999
989  1000
990  991
990  994
990  999
990  1000
991  994
991  998
992  997
992  998
993  995
993  998
995  997
996  999
996  1000
997  1000
998  999
999  1000
