1  217
1  241
1  442
1  484
1  546
1  723
1  816
1  867
1  910
2  21
2  295
2  409
2  441
2  546
2  704
2  778
2  844
2  861
3  200
3  454
3  538
3  766
3  877
3  926
3  930
3  936
3  982
4  16
4  625
4  627
4  736
4  781
4  830
4  831
4  940
4  945
5  537
5  544
5  648
5  713
5  803
5  864
5  982
5  991
5  1000
6  251
6  278
6  363
6  526
6  565
6  595
6  722
6  880
6  989
7  348
7  354
7  731
7  887
7  888
7  961
7  993
7  994
7  1000
8  174
8  217
8  317
8  435
8  509
8  676
8  723
8  816
8  867
9  444
9  617
9  689
9  691
9  931
9  964
9  974
9  976
9  986
10  502
10  615
10  636
10  650
10  665
10  840
10  963
10  988
10  990
11  191
11  434
11  477
11  582
11  593
11  702
11  938
11  979
11  992
12  589
12  635
12  645
12  689
12  714
12  843
12  906
12  973
12  975
13  58
13  297
13  411
13  818
13  827
13  917
13  964
13  974
13  976
14  307
14  572
14  610
14  652
14  815
14  823
14  879
14  947
14  960
15  19
15  323
15  361
15  393
15  406
15  645
15  845
15  967
15  975
16  417
16  508
16  769
16  853
16  855
16  913
16  923
16  970
17  265
17  573
17  653
17  735
17  869
17  985
17  995
17  996
17  997
18  390
18  579
18  852
18  888
18  903
18  968
18  993
18  994
18  1000
19  608
19  624
19  755
19  828
19  883
19  924
19  962
19  978
20  503
20  731
20  930
20  961
20  968
20  972
20  982
20  993
20  1000
21  242
21  260
21  270
21  409
21  672
21  778
21  861
21  882
22  299
22  358
22  650
22  651
22  671
22  973
22  980
22  983
22  1000
23  455
23  532
23  659
23  676
23  723
23  774
23  807
23  816
23  867
24  268
24  273
24  410
24  686
24  720
24  802
24  825
24  830
24  999
25  623
25  694
25  801
25  815
25  985
25  995
25  996
25  997
25  998
26  185
26  306
26  383
26  547
26  645
26  717
26  828
26  863
26  975
27  154
27  276
27  888
27  911
27  952
27  961
27  982
27  994
27  1000
28  65
28  107
28  553
28  680
28  767
28  907
28  909
28  948
28  954
29  140
29  357
29  504
29  646
29  658
29  755
29  912
29  968
29  985
30  299
30  313
30  383
30  762
30  822
30  852
30  962
30  975
30  978
31  219
31  431
31  438
31  546
31  659
31  676
31  723
31  774
31  867
32  428
32  761
32  837
32  854
32  874
32  894
32  915
32  977
32  999
33  140
33  439
33  500
33  658
33  661
33  732
33  856
33  942
33  959
34  610
34  635
34  783
34  828
34  852
34  935
34  962
34  967
34  978
35  225
35  290
35  556
35  849
35  903
35  934
35  973
35  980
35  983
36  98
36  107
36  177
36  535
36  868
36  907
36  928
36  969
36  971
37  154
37  305
37  582
37  603
37  865
37  890
37  979
37  989
37  992
38  221
38  561
38  638
38  816
38  835
38  921
38  928
38  946
38  948
39  102
39  420
39  471
39  629
39  709
39  872
39  889
39  916
39  961
40  316
40  390
40  877
40  901
40  952
40  955
40  991
40  993
40  994
41  622
41  733
41  741
41  789
41  939
41  949
41  973
41  980
41  983
42  71
42  227
42  331
42  542
42  606
42  609
42  629
42  676
42  872
43  566
43  705
43  719
43  732
43  914
43  927
43  957
43  987
43  999
44  656
44  659
44  799
44  825
44  885
44  966
44  972
44  987
44  999
45  234
45  352
45  715
45  743
45  794
45  795
45  870
45  899
45  910
46  627
46  711
46  805
46  830
46  831
46  864
46  940
46  945
46  991
47  80
47  371
47  449
47  616
47  722
47  857
47  878
47  979
47  991
48  130
48  504
48  646
48  712
48  824
48  833
48  836
48  856
48  904
49  170
49  414
49  522
49  643
49  769
49  793
49  853
49  943
49  970
50  67
50  104
50  119
50  197
50  278
50  548
50  560
50  669
50  979
51  309
51  788
51  821
51  877
51  901
51  981
51  982
51  994
51  1000
52  217
52  241
52  317
52  532
52  574
52  659
52  774
52  867
52  994
53  126
53  192
53  196
53  617
53  917
53  931
53  966
53  974
53  986
54  88
54  255
54  826
54  865
54  914
54  918
54  972
54  977
54  999
55  351
55  612
55  729
55  818
55  821
55  873
55  897
55  974
55  986
56  222
56  427
56  497
56  638
56  687
56  868
56  919
56  961
56  969
57  115
57  253
57  349
57  576
57  735
57  756
57  757
57  855
57  937
58  467
58  617
58  757
58  800
58  818
58  974
58  976
58  986
59  108
59  545
59  699
59  808
59  847
59  851
59  932
59  997
59  998
60  242
60  274
60  386
60  585
60  698
60  761
60  763
60  829
60  899
61  134
61  477
61  610
61  633
61  709
61  890
61  932
61  989
61  992
62  289
62  444
62  497
62  848
62  868
62  919
62  954
62  969
62  971
63  126
63  194
63  780
63  798
63  881
63  897
63  930
63  974
63  986
64  573
64  614
64  881
64  932
64  985
64  996
64  997
64  998
64  1000
65  173
65  589
65  773
65  783
65  845
65  924
65  967
65  975
66  91
66  272
66  777
66  805
66  831
66  864
66  940
66  945
66  946
67  315
67  501
67  638
67  725
67  880
67  959
67  989
67  991
68  640
68  655
68  770
68  902
68  946
68  963
68  988
68  990
68  994
69  534
69  590
69  736
69  875
69  951
69  963
69  979
69  988
69  990
70  758
70  801
70  892
70  976
70  985
70  995
70  996
70  997
70  998
71  129
71  315
71  709
71  785
71  872
71  885
71  889
71  916
72  208
72  262
72  595
72  686
72  786
72  918
72  965
72  966
72  972
73  82
73  385
73  617
73  851
73  897
73  964
73  974
73  976
73  986
74  230
74  361
74  378
74  540
74  645
74  910
74  962
74  967
74  975
75  111
75  594
75  688
75  797
75  824
75  860
75  930
75  993
75  1000
76  77
76  457
76  776
76  852
76  883
76  906
76  924
76  975
76  978
77  86
77  153
77  591
77  791
77  924
77  967
77  975
77  978
78  367
78  627
78  781
78  805
78  830
78  850
78  873
78  940
78  945
79  229
79  329
79  363
79  427
79  518
79  687
79  868
79  903
79  948
80  104
80  425
80  555
80  776
80  857
80  941
80  959
80  992
81  86
81  211
81  624
81  730
81  814
81  822
81  975
81  978
81  995
82  120
82  423
82  604
82  612
82  685
82  695
82  729
82  976
83  425
83  826
83  842
83  922
83  950
83  965
83  966
83  977
83  999
84  149
84  244
84  584
84  764
84  847
84  891
84  995
84  997
84  998
85  199
85  659
85  737
85  840
85  875
85  902
85  951
85  988
85  990
86  237
86  370
86  378
86  511
86  852
86  935
86  967
87  129
87  146
87  487
87  606
87  709
87  872
87  889
87  909
87  916
88  482
88  649
88  842
88  925
88  958
88  966
88  972
88  977
89  374
89  476
89  810
89  869
89  891
89  995
89  996
89  997
89  998
90  596
90  649
90  660
90  779
90  849
90  934
90  949
90  973
90  980
91  94
91  743
91  749
91  777
91  830
91  831
91  940
91  945
92  719
92  813
92  823
92  879
92  905
92  925
92  941
92  947
92  960
93  225
93  651
93  812
93  838
93  848
93  934
93  973
93  980
93  983
94  140
94  451
94  627
94  721
94  864
94  940
94  945
94  984
95  206
95  240
95  387
95  397
95  665
95  837
95  895
95  897
95  944
96  443
96  622
96  884
96  926
96  953
96  982
96  993
96  994
96  1000
97  370
97  414
97  463
97  632
97  929
97  937
97  943
97  970
97  971
98  561
98  761
98  909
98  917
98  921
98  928
98  969
98  971
99  669
99  735
99  811
99  862
99  893
99  938
99  979
99  989
99  991
100  231
100  379
100  496
100  530
100  712
100  714
100  912
100  956
100  991
101  139
101  388
101  575
101  615
101  737
101  902
101  963
101  988
101  990
102  186
102  227
102  471
102  709
102  817
102  889
102  916
102  978
103  168
103  834
103  886
103  905
103  918
103  925
103  941
103  947
103  960
104  203
104  315
104  380
104  560
104  593
104  703
104  992
105  234
105  621
105  658
105  898
105  907
105  909
105  948
105  969
105  971
106  169
106  276
106  399
106  549
106  590
106  806
106  807
106  988
106  990
107  553
107  573
107  835
107  848
107  868
107  909
107  954
108  275
108  582
108  776
108  865
108  893
108  938
108  989
108  992
109  125
109  127
109  170
109  322
109  413
109  458
109  819
109  839
109  871
110  640
110  655
110  724
110  836
110  951
110  963
110  970
110  976
110  990
111  353
111  748
111  926
111  960
111  981
111  993
111  994
111  1000
112  402
112  424
112  827
112  934
112  949
112  973
112  980
112  983
112  993
113  145
113  307
113  457
113  675
113  689
113  845
113  962
113  975
113  992
114  334
114  426
114  654
114  851
114  869
114  985
114  995
114  997
114  998
115  421
115  577
115  770
115  836
115  840
115  946
115  988
115  990
116  301
116  485
116  548
116  692
116  782
116  795
116  899
116  910
116  978
117  493
117  583
117  642
117  788
117  888
117  911
117  961
117  994
117  1000
118  211
118  635
118  682
118  717
118  790
118  844
118  935
118  975
118  996
119  379
119  514
119  560
119  811
119  862
119  866
119  933
119  989
120  192
120  215
120  423
120  673
120  897
120  917
120  955
120  976
121  171
121  346
121  544
121  565
121  695
121  888
121  981
121  982
121  1000
122  475
122  743
122  771
122  805
122  830
122  860
122  864
122  940
122  945
123  562
123  583
123  680
123  702
123  948
123  954
123  957
123  969
123  971
124  168
124  404
124  652
124  813
124  815
124  905
124  941
124  960
124  991
125  127
125  168
125  416
125  483
125  839
125  841
125  871
125  985
126  375
126  665
126  685
126  691
126  917
126  964
126  986
127  164
127  285
127  406
127  484
127  767
127  871
127  987
128  384
128  519
128  612
128  675
128  798
128  917
128  964
128  976
128  986
129  517
129  629
129  683
129  817
129  872
129  889
129  916
130  212
130  343
130  446
130  658
130  798
130  833
130  860
130  942
131  609
131  622
131  636
131  796
131  832
131  934
131  973
131  980
131  983
132  308
132  335
132  347
132  552
132  778
132  844
132  861
132  882
132  976
133  261
133  587
133  669
133  696
133  703
133  751
133  759
133  895
133  944
134  311
134  472
134  669
134  787
134  857
134  890
134  991
134  997
135  142
135  323
135  461
135  524
135  696
135  742
135  837
135  895
135  944
136  288
136  813
136  823
136  834
136  905
136  925
136  941
136  947
136  960
137  362
137  387
137  486
137  619
137  703
137  730
137  742
137  828
137  944
138  154
138  695
138  753
138  797
138  888
138  898
138  901
138  993
138  994
139  156
139  611
139  769
139  793
139  896
139  913
139  929
139  937
140  323
140  661
140  856
140  860
140  942
140  995
141  372
141  588
141  675
141  828
141  883
141  906
141  924
141  967
141  975
142  505
142  569
142  773
142  809
142  834
142  905
142  925
142  960
143  327
143  454
143  642
143  695
143  748
143  752
143  955
143  981
143  1000
144  347
144  441
144  479
144  515
144  704
144  805
144  844
144  861
144  882
145  357
145  448
145  661
145  824
145  833
145  904
145  912
145  942
146  487
146  494
146  606
146  629
146  683
146  869
146  889
146  916
147  312
147  399
147  466
147  502
147  736
147  770
147  951
147  988
147  990
148  710
148  799
148  911
148  930
148  955
148  968
148  981
148  993
148  1000
149  614
149  667
149  739
149  869
149  995
149  996
149  997
149  998
150  212
150  252
150  476
150  527
150  636
150  946
150  951
150  988
150  990
151  229
151  344
151  868
151  907
151  909
151  919
151  928
151  954
151  971
152  176
152  215
152  618
152  740
152  798
152  800
152  974
152  976
152  986
153  339
153  536
153  558
153  603
153  716
153  883
153  962
153  967
154  677
154  752
154  901
154  911
154  955
154  982
155  201
155  535
155  718
155  765
155  809
155  894
155  922
155  987
155  999
156  463
156  539
156  628
156  746
156  896
156  900
156  929
156  1000
157  626
157  715
157  747
157  770
157  771
157  806
157  807
157  988
157  990
158  377
158  441
158  738
158  754
158  792
158  949
158  973
158  980
158  983
159  620
159  705
159  842
159  915
159  918
159  936
159  958
159  966
159  977
160  581
160  603
160  884
160  901
160  955
160  968
160  993
160  994
160  1000
161  186
161  227
161  251
161  304
161  331
161  402
161  487
161  568
161  916
162  197
162  434
162  551
162  701
162  866
162  893
162  896
162  959
162  991
163  272
163  642
163  707
163  849
163  901
163  955
163  968
163  994
163  1000
164  570
164  719
164  784
164  786
164  908
164  948
164  966
164  999
165  213
165  663
165  723
165  891
165  947
165  995
165  996
165  997
165  998
166  333
166  432
166  489
166  555
166  750
166  914
166  972
166  977
166  999
167  180
167  352
167  616
167  669
167  859
167  933
167  938
167  979
167  989
168  886
168  905
168  925
168  941
168  947
168  960
169  226
169  267
169  415
169  604
169  612
169  729
169  964
169  986
170  221
170  266
170  360
170  458
170  794
170  839
170  841
171  439
171  586
171  800
171  901
171  956
171  982
171  993
171  1000
172  244
172  296
172  488
172  631
172  733
172  804
172  876
172  887
172  893
173  328
173  457
173  675
173  796
173  843
173  906
173  962
173  967
174  217
174  509
174  546
174  574
174  723
174  816
174  825
174  867
175  433
175  711
175  781
175  830
175  831
175  864
175  873
175  940
175  945
176  415
176  618
176  744
176  798
176  867
176  964
176  974
176  986
177  489
177  621
177  919
177  928
177  948
177  969
177  971
177  991
178  214
178  308
178  457
178  623
178  758
178  995
178  996
178  997
178  998
179  279
179  376
179  699
179  772
179  920
179  985
179  996
179  997
179  998
180  482
180  610
180  865
180  871
180  890
180  959
180  989
180  992
181  326
181  330
181  602
181  932
181  984
181  985
181  995
181  997
181  998
182  184
182  373
182  579
182  752
182  858
182  961
182  993
182  994
182  1000
183  548
183  672
183  761
183  763
183  782
183  829
183  870
183  899
183  910
184  532
184  594
184  803
184  930
184  952
184  968
184  982
184  993
185  337
185  524
185  665
185  696
185  742
185  759
185  820
185  944
186  606
186  685
186  785
186  817
186  855
186  872
186  916
187  225
187  283
187  429
187  738
187  934
187  949
187  973
187  980
187  983
188  408
188  580
188  631
188  768
188  804
188  876
188  887
188  906
188  999
189  238
189  379
189  412
189  446
189  504
189  530
189  824
189  904
189  939
190  196
190  338
190  519
190  685
190  802
190  812
190  897
190  908
190  964
191  203
191  593
191  909
191  938
191  979
191  989
191  991
191  992
192  194
192  219
192  617
192  798
192  917
192  986
192  990
193  256
193  466
193  523
193  716
193  836
193  902
193  966
193  988
193  990
194  267
194  401
194  421
194  812
194  964
194  976
194  986
195  786
195  817
195  915
195  950
195  957
195  958
195  972
195  987
195  999
196  292
196  352
196  729
196  818
196  964
196  976
196  986
197  477
197  495
197  842
197  857
197  989
197  991
197  992
198  304
198  331
198  471
198  485
198  487
198  542
198  606
198  785
198  916
199  256
199  520
199  640
199  668
199  807
199  943
199  988
199  990
200  359
200  613
200  845
200  883
200  962
200  967
200  975
200  978
201  353
201  455
201  877
201  884
201  903
201  911
201  956
201  987
202  269
202  367
202  432
202  765
202  846
202  850
202  957
202  987
202  999
203  235
203  880
203  935
203  959
203  989
203  991
203  992
204  693
204  801
204  832
204  890
204  985
204  995
204  996
204  997
204  998
205  293
205  578
205  696
205  803
205  955
205  982
205  993
205  994
205  1000
206  445
206  524
206  696
206  730
206  742
206  837
206  895
206  991
207  373
207  557
207  690
207  733
207  768
207  876
207  887
207  900
207  934
208  535
208  842
208  854
208  861
208  936
208  965
208  987
208  999
209  334
209  499
209  732
209  763
209  885
209  918
209  936
209  965
209  999
210  339
210  481
210  645
210  716
210  843
210  935
210  957
210  967
210  975
211  333
211  624
211  783
211  790
211  924
211  967
211  978
212  236
212  380
212  412
212  658
212  661
212  755
212  856
212  942
213  490
213  517
213  772
213  847
213  891
213  932
213  984
213  996
213  998
214  772
214  808
214  891
214  927
214  985
214  995
214  996
214  997
214  998
215  384
215  423
215  604
215  800
215  931
215  976
215  986
215  997
216  264
216  398
216  569
216  597
216  823
216  834
216  879
216  925
216  960
216  998
217  219
217  574
217  774
217  816
217  851
217  867
218  222
218  265
218  312
218  341
218  598
218  813
218  853
218  913
218  937
218  970
219  532
219  574
219  659
219  723
219  774
219  816
219  867
220  235
220  425
220  482
220  582
220  745
220  859
220  925
220  933
220  989
220  992
221  525
221  531
221  848
221  907
221  909
221  933
221  948
221  971
222  632
222  756
222  853
222  883
222  913
222  937
222  943
222  970
223  244
223  245
223  344
223  407
223  601
223  690
223  768
223  876
223  887
223  921
224  314
224  789
224  796
224  832
224  934
224  939
224  948
224  949
224  973
224  983
225  396
225  660
225  674
225  713
225  792
225  939
225  973
226  369
226  519
226  685
226  818
226  879
226  897
226  974
226  976
226  986
227  440
227  494
227  629
227  692
227  709
227  817
227  916
228  262
228  625
228  681
228  786
228  842
228  918
228  922
228  972
228  974
228  999
229  479
229  621
229  898
229  921
229  948
229  954
229  969
229  971
230  337
230  541
230  926
230  930
230  961
230  981
230  982
230  993
230  1000
231  330
231  448
231  684
231  706
231  712
231  833
231  856
231  934
231  942
232  323
232  446
232  658
232  712
232  755
232  824
232  860
232  887
232  904
232  998
233  300
233  514
233  630
233  722
233  864
233  869
233  959
233  979
233  989
233  992
234  692
234  775
234  782
234  795
234  829
234  870
234  899
234  910
235  371
235  745
235  878
235  893
235  978
235  989
235  991
235  992
236  248
236  323
236  412
236  661
236  833
236  904
236  912
236  942
236  956
237  589
237  624
237  634
237  717
237  790
237  807
237  883
237  906
237  962
238  248
238  368
238  461
238  712
238  756
238  856
238  860
238  912
238  942
239  526
239  701
239  841
239  878
239  893
239  959
239  978
239  989
239  991
239  992
240  289
240  430
240  678
240  730
240  751
240  837
240  895
240  944
240  987
241  532
241  574
241  659
241  676
241  774
241  816
241  867
241  945
242  246
242  409
242  441
242  515
242  704
242  844
242  861
242  882
243  249
243  263
243  321
243  360
243  429
243  773
243  794
243  819
243  839
243  871
244  373
244  488
244  557
244  734
244  804
244  876
244  887
245  400
245  580
245  601
245  734
245  768
245  876
245  880
245  887
245  892
246  270
246  308
246  335
246  441
246  477
246  844
246  861
246  882
246  992
247  355
247  606
247  649
247  673
247  683
247  785
247  817
247  872
247  889
247  916
248  417
248  661
248  670
248  833
248  856
248  904
248  942
248  959
249  328
249  458
249  605
249  619
249  767
249  819
249  839
249  841
249  871
250  259
250  308
250  409
250  552
250  704
250  778
250  813
250  844
250  861
250  882
251  555
251  701
251  725
251  890
251  938
251  989
251  991
251  992
252  612
252  655
252  806
252  836
252  840
252  885
252  946
252  988
252  990
253  628
253  643
253  756
253  757
253  765
253  806
253  923
253  943
253  970
254  594
254  657
254  672
254  789
254  792
254  838
254  949
254  980
254  983
254  997
255  333
255  746
255  854
255  885
255  957
255  958
255  965
255  972
255  999
256  516
256  706
256  737
256  747
256  946
256  963
256  988
256  990
257  305
257  424
257  694
257  758
257  772
257  984
257  985
257  995
257  997
257  998
258  436
258  620
258  663
258  724
258  881
258  984
258  995
258  996
258  997
258  998
259  336
259  347
259  528
259  704
259  778
259  782
259  844
259  861
259  882
260  271
260  295
260  552
260  778
260  844
260  861
260  882
260  888
260  983
261  332
261  696
261  742
261  759
261  783
261  820
261  837
261  895
261  944
262  765
262  914
262  958
262  965
262  972
262  981
262  987
262  999
263  321
263  416
263  619
263  794
263  839
263  841
263  871
263  965
263  991
264  342
264  505
264  694
264  700
264  834
264  905
264  941
264  947
264  960
265  664
265  892
265  920
265  984
265  995
265  996
265  997
265  998
266  321
266  429
266  453
266  460
266  497
266  546
266  619
266  767
266  839
267  338
267  685
267  744
267  821
267  920
267  931
267  964
267  976
268  383
268  556
268  570
268  908
268  914
268  922
268  966
268  987
268  999
269  565
269  603
269  607
269  684
269  740
269  959
269  979
269  989
269  992
270  271
270  308
270  336
270  347
270  580
270  778
270  882
270  986
271  347
271  409
271  552
271  590
271  778
271  844
271  861
271  882
272  677
272  728
272  953
272  955
272  968
272  981
272  994
272  1000
273  498
273  574
273  637
273  825
273  894
273  918
273  972
273  987
273  999
274  301
274  474
274  614
274  743
274  763
274  829
274  870
274  899
274  910
275  382
275  477
275  495
275  555
275  595
275  740
275  776
275  893
275  992
276  476
276  549
276  590
276  655
276  946
276  963
276  988
276  990
277  322
277  561
277  769
277  845
277  848
277  907
277  921
277  928
277  948
277  971
278  614
278  616
278  684
278  787
278  859
278  865
278  938
278  955
279  679
279  754
279  768
279  847
279  984
279  995
279  996
279  997
279  998
280  445
280  587
280  613
280  644
280  730
280  742
280  751
280  837
280  895
280  944
281  325
281  357
281  522
281  735
281  746
281  793
281  855
281  862
281  913
281  970
282  290
282  364
282  662
282  815
282  879
282  886
282  905
282  925
282  950
282  960
283  609
283  827
283  832
283  843
283  849
283  949
283  973
283  980
283  983
284  588
284  620
284  738
284  851
284  984
284  985
284  995
284  996
284  997
284  998
285  406
285  460
285  484
285  605
285  744
285  767
285  819
285  841
285  871
286  339
286  462
286  525
286  835
286  848
286  883
286  898
286  921
286  948
286  954
287  417
287  598
287  769
287  890
287  896
287  900
287  913
287  929
287  937
287  943
288  654
288  862
288  881
288  984
288  985
288  995
288  996
288  997
288  998
289  436
289  584
289  835
289  909
289  921
289  954
289  969
289  971
290  377
290  609
290  674
290  849
290  949
290  973
290  980
290  983
291  324
291  420
291  471
291  683
291  709
291  785
291  872
291  889
291  916
291  950
292  533
292  780
292  812
292  840
292  917
292  931
292  964
292  974
292  986
293  587
293  601
293  803
293  877
293  901
293  926
293  961
293  982
293  993
294  299
294  358
294  609
294  738
294  778
294  816
294  934
294  949
294  980
294  983
295  515
295  552
295  704
295  778
295  844
295  861
295  882
295  926
296  373
296  408
296  624
296  733
296  734
296  795
296  804
296  876
296  887
297  467
297  617
297  645
297  647
297  691
297  798
297  800
297  917
297  976
298  386
298  463
298  536
298  585
298  641
298  761
298  799
298  870
298  882
298  910
299  539
299  596
299  796
299  949
299  973
299  980
299  983
300  427
300  603
300  616
300  630
300  701
300  938
300  979
300  991
300  992
301  386
301  529
301  548
301  795
301  829
301  857
301  870
301  899
302  305
302  495
302  558
302  787
302  811
302  857
302  862
302  947
302  979
302  991
303  627
303  721
303  771
303  777
303  864
303  873
303  931
303  940
303  945
303  979
304  355
304  420
304  494
304  683
304  817
304  826
304  872
304  889
305  555
305  560
305  857
305  880
305  979
305  989
305  991
306  328
306  504
306  558
306  578
306  689
306  762
306  845
306  935
306  962
307  371
307  506
307  608
307  716
307  924
307  967
307  975
307  978
308  409
308  704
308  844
308  861
308  882
309  348
309  363
309  510
309  638
309  736
309  909
309  928
309  948
309  971
310  482
310  853
310  866
310  880
310  933
310  938
310  979
310  989
310  991
310  992
311  371
311  787
311  865
311  938
311  979
311  989
311  991
311  992
311  998
312  697
312  746
312  760
312  900
312  923
312  929
312  937
312  970
313  459
313  666
313  758
313  801
313  891
313  995
313  996
313  997
313  998
314  643
314  738
314  827
314  939
314  949
314  973
314  980
314  983
314  991
315  431
315  530
315  866
315  893
315  959
315  989
315  992
316  381
316  657
316  672
316  674
316  827
316  832
316  949
316  980
316  983
317  435
317  442
317  532
317  676
317  774
317  816
317  867
317  932
318  422
318  559
318  764
318  791
318  892
318  932
318  985
318  995
318  996
318  998
319  450
319  465
319  620
319  666
319  716
319  892
319  984
319  985
319  995
319  996
320  649
320  720
320  776
320  825
320  874
320  902
320  957
320  965
320  987
320  999
321  360
321  619
321  767
321  794
321  819
321  871
321  990
322  835
322  867
322  868
322  909
322  919
322  928
322  969
322  971
323  368
323  530
323  670
323  714
323  904
324  350
324  467
324  685
324  798
324  800
324  812
324  897
324  974
324  986
325  370
325  399
325  463
325  643
325  896
325  900
325  943
325  970
325  989
326  422
326  694
326  729
326  969
326  984
326  995
326  996
326  997
326  998
327  564
327  588
327  693
327  881
327  985
327  995
327  996
327  997
327  998
328  722
328  762
328  863
328  924
328  962
328  975
328  978
329  394
329  518
329  575
329  621
329  702
329  779
329  919
329  921
329  971
330  343
330  446
330  712
330  755
330  833
330  895
330  904
330  912
331  440
331  568
331  683
331  709
331  817
331  872
331  995
332  524
332  751
332  759
332  784
332  820
332  837
332  895
332  940
332  944
333  618
333  750
333  854
333  915
333  965
333  987
333  999
334  447
334  528
334  894
334  908
334  927
334  936
334  987
334  999
335  336
335  471
335  552
335  695
335  778
335  844
335  861
335  882
336  441
336  515
336  552
336  697
336  704
336  882
336  949
337  456
337  524
337  587
337  665
337  703
337  730
337  895
337  944
338  444
338  512
338  651
338  653
338  821
338  931
338  976
338  986
339  589
339  645
339  682
339  790
339  907
339  967
339  975
340  433
340  594
340  642
340  710
340  788
340  877
340  956
340  974
340  994
340  1000
341  462
341  508
341  539
341  746
341  757
341  912
341  913
341  923
341  943
341  970
342  380
342  518
342  595
342  725
342  787
342  933
342  979
342  989
342  991
342  992
343  368
343  394
343  481
343  491
343  503
343  755
343  824
343  856
343  942
344  400
344  468
344  601
344  733
344  768
344  804
344  862
344  876
344  887
345  414
345  432
345  826
345  846
345  922
345  949
345  950
345  957
345  958
345  965
345  999
346  438
346  541
346  602
346  748
346  820
346  926
346  968
346  982
346  993
346  1000
347  515
347  648
347  704
347  844
347  861
347  882
348  573
348  848
348  898
348  907
348  919
348  921
348  954
348  969
348  971
349  474
349  632
349  735
349  756
349  853
349  900
349  929
349  943
349  969
349  970
350  460
350  473
350  788
350  858
350  952
350  968
350  981
350  982
350  994
350  1000
351  401
351  410
351  423
351  798
351  812
351  960
351  964
351  974
351  976
351  986
352  692
352  743
352  763
352  775
352  799
352  870
352  899
352  910
353  455
353  493
353  581
353  777
353  788
353  877
353  981
353  993
353  1000
354  710
354  930
354  955
354  956
354  962
354  968
354  982
354  993
354  994
354  1000
355  420
355  542
355  568
355  731
355  749
355  785
355  817
355  889
355  916
356  564
356  623
356  632
356  815
356  851
356  869
356  920
356  984
356  996
356  997
356  998
357  379
357  385
357  408
357  658
357  661
357  670
357  904
357  912
358  754
358  796
358  827
358  842
358  934
358  939
358  949
358  980
358  983
359  378
359  383
359  608
359  624
359  717
359  757
359  906
359  967
359  978
359  1000
360  416
360  453
360  523
360  794
360  819
360  839
360  841
360  871
361  393
361  536
361  558
361  814
361  828
361  863
361  905
361  924
361  967
362  387
362  430
362  445
362  461
362  587
362  740
362  780
362  820
362  837
362  944
363  423
363  462
363  680
363  702
363  919
363  921
363  969
363  971
364  492
364  639
364  813
364  886
364  899
364  905
364  925
364  941
364  947
364  960
365  403
365  404
365  597
365  700
365  815
365  823
365  886
365  905
365  941
365  947
365  960
366  396
366  671
366  777
366  792
366  832
366  849
366  858
366  939
366  973
366  980
366  983
367  451
367  464
367  521
367  771
367  805
367  831
367  873
367  940
367  945
368  498
368  530
368  580
368  712
368  856
368  904
368  912
368  942
369  401
369  444
369  641
369  780
369  812
369  821
369  931
369  974
369  976
369  986
370  484
370  522
370  576
370  592
370  760
370  855
370  923
370  970
371  495
371  862
371  957
371  979
371  989
371  991
371  992
372  490
372  613
372  635
372  689
372  828
372  836
372  843
372  883
372  962
372  980
373  488
373  601
373  631
373  690
373  728
373  734
373  887
374  538
374  706
374  926
374  952
374  955
374  956
374  961
374  982
374  994
374  1000
375  421
375  581
375  744
375  812
375  821
375  917
375  964
375  974
375  976
375  986
376  563
376  585
376  698
376  711
376  743
376  799
376  829
376  870
376  899
376  910
377  437
377  657
377  827
377  832
377  838
377  926
377  939
377  980
377  983
378  536
378  783
378  883
378  884
378  906
378  916
378  967
378  975
379  448
379  504
379  530
379  755
379  856
379  860
379  988
380  478
380  565
380  684
380  776
380  811
380  893
380  947
380  989
381  596
381  674
381  754
381  758
381  792
381  849
381  894
381  939
381  980
381  983
382  649
382  656
382  720
382  727
382  750
382  915
382  966
382  977
382  987
382  999
383  490
383  547
383  624
383  658
383  682
383  924
383  975
384  401
384  588
384  917
384  931
384  964
384  974
384  976
384  982
384  986
385  394
385  439
385  706
385  714
385  824
385  856
385  912
385  942
385  992
386  485
386  775
386  782
386  799
386  870
386  899
386  907
386  910
387  456
387  461
387  587
387  665
387  678
387  814
387  895
387  944
388  522
388  806
388  840
388  875
388  902
388  947
388  951
388  963
388  988
388  990
389  459
389  564
389  614
389  693
389  881
389  963
389  984
389  995
389  996
389  997
389  998
390  752
390  796
390  888
390  901
390  953
390  981
390  983
390  993
390  1000
391  420
391  440
391  494
391  606
391  683
391  709
391  784
391  872
391  889
391  916
391  985
392  424
392  426
392  488
392  564
392  869
392  932
392  984
392  995
392  996
392  997
392  998
393  506
393  645
393  716
393  766
393  814
393  935
393  967
393  975
393  978
394  491
394  500
394  646
394  824
394  833
394  904
394  912
394  942
395  534
395  544
395  590
395  636
395  668
395  806
395  875
395  890
395  951
395  963
395  990
396  738
396  822
396  827
396  838
396  917
396  934
396  939
396  980
396  983
397  486
397  665
397  678
397  696
397  730
397  751
397  820
397  837
397  935
397  944
398  400
398  404
398  569
398  609
398  813
398  879
398  925
398  941
398  947
398  960
399  464
399  626
399  668
399  951
399  963
399  988
399  990
399  995
400  407
400  468
400  584
400  690
400  733
400  768
400  804
400  887
401  444
401  618
401  752
401  917
401  964
401  974
401  986
402  622
402  651
402  671
402  934
402  939
402  949
402  973
402  983
402  995
403  438
403  541
403  586
403  774
403  903
403  953
403  956
403  993
403  994
403  1000
404  572
404  639
404  886
404  892
404  925
404  941
404  947
404  960
405  418
405  573
405  664
405  679
405  693
405  758
405  863
405  932
405  996
405  997
405  998
406  460
406  605
406  794
406  819
406  839
406  841
406  871
406  972
407  488
407  560
407  580
407  601
407  631
407  723
407  733
407  768
407  887
408  468
408  488
408  526
408  557
408  690
408  804
408  876
408  887
409  778
409  844
409  882
409  924
409  988
410  411
410  673
410  775
410  800
410  821
410  897
410  974
410  976
410  986
411  604
411  618
411  673
411  897
411  931
411  962
411  964
411  974
411  986
412  446
412  530
412  670
412  824
412  833
412  885
412  912
412  942
413  429
413  483
413  541
413  605
413  619
413  819
413  839
413  841
413  871
413  996
414  576
414  756
414  760
414  896
414  913
414  937
414  957
414  970
415  512
415  519
415  578
415  604
415  691
415  812
415  897
415  974
415  986
416  460
416  483
416  605
416  639
416  767
416  839
416  841
416  989
417  469
417  632
417  793
417  855
417  923
417  929
417  937
417  970
418  426
418  713
418  847
418  881
418  892
418  984
418  985
418  996
418  997
418  998
419  600
419  614
419  847
419  851
419  920
419  984
419  985
419  995
419  996
419  997
419  998
420  567
420  568
420  594
420  872
420  889
420  916
421  626
421  724
421  875
421  902
421  946
421  963
421  988
421  990
422  764
422  808
422  848
422  932
422  984
422  995
422  996
422  997
422  998
423  618
423  729
423  812
423  950
423  964
423  976
424  664
424  764
424  808
424  920
424  993
424  996
424  997
424  998
425  593
425  610
425  859
425  878
425  979
425  989
425  991
425  992
426  517
426  602
426  644
426  932
426  979
426  996
426  997
426  998
427  510
427  518
427  643
427  898
427  928
427  948
427  969
427  971
428  656
428  707
428  750
428  849
428  874
428  908
428  922
428  966
428  987
428  999
429  458
429  605
429  767
429  794
429  819
429  839
429  936
430  665
430  696
430  703
430  730
430  742
430  751
430  827
430  876
430  944
431  472
431  482
431  811
431  857
431  878
431  890
431  959
431  989
431  991
432  479
432  581
432  705
432  786
432  885
432  957
432  977
432  999
433  791
433  847
433  892
433  920
433  932
433  995
433  996
433  997
433  998
434  610
434  718
434  745
434  866
434  891
434  933
434  979
434  989
434  992
435  532
435  546
435  574
435  605
435  659
435  676
435  816
435  867
435  878
436  462
436  554
436  583
436  710
436  907
436  909
436  928
436  954
436  969
437  497
437  531
437  561
437  593
437  697
437  907
437  919
437  921
437  928
437  969
438  637
438  695
438  731
438  953
438  956
438  981
438  993
438  994
439  491
439  706
439  714
439  750
439  755
439  824
439  912
439  942
440  471
440  542
440  606
440  674
440  709
440  785
440  916
440  929
441  515
441  704
441  778
441  844
441  882
442  509
442  532
442  659
442  676
442  723
442  816
442  867
442  872
442  951
443  650
443  728
443  911
443  952
443  953
443  968
443  977
443  982
443  993
443  1000
444  467
444  875
444  964
444  974
444  976
444  986
445  486
445  678
445  703
445  730
445  820
445  837
445  895
445  944
445  950
446  646
446  658
446  755
446  860
446  888
446  904
446  942
447  514
447  570
447  707
447  708
447  846
447  897
447  918
447  936
447  972
447  987
447  999
448  500
448  513
448  530
448  646
448  661
448  670
448  904
448  912
448  963
449  625
449  667
449  721
449  771
449  781
449  831
449  864
449  873
449  940
449  945
449  990
450  523
450  527
450  543
450  615
450  675
450  806
450  807
450  836
450  902
450  988
450  990
451  711
451  749
451  777
451  781
451  831
451  873
451  913
451  940
451  945
451  982
452  538
452  644
452  647
452  677
452  803
452  911
452  930
452  961
452  993
452  994
452  999
452  1000
453  458
453  483
453  484
453  532
453  794
453  819
453  839
453  841
453  871
453  997
454  578
454  766
454  811
454  930
454  955
454  956
454  982
454  993
454  994
454  1000
455  538
455  647
455  748
455  926
455  952
455  993
455  994
455  998
455  1000
456  515
456  587
456  665
456  703
456  742
456  759
456  820
456  895
456  944
456  964
457  490
457  828
457  845
457  935
457  962
457  967
457  976
457  978
458  483
458  484
458  490
458  794
458  819
458  841
458  871
459  472
459  545
459  683
459  764
459  881
459  932
459  995
459  996
459  997
459  998
460  483
460  619
460  794
460  819
460  841
460  871
460  982
461  503
461  665
461  678
461  696
461  751
461  759
461  895
461  944
462  600
462  702
462  909
462  928
462  948
462  954
462  971
462  999
463  465
463  591
463  735
463  746
463  793
463  913
463  923
463  970
464  655
464  724
464  747
464  806
464  836
464  942
464  946
464  963
464  988
464  990
465  584
465  694
465  764
465  880
465  881
465  985
465  995
465  996
465  997
465  998
466  527
466  534
466  747
466  939
466  946
466  951
466  963
466  984
466  988
466  990
467  612
467  812
467  821
467  847
467  917
467  931
467  964
467  976
468  557
468  601
468  695
468  733
468  734
468  804
468  876
468  887
468  986
469  591
469  611
469  735
469  756
469  896
469  898
469  923
469  929
469  937
469  943
469  970
470  667
470  711
470  721
470  728
470  749
470  771
470  777
470  781
470  805
470  873
470  940
470  945
471  494
471  542
471  635
471  709
471  889
471  916
472  563
472  633
472  722
472  740
472  880
472  979
472  989
472  991
472  992
473  571
473  594
473  606
473  642
473  858
473  926
473  952
473  953
473  993
473  994
473  1000
474  598
474  611
474  628
474  726
474  853
474  866
474  913
474  923
474  943
474  970
475  625
475  667
475  711
475  749
475  831
475  843
475  864
475  873
475  923
475  940
475  945
476  527
476  724
476  770
476  829
476  875
476  902
476  963
476  988
476  990
477  681
477  776
477  893
477  933
477  959
477  991
477  992
478  482
478  633
478  650
478  776
478  811
478  857
478  880
478  979
478  981
478  989
478  992
479  634
479  708
479  719
479  727
479  854
479  894
479  918
479  958
479  999
480  570
480  720
480  747
480  825
480  850
480  894
480  898
480  936
480  950
480  977
480  987
480  999
481  624
481  716
481  717
481  790
481  814
481  863
481  924
481  967
481  975
481  978
482  890
482  933
482  953
482  979
482  989
482  992
483  484
483  629
483  767
483  839
483  841
483  954
484  767
484  794
484  819
484  841
484  871
485  548
485  567
485  641
485  698
485  761
485  799
485  829
485  870
485  910
486  571
486  688
486  696
486  742
486  751
486  759
486  820
486  837
486  944
487  542
487  547
487  568
487  697
487  785
487  817
487  872
487  916
488  580
488  601
488  690
488  768
488  876
488  887
489  656
489  753
489  765
489  885
489  894
489  936
489  950
489  957
489  972
489  999
490  589
490  689
490  822
490  843
490  935
490  967
490  978
491  496
491  504
491  530
491  714
491  737
491  860
491  904
491  912
491  997
492  499
492  533
492  559
492  561
492  809
492  908
492  927
492  950
492  966
492  987
492  999
493  515
493  538
493  648
493  731
493  877
493  952
493  953
493  961
493  968
493  994
494  540
494  568
494  785
494  817
494  889
494  916
494  997
495  551
495  740
495  865
495  892
495  933
495  938
495  958
495  992
496  658
496  704
496  706
496  714
496  824
496  856
496  860
496  904
496  942
496  966
497  510
497  525
497  797
497  907
497  909
497  919
497  928
497  971
498  784
498  798
498  825
498  885
498  914
498  927
498  957
498  958
498  977
498  999
499  637
499  700
499  721
499  784
499  842
499  908
499  915
499  958
499  977
499  999
500  504
500  670
500  755
500  824
500  833
500  860
500  912
500  921
500  942
501  565
501  701
501  745
501  776
501  859
501  862
501  865
501  907
501  989
501  991
501  992
502  516
502  549
502  724
502  854
502  875
502  946
502  951
502  960
502  988
502  990
503  538
503  581
503  884
503  903
503  952
503  955
503  956
503  968
503  1000
504  529
504  714
504  833
504  856
504  860
505  597
505  652
505  700
505  804
505  813
505  886
505  941
505  947
505  960
505  999
506  534
506  661
506  814
506  822
506  845
506  863
506  883
506  935
506  975
506  978
507  684
507  776
507  811
507  857
507  859
507  865
507  934
507  938
507  946
507  959
507  991
507  992
508  539
508  592
508  611
508  760
508  819
508  855
508  896
508  923
508  925
508  943
509  525
509  546
509  659
509  676
509  723
509  774
509  816
509  867
509  927
510  553
510  554
510  745
510  848
510  868
510  948
510  954
510  969
510  979
511  569
511  662
511  773
511  823
511  879
511  886
511  905
511  941
511  947
511  960
511  999
512  584
512  618
512  673
512  691
512  907
512  917
512  931
512  964
512  974
512  986
513  527
513  543
513  636
513  655
513  840
513  869
513  902
513  946
513  963
513  988
513  990
514  529
514  616
514  701
514  880
514  933
514  959
514  989
514  991
514  992
515  778
515  844
515  861
515  882
516  523
516  636
516  727
516  736
516  875
516  951
516  963
516  983
516  988
516  990
517  545
517  758
517  808
517  810
517  943
517  995
517  996
517  997
517  998
518  562
518  599
518  702
518  835
518  868
518  898
518  919
518  971
519  691
519  780
519  821
519  974
519  976
519  978
519  986
519  990
520  636
520  736
520  747
520  790
520  807
520  856
520  946
520  951
520  963
520  988
520  990
521  625
521  749
521  771
521  781
521  805
521  830
521  873
521  940
521  945
521  961
521  970
522  756
522  793
522  896
522  900
522  923
522  937
522  970
522  997
523  736
523  806
523  840
523  875
523  963
523  969
523  988
523  990
524  696
524  703
524  820
524  837
524  895
524  944
524  990
524  998
525  561
525  632
525  687
525  697
525  842
525  928
525  948
525  954
525  971
526  582
526  595
526  616
526  633
526  776
526  858
526  865
526  866
526  979
526  991
527  770
527  826
527  836
527  875
527  951
527  963
527  988
527  990
528  533
528  535
528  637
528  707
528  727
528  826
528  874
528  938
528  958
528  977
528  999
529  563
529  692
529  743
529  761
529  763
529  775
529  799
529  870
529  899
529  910
530  670
530  755
530  859
530  942
531  561
531  583
531  600
531  621
531  624
531  630
531  779
531  848
531  919
531  921
531  948
532  546
532  574
532  774
532  867
533  708
533  719
533  809
533  826
533  915
533  950
533  952
533  957
533  987
533  999
534  590
534  626
534  677
534  737
534  807
534  902
534  951
534  988
534  990
535  649
535  765
535  802
535  887
535  936
535  957
535  965
535  972
535  999
536  540
536  790
536  845
536  852
536  863
536  935
536  962
536  975
536  995
537  569
537  648
537  650
537  725
537  752
537  877
537  888
537  903
537  981
537  993
537  994
537  1000
538  951
538  953
538  955
538  961
538  968
538  994
538  1000
539  547
539  611
539  735
539  793
539  853
539  900
539  913
539  943
539  970
540  547
540  613
540  808
540  828
540  843
540  845
540  863
540  924
540  962
540  978
541  695
541  713
541  888
541  930
541  934
541  952
541  961
541  994
541  1000
542  554
542  606
542  656
542  683
542  785
542  872
542  889
543  655
543  668
543  747
543  875
543  901
543  932
543  946
543  951
543  963
543  988
543  990
544  550
544  566
544  695
544  710
544  884
544  901
544  951
544  952
544  981
544  993
545  694
545  749
545  810
545  847
545  984
545  985
545  990
545  995
545  996
545  997
546  659
546  723
546  774
546  816
546  867
547  608
547  682
547  716
547  845
547  935
547  962
547  967
547  975
548  705
548  761
548  763
548  775
548  795
548  799
548  870
548  910
549  626
549  640
549  655
549  840
549  902
549  913
549  939
549  951
549  988
549  990
550  581
550  651
550  695
550  710
550  858
550  877
550  901
550  903
550  943
550  981
550  982
550  1000
551  787
551  859
551  866
551  878
551  890
551  938
551  975
551  989
551  991
551  992
551  999
552  704
552  844
552  861
552  882
552  928
552  984
553  562
553  600
553  680
553  868
553  898
553  903
553  914
553  948
553  969
553  971
554  680
554  687
554  724
554  868
554  907
554  919
554  921
554  928
554  948
554  954
555  565
555  686
555  859
555  878
555  933
555  959
555  991
555  992
556  596
556  622
556  660
556  672
556  792
556  832
556  838
556  934
556  949
556  973
556  983
557  601
557  690
557  733
557  734
557  804
557  876
557  887
557  909
557  917
558  613
558  629
558  675
558  717
558  814
558  828
558  883
558  906
558  978
559  718
559  732
559  850
559  908
559  914
559  936
559  965
559  972
559  981
559  987
559  999
560  595
560  722
560  862
560  865
560  877
560  989
560  991
560  992
561  835
561  848
561  863
561  909
561  954
561  971
562  583
562  600
562  779
562  907
562  919
562  921
562  928
562  940
562  964
562  969
563  698
563  761
563  763
563  775
563  782
563  829
563  870
563  899
563  910
563  976
564  607
564  810
564  908
564  935
564  985
564  995
564  996
564  997
564  998
565  633
565  725
565  880
565  959
565  979
565  991
565  1000
566  665
566  710
566  731
566  752
566  888
566  911
566  956
566  981
566  982
566  993
566  994
567  641
567  692
567  698
567  743
567  761
567  795
567  799
567  870
567  899
567  905
567  910
568  629
568  683
568  709
568  754
568  817
568  872
568  916
569  773
569  813
569  879
569  905
569  925
569  941
569  947
569  960
570  637
570  687
570  720
570  784
570  800
570  918
570  936
570  966
570  977
571  650
571  731
571  837
571  952
571  953
571  961
571  968
571  981
571  982
571  994
571  1000
572  705
572  773
572  813
572  815
572  879
572  886
572  899
572  925
572  941
572  947
572  960
573  847
573  891
573  932
573  985
573  995
573  996
573  997
573  998
574  667
574  723
574  774
574  816
574  867
575  636
575  737
575  747
575  807
575  840
575  946
575  951
575  963
575  983
575  988
575  990
576  592
576  611
576  745
576  755
576  757
576  760
576  900
576  913
576  929
576  937
577  615
577  736
577  806
577  807
577  821
577  832
577  836
577  902
577  946
577  963
577  988
577  990
578  579
578  766
578  888
578  903
578  926
578  956
578  982
578  994
578  1000
579  581
579  713
579  753
579  785
579  903
579  922
579  952
579  956
579  993
579  994
580  631
580  733
580  734
580  768
580  804
580  876
580  887
581  888
581  903
581  926
581  953
581  956
581  1000
582  890
582  915
582  933
582  959
582  970
582  979
582  989
582  992
583  638
583  779
583  898
583  907
583  928
583  969
583  971
583  981
584  607
584  694
584  791
584  984
584  995
584  996
584  997
584  998
585  743
585  761
585  763
585  782
585  795
585  799
585  803
585  829
585  870
585  967
586  653
586  698
586  710
586  728
586  748
586  858
586  903
586  953
586  955
586  993
586  994
586  1000
587  678
587  759
587  820
587  837
587  895
587  919
587  944
588  614
588  758
588  801
588  810
588  892
588  984
588  985
588  995
588  997
588  998
589  613
589  635
589  645
589  668
589  852
589  906
589  935
589  965
589  978
590  640
590  755
590  806
590  840
590  875
590  946
590  988
590  990
591  726
591  756
591  757
591  855
591  900
591  923
591  929
591  937
591  943
591  970
591  998
592  598
592  601
592  726
592  746
592  757
592  793
592  896
592  929
592  937
592  964
592  970
593  604
593  669
593  684
593  866
593  893
593  979
593  989
593  991
593  992
594  803
594  901
594  930
594  968
594  981
594  993
594  994
594  1000
595  736
595  745
595  862
595  880
595  890
595  938
595  973
595  989
596  609
596  645
596  741
596  789
596  831
596  939
596  949
596  973
596  980
596  983
597  700
597  718
597  765
597  823
597  834
597  886
597  905
597  925
597  941
597  947
597  960
598  643
598  735
598  760
598  793
598  833
598  923
598  929
598  937
598  943
598  965
599  652
599  773
599  813
599  815
599  834
599  879
599  886
599  925
599  941
599  947
599  960
599  986
599  1000
600  621
600  680
600  779
600  848
600  868
600  883
600  898
600  921
600  969
601  734
601  768
601  804
601  876
602  791
602  810
602  851
602  920
602  981
602  984
602  985
602  995
602  996
602  997
602  998
603  745
603  787
603  862
603  866
603  878
603  880
603  979
603  989
603  991
604  617
604  744
604  821
604  897
604  917
604  959
604  976
604  986
605  619
605  767
605  794
605  839
605  841
605  871
605  987
606  629
606  705
606  785
606  889
607  620
607  693
607  758
607  891
607  892
607  970
607  984
607  985
607  995
607  996
607  997
608  828
608  843
608  852
608  896
608  924
608  935
608  962
608  967
608  977
608  978
609  754
609  849
609  934
609  949
609  973
609  980
609  983
610  811
610  862
610  866
610  880
610  893
610  959
610  991
610  992
611  746
611  760
611  896
611  900
611  930
611  943
611  970
611  996
612  729
612  780
612  805
612  818
612  964
612  974
612  976
612  986
613  624
613  717
613  814
613  845
613  852
613  924
613  929
613  935
614  869
614  881
614  932
614  984
614  995
614  996
614  998
615  737
615  770
615  836
615  928
615  946
615  951
615  963
615  965
615  988
615  990
616  725
616  740
616  803
616  857
616  866
616  927
616  959
616  991
617  818
617  897
617  931
617  951
617  974
617  986
617  995
618  780
618  798
618  821
618  917
618  948
618  976
618  986
619  767
619  794
619  819
619  839
619  914
619  997
620  772
620  801
620  920
620  938
620  984
620  995
620  996
620  997
620  998
621  687
621  868
621  919
621  929
621  954
621  969
621  971
621  984
622  660
622  671
622  738
622  767
622  796
622  939
622  973
622  980
622  983
623  808
623  825
623  851
623  872
623  891
623  920
623  985
623  995
623  996
623  997
623  998
624  843
624  962
624  967
624  978
625  711
625  721
625  781
625  830
625  864
625  873
625  923
625  940
625  945
626  640
626  715
626  807
626  854
626  922
626  946
626  963
626  988
626  990
627  676
627  721
627  777
627  831
627  864
627  873
627  940
627  945
627  995
628  735
628  757
628  769
628  793
628  885
628  896
628  900
628  923
628  937
628  941
628  943
629  785
629  817
629  872
629  889
629  916
630  745
630  776
630  878
630  893
630  910
630  933
630  938
630  979
630  989
630  991
630  992
631  690
631  733
631  734
631  768
631  804
631  876
631  887
631  983
631  985
632  760
632  855
632  900
632  923
632  929
632  937
632  943
632  970
633  669
633  778
633  787
633  811
633  953
633  979
633  989
633  991
633  992
634  652
634  750
634  765
634  802
634  846
634  874
634  885
634  958
634  972
634  977
634  987
634  999
635  645
635  782
635  783
635  843
635  935
635  962
635  967
635  975
636  770
636  786
636  807
636  946
636  988
636  990
637  727
637  732
637  809
637  894
637  915
637  918
637  965
637  973
637  987
638  697
638  702
638  848
638  898
638  907
638  938
638  948
638  954
638  969
639  652
639  662
639  726
639  773
639  808
639  823
639  905
639  925
639  941
639  947
639  960
640  664
640  668
640  736
640  771
640  840
640  951
640  988
640  990
641  763
641  775
641  782
641  795
641  799
641  829
641  899
641  910
641  954
641  967
642  647
642  788
642  854
642  856
642  952
642  982
642  993
642  994
642  1000
643  757
643  760
643  769
643  855
643  913
643  923
643  937
643  943
643  970
644  693
644  739
644  801
644  808
644  847
644  869
644  891
644  932
644  984
644  985
644  996
644  998
645  790
645  814
645  906
645  967
646  706
646  712
646  714
646  739
646  856
646  860
646  897
646  904
646  912
646  942
647  788
647  803
647  903
647  911
647  930
647  955
647  968
647  982
647  994
647  995
647  1000
648  677
648  680
648  728
648  731
648  752
648  797
648  803
648  952
648  956
648  994
648  1000
649  718
649  792
649  842
649  918
649  922
649  957
649  965
649  977
649  999
650  797
650  858
650  952
650  953
650  968
650  981
650  993
650  994
650  1000
651  741
651  832
651  838
651  849
651  934
651  939
651  949
651  973
651  980
651  983
652  662
652  700
652  834
652  879
652  905
652  941
652  947
652  952
652  960
653  739
653  801
653  810
653  881
653  891
653  920
653  932
653  984
653  985
653  996
653  997
653  998
654  702
654  801
654  851
654  869
654  891
654  920
654  921
654  932
654  984
654  995
654  996
654  997
654  998
655  846
655  902
655  917
655  946
655  951
655  988
655  990
656  754
656  850
656  885
656  894
656  950
656  957
656  966
656  972
656  977
656  999
657  672
657  744
657  792
657  796
657  838
657  849
657  934
657  936
657  939
657  949
657  973
657  983
658  670
658  830
658  904
658  912
658  942
659  676
659  774
659  816
659  867
660  671
660  796
660  803
660  832
660  838
660  849
660  934
660  949
660  973
660  980
660  983
661  822
661  856
661  860
661  904
661  912
661  942
662  700
662  773
662  815
662  823
662  905
662  925
662  941
662  947
662  960
662  977
662  989
663  664
663  666
663  679
663  851
663  869
663  881
663  968
663  979
663  984
663  995
663  996
663  997
663  998
664  772
664  791
664  851
664  928
664  984
664  985
664  995
664  996
664  997
664  998
665  678
665  751
665  759
665  944
666  707
666  810
666  881
666  891
666  892
666  914
666  920
666  984
666  995
666  996
666  997
666  998
667  721
667  771
667  777
667  781
667  805
667  830
667  864
667  873
667  940
667  945
668  770
668  839
668  840
668  902
668  916
668  951
668  963
668  988
668  990
669  787
669  857
669  862
669  890
669  940
669  959
669  989
669  991
670  706
670  712
670  714
670  824
670  889
670  912
670  919
671  674
671  792
671  796
671  815
671  838
671  939
671  973
671  980
671  983
671  999
672  754
672  789
672  827
672  832
672  934
672  939
672  973
672  980
672  983
673  729
673  744
673  818
673  895
673  931
673  964
673  974
673  976
673  981
673  986
674  741
674  754
674  768
674  789
674  796
674  811
674  939
674  980
674  983
675  682
675  783
675  814
675  863
675  906
675  924
675  955
675  962
675  978
676  723
676  774
676  816
676  867
677  728
677  858
677  888
677  919
677  930
677  953
677  955
677  961
677  982
677  1000
678  730
678  742
678  751
678  837
678  888
678  895
678  944
678  975
679  693
679  791
679  800
679  809
679  851
679  912
679  984
679  985
679  995
679  996
679  997
679  998
680  779
680  835
680  898
680  921
680  948
680  954
680  971
680  992
681  708
681  727
681  809
681  914
681  918
681  922
681  927
681  936
681  950
681  958
681  987
681  992
681  999
682  762
682  822
682  845
682  863
682  906
682  924
682  942
682  946
682  962
682  978
683  687
683  817
683  872
683  889
683  916
684  701
684  859
684  865
684  878
684  880
684  959
684  992
684  998
684  999
685  691
685  744
685  897
685  910
685  964
685  974
685  976
685  986
686  705
686  914
686  915
686  922
686  927
686  936
686  950
686  958
686  966
686  987
686  994
686  999
687  697
687  848
687  868
687  907
687  919
687  948
687  954
687  969
688  713
688  752
688  766
688  901
688  930
688  953
688  955
688  961
688  981
688  993
688  994
688  998
688  1000
689  717
689  883
689  906
689  924
689  945
689  962
689  967
689  975
689  978
690  733
690  734
690  775
690  788
690  876
690  887
690  999
691  759
691  798
691  800
691  893
691  931
691  974
691  976
691  986
692  698
692  746
692  761
692  763
692  775
692  782
692  799
692  899
692  910
693  856
693  891
693  892
693  971
693  984
693  985
693  995
693  996
693  998
694  877
694  881
694  891
694  985
694  993
694  995
694  996
694  997
694  998
695  766
695  788
695  877
695  981
695  994
695  1000
696  730
696  819
696  820
696  895
696  944
697  779
697  835
697  898
697  909
697  919
697  921
697  928
697  954
697  969
698  761
698  763
698  775
698  782
698  795
698  829
698  870
698  899
698  920
699  716
699  739
699  764
699  772
699  791
699  801
699  892
699  920
699  928
699  985
699  995
699  996
699  997
699  998
700  813
700  815
700  834
700  867
700  879
700  886
700  925
700  947
700  960
701  796
701  862
701  878
701  880
701  904
701  959
701  963
701  991
701  992
702  764
702  779
702  898
702  907
702  919
702  948
702  954
702  971
703  742
703  759
703  820
703  837
703  880
703  895
703  918
703  944
704  844
704  861
704  882
704  998
705  727
705  825
705  885
705  918
705  936
705  957
705  966
705  977
705  999
706  714
706  824
706  833
706  860
706  904
706  912
706  922
706  942
707  718
707  765
707  885
707  908
707  918
707  922
707  957
707  965
707  977
707  987
707  999
708  732
708  825
708  826
708  846
708  908
708  915
708  927
708  937
708  950
708  966
708  987
708  999
709  817
709  872
709  889
709  969
710  854
710  952
710  953
710  973
710  982
710  993
710  994
710  1000
711  749
711  805
711  830
711  831
711  864
711  884
711  940
711  945
711  995
712  720
712  824
712  833
712  856
712  912
712  916
712  942
713  884
713  926
713  930
713  955
713  961
713  981
713  982
713  993
713  994
713  1000
714  833
714  856
714  912
714  942
714  971
715  724
715  747
715  840
715  875
715  902
715  944
715  946
715  951
715  963
715  988
715  990
715  992
715  993
716  828
716  852
716  906
716  935
716  962
716  975
716  978
717  783
717  790
717  836
717  863
717  883
717  892
717  935
717  962
718  786
718  787
718  826
718  850
718  894
718  914
718  922
718  950
718  987
718  999
719  727
719  846
719  885
719  899
719  908
719  936
719  957
719  966
719  987
719  996
719  999
720  750
720  842
720  880
720  927
720  950
720  972
720  977
720  987
720  999
720  1000
721  749
721  771
721  777
721  830
721  864
721  873
721  940
721  945
722  725
722  857
722  878
722  890
722  933
722  959
722  979
722  981
722  989
722  991
722  992
723  774
723  816
723  867
723  992
724  747
724  807
724  836
724  875
724  902
724  946
724  951
724  988
724  990
725  745
725  890
725  893
725  933
725  938
725  979
725  987
725  989
725  991
725  992
726  746
726  753
726  756
726  760
726  769
726  853
726  896
726  900
726  913
726  923
726  929
726  937
726  943
727  786
727  793
727  802
727  922
727  958
727  972
727  977
727  987
727  999
728  766
728  797
728  855
728  952
728  955
728  961
728  968
728  993
728  994
728  1000
729  744
729  780
729  800
729  812
729  931
729  964
729  976
729  977
729  986
730  751
730  759
730  822
730  895
730  944
730  949
731  766
731  788
731  802
731  911
731  923
731  926
731  968
731  993
731  1000
732  842
732  850
732  854
732  874
732  908
732  913
732  915
732  918
732  950
732  977
732  999
733  768
733  804
733  876
733  887
733  995
734  768
734  804
734  852
734  868
734  876
734  887
734  985
735  746
735  756
735  776
735  896
735  913
735  929
735  943
736  737
736  836
736  875
736  902
736  946
736  988
736  990
737  747
737  818
737  836
737  840
737  946
737  951
737  958
737  988
737  990
738  774
738  783
738  796
738  827
738  838
738  934
738  949
738  973
738  980
738  983
739  772
739  808
739  810
739  852
739  869
739  891
739  963
739  984
739  985
739  996
739  997
739  998
740  787
740  811
740  833
740  857
740  859
740  862
740  880
740  933
740  979
740  989
741  754
741  789
741  792
741  796
741  832
741  875
741  887
741  934
741  942
741  949
741  973
741  980
741  983
742  752
742  820
742  837
742  895
742  904
742  944
743  761
743  775
743  782
743  795
743  799
743  870
743  899
743  910
744  780
744  818
744  897
744  931
744  964
744  976
744  986
744  988
745  857
745  893
745  938
745  959
745  989
745  991
745  992
746  757
746  853
746  855
746  929
746  937
746  970
747  806
747  951
747  963
747  970
747  988
747  990
748  861
748  894
748  903
748  926
748  949
748  956
748  961
748  968
748  981
748  993
748  994
748  1000
749  771
749  781
749  830
749  831
749  873
749  882
749  940
749  945
750  802
750  846
750  874
750  885
750  950
750  965
750  977
750  987
750  994
750  999
751  759
751  820
751  837
751  886
751  944
751  977
752  888
752  926
752  955
752  956
752  961
752  968
752  993
753  797
753  884
753  903
753  911
753  931
753  952
753  961
753  968
753  981
753  982
753  993
753  994
753  1000
754  792
754  934
754  939
754  949
754  973
754  980
754  983
755  833
755  860
755  904
755  912
756  769
756  900
756  902
756  923
756  929
756  937
756  970
757  853
757  896
757  900
757  913
757  923
757  929
757  970
758  801
758  869
758  892
758  920
758  949
758  984
758  996
758  997
758  998
759  820
759  837
759  865
759  895
759  944
760  793
760  838
760  853
760  855
760  913
760  919
760  953
760  970
761  782
761  795
761  899
761  908
762  790
762  814
762  843
762  852
762  881
762  883
762  906
762  924
762  935
762  962
762  970
762  975
762  978
762  1000
763  775
763  795
763  835
763  899
763  910
763  921
764  772
764  785
764  869
764  920
764  984
764  994
764  995
764  996
764  997
764  998
765  850
765  879
765  885
765  922
765  958
765  966
765  972
765  977
765  999
766  803
766  853
766  877
766  884
766  943
766  953
766  955
766  961
766  994
766  1000
767  794
767  798
767  839
767  841
767  871
768  804
768  876
768  887
769  852
769  853
769  900
769  913
769  923
769  929
769  937
769  943
769  970
770  806
770  807
770  902
770  963
770  988
770  990
770  993
770  997
770  998
771  777
771  781
771  864
771  873
771  940
771  945
771  966
772  932
772  936
772  941
772  948
772  984
772  985
772  996
772  997
772  998
773  815
773  834
773  879
773  905
773  925
773  941
773  947
773  960
773  994
774  816
774  994
775  782
775  795
775  829
775  870
775  910
775  993
776  862
776  933
776  938
776  959
776  991
776  992
777  781
777  805
777  830
777  831
777  848
777  873
777  940
777  945
778  818
778  844
778  861
778  882
779  848
779  868
779  898
779  909
779  921
779  928
779  954
779  969
779  971
779  989
780  800
780  818
780  897
780  917
780  931
780  974
780  976
780  986
780  988
780  992
781  785
781  805
781  831
781  845
781  873
781  940
781  945
782  795
782  829
782  899
782  910
782  1000
783  790
783  811
783  828
783  852
783  863
783  906
783  935
783  962
783  975
783  978
784  846
784  847
784  854
784  874
784  918
784  927
784  936
784  957
784  966
784  972
784  977
784  987
784  999
785  817
785  872
785  889
785  916
786  856
786  908
786  914
786  915
786  918
786  927
786  950
786  965
786  968
786  972
786  999
787  811
787  859
787  893
787  976
787  978
787  979
787  989
787  991
788  888
788  925
788  956
788  961
788  981
788  982
788  985
788  993
788  1000
789  790
789  792
789  806
789  827
789  832
789  876
789  934
789  939
789  949
789  973
789  980
789  983
790  814
790  822
790  867
790  906
790  935
790  975
790  978
791  828
791  847
791  881
791  892
791  920
791  985
791  990
791  995
791  996
791  997
791  998
792  832
792  939
792  949
792  960
792  973
792  980
792  983
792  990
793  814
793  853
793  855
793  929
793  937
793  943
793  970
793  987
794  819
794  839
794  841
794  871
794  962
795  799
795  829
795  891
795  910
795  987
796  827
796  838
796  849
796  934
796  980
796  983
797  858
797  888
797  901
797  917
797  930
797  953
797  961
797  980
797  981
797  982
797  993
797  994
797  1000
798  800
798  821
798  897
798  917
798  931
798  974
798  986
799  829
799  870
799  877
799  899
799  910
800  818
800  897
800  917
800  931
800  964
800  974
800  976
801  891
801  902
801  954
801  958
801  984
801  985
801  996
801  997
801  998
802  826
802  850
802  854
802  885
802  894
802  899
802  914
802  936
802  950
802  957
802  965
802  977
802  999
803  903
803  952
803  955
803  956
803  968
803  981
803  994
803  1000
804  829
804  876
804  887
804  967
805  830
805  831
805  864
805  873
805  940
805  945
805  972
806  875
806  915
806  951
806  963
806  988
806  990
807  836
807  840
807  902
807  914
807  988
807  990
808  841
808  847
808  920
808  932
808  984
808  985
808  995
808  996
808  997
808  998
809  825
809  850
809  868
809  915
809  927
809  936
809  950
809  957
809  965
809  966
809  972
809  987
809  999
810  851
810  932
810  979
810  982
810  984
810  985
810  987
810  995
810  996
810  997
810  998
811  865
811  866
811  878
811  890
811  938
811  991
812  818
812  915
812  917
812  931
812  974
812  976
812  978
812  986
813  815
813  834
813  850
813  879
813  886
813  925
813  941
813  947
813  960
814  822
814  863
814  883
814  906
814  911
814  924
814  935
814  978
815  823
815  834
815  879
815  886
815  905
815  941
815  947
815  960
816  867
816  947
817  872
817  889
817  916
817  964
817  998
818  917
818  931
818  964
818  974
818  976
818  985
818  986
819  839
819  841
819  871
819  920
820  837
820  895
820  932
820  944
820  965
821  835
821  897
821  921
821  931
821  964
821  974
821  976
821  986
822  828
822  843
822  845
822  852
822  863
822  883
822  906
822  924
822  944
822  967
822  978
823  834
823  837
823  879
823  886
823  905
823  907
823  925
823  941
823  947
823  960
823  979
824  860
824  904
824  942
824  958
824  966
824  991
825  874
825  922
825  937
825  950
825  957
825  966
825  977
825  987
825  988
825  999
826  842
826  914
826  915
826  927
826  936
826  950
826  953
826  972
826  977
826  987
826  999
827  838
827  849
827  939
827  946
827  949
827  973
827  980
827  983
828  843
828  871
828  906
828  935
828  967
828  975
828  978
829  870
829  879
829  899
829  910
829  975
830  831
830  864
830  873
830  932
830  940
830  945
831  840
831  864
831  912
831  940
831  945
832  849
832  934
832  939
832  963
832  973
832  980
832  983
833  860
833  904
833  912
833  942
833  993
834  879
834  886
834  894
834  906
834  925
834  941
834  944
834  947
834  960
835  848
835  868
835  877
835  898
835  907
835  909
835  919
835  921
835  954
835  961
835  969
835  971
836  875
836  902
836  946
836  951
836  963
836  988
836  990
837  944
838  849
838  901
838  934
838  939
838  949
838  954
838  973
838  974
838  980
838  983
839  871
839  952
839  984
840  902
840  946
840  958
840  963
840  988
840  990
841  871
841  881
841  897
842  854
842  894
842  922
842  940
842  958
842  965
842  966
842  977
842  987
842  999
843  845
843  852
843  863
843  883
843  935
843  938
843  967
843  975
843  978
844  861
844  882
844  1000
845  863
845  886
845  923
845  962
845  967
845  975
845  978
846  850
846  854
846  874
846  895
846  914
846  918
846  936
846  957
846  958
846  972
846  977
846  978
846  987
846  999
847  872
847  891
847  932
847  984
847  985
847  995
847  996
847  997
847  998
848  898
848  909
848  921
848  948
848  959
848  971
849  934
849  939
849  949
849  973
849  980
849  983
849  997
850  874
850  915
850  922
850  927
850  950
850  956
850  958
850  965
850  966
850  977
850  999
851  892
851  920
851  932
851  984
851  993
851  995
851  996
851  997
851  998
852  883
852  924
852  935
852  962
852  975
852  978
853  896
853  900
853  901
853  913
853  923
853  929
853  943
853  970
854  894
854  908
854  927
854  958
854  965
854  966
854  972
854  977
854  987
855  896
855  900
855  913
855  923
855  937
855  943
855  952
855  970
855  975
856  860
856  904
856  942
857  878
857  893
857  926
857  930
857  933
857  938
857  975
857  991
857  992
858  884
858  903
858  926
858  930
858  947
858  953
858  955
858  956
858  961
858  977
858  981
858  982
858  994
858  1000
859  865
859  866
859  871
859  878
859  893
859  905
859  933
859  938
859  959
859  971
859  991
859  992
860  904
860  912
860  942
860  988
860  997
861  882
861  964
861  996
862  865
862  890
862  938
862  969
862  979
862  989
862  991
862  992
863  883
863  904
863  924
863  962
863  967
863  978
863  999
864  873
864  888
864  902
864  940
864  945
865  878
865  880
865  893
865  938
865  943
865  989
865  991
865  992
866  878
866  890
866  893
866  933
866  953
866  959
866  984
866  988
866  989
866  991
868  907
868  921
868  948
868  954
868  963
868  969
868  971
869  892
869  920
869  972
869  984
869  985
869  995
869  996
869  997
869  998
870  899
870  910
870  940
870  982
870  989
871  920
872  889
872  916
873  940
873  945
873  976
873  989
874  894
874  908
874  914
874  915
874  920
874  936
874  950
874  957
874  958
874  965
874  980
874  983
874  989
874  999
875  946
875  951
875  957
875  986
875  988
875  990
876  887
876  986
876  996
877  903
877  926
877  955
877  968
877  981
877  982
877  993
877  994
877  1000
878  913
878  933
878  968
878  979
878  989
878  991
878  992
878  999
879  886
879  905
879  925
879  941
879  947
879  960
879  997
880  933
880  938
880  959
880  979
880  991
880  992
881  886
881  920
881  932
881  984
881  985
881  995
881  996
881  997
881  998
882  994
883  900
883  924
883  962
883  975
883  978
884  888
884  903
884  911
884  926
884  928
884  930
884  952
884  955
884  956
884  968
884  980
884  981
884  993
884  994
884  1000
885  894
885  914
885  922
885  958
885  972
885  977
885  987
885  999
886  905
886  925
886  941
886  947
886  953
886  960
888  952
888  955
888  956
888  981
888  994
888  1000
889  895
889  916
889  946
889  998
890  893
890  933
890  956
890  959
890  979
890  989
890  991
890  992
891  892
891  918
891  932
891  959
891  985
891  995
891  996
892  920
892  932
892  984
892  995
892  996
892  997
892  998
893  905
893  933
893  942
893  979
893  992
894  915
894  927
894  936
894  950
894  965
894  966
894  972
894  982
894  999
895  944
896  900
896  913
896  923
896  929
896  937
896  943
896  957
896  970
896  986
897  912
897  917
897  931
897  964
897  974
897  986
898  907
898  909
898  919
898  928
898  948
898  954
898  969
898  971
898  994
899  910
900  923
900  929
900  937
900  943
900  967
900  970
900  985
901  926
901  930
901  952
901  953
901  961
901  981
901  982
901  993
901  994
901  996
901  1000
902  951
902  963
902  988
902  990
903  911
903  952
903  953
903  956
903  968
903  980
903  981
903  982
903  993
904  942
904  968
905  925
905  941
905  947
905  960
906  935
906  967
906  973
906  975
906  978
906  992
906  999
907  919
907  921
907  954
907  969
907  971
908  911
908  914
908  915
908  922
908  944
908  957
908  958
908  965
908  972
908  977
908  987
908  999
909  919
909  921
909  928
909  948
909  954
909  969
909  971
909  988
910  951
911  924
911  926
911  930
911  952
911  953
911  955
911  956
911  968
911  971
911  981
911  982
911  993
911  994
911  998
911  1000
912  942
913  929
913  937
913  943
913  970
913  996
914  915
914  918
914  927
914  957
914  958
914  965
914  966
914  987
914  999
915  922
915  939
915  957
915  958
915  966
915  972
915  977
915  999
916  969
917  931
917  964
917  974
917  976
917  986
918  922
918  927
918  957
918  965
918  966
918  972
918  987
918  990
918  999
919  928
919  948
919  954
919  969
919  971
920  985
920  995
920  996
920  997
920  998
921  928
921  948
921  954
921  969
922  927
922  936
922  944
922  966
922  972
922  977
922  979
922  987
922  999
923  927
923  929
923  943
923  970
924  931
924  935
924  939
924  962
924  967
924  975
924  978
925  941
925  947
925  960
925  996
926  930
926  953
926  959
926  961
926  974
926  981
926  993
926  994
926  1000
927  936
927  957
927  958
927  965
927  966
927  972
927  974
927  977
927  987
927  999
928  948
928  954
928  969
928  971
929  937
929  943
929  970
929  973
929  1000
930  956
930  968
930  972
930  981
930  982
930  993
930  994
930  999
930  1000
931  933
931  942
931  964
931  974
931  976
931  986
932  985
932  995
932  996
932  997
932  998
933  938
933  954
933  955
933  959
933  979
933  986
933  989
933  991
934  939
934  971
934  973
934  980
934  983
935  962
935  975
935  978
935  979
935  1000
936  950
936  958
936  965
936  966
936  970
936  987
936  999
937  939
937  943
937  970
937  994
937  998
938  959
938  979
938  989
938  991
938  992
938  997
939  949
939  973
939  980
939  983
940  945
941  947
941  960
941  989
941  990
943  970
945  967
945  981
945  982
945  999
946  951
946  988
946  990
947  960
948  954
948  964
948  969
948  971
949  973
949  980
949  983
950  952
950  957
950  958
950  965
950  966
950  972
950  977
950  987
950  988
950  999
951  963
951  988
951  990
952  953
952  956
952  968
952  969
952  981
952  993
952  1000
953  956
953  961
953  968
953  981
953  982
953  993
953  994
953  1000
954  956
954  969
954  971
955  956
955  960
955  961
955  975
955  982
955  993
955  994
955  1000
956  961
956  981
956  982
956  988
956  993
956  994
956  1000
957  958
957  965
957  972
957  987
957  999
958  965
958  966
958  972
958  977
958  986
958  987
958  999
959  979
959  989
959  991
959  992
960  992
961  968
961  980
961  981
961  982
961  983
961  993
961  996
961  1000
962  967
962  972
962  974
962  975
962  978
962  990
963  988
963  990
964  974
964  976
964  984
964  986
965  966
965  972
965  977
965  987
965  996
965  999
966  972
966  982
966  987
966  996
966  999
967  975
967  978
967  1000
968  972
968  981
968  982
968  993
968  994
968  1000
969  971
971  994
972  977
972  987
972  999
973  980
973  983
973  987
974  976
974  986
974  987
975  978
975  983
976  986
977  980
977  987
977  999
979  989
979  991
980  983
981  982
981  993
981  994
981  1000
982  993
982  994
982  1000
984  985
984  993
984  995
984  996
984  997
984  998
985  995
985  996
985  997
985  998
986  997
987  999
988  990
989  991
989  992
989  993
989  996
991  992
991  1000
992  995
993  994
993  1000
994  1000
995  996
995  997
995  998
996  997
996  998
997  998
