1  294
1  511
1  553
1  876
1  892
1  920
1  937
1  968
1  978
2  271
2  295
2  455
2  468
2  592
2  844
2  891
2  925
2  946
3  107
3  322
3  390
3  675
3  813
3  822
3  825
3  920
3  958
4  267
4  749
4  853
4  901
4  918
4  933
4  951
4  985
4  986
5  167
5  655
5  803
5  820
5  890
5  922
5  931
5  959
5  998
6  209
6  287
6  293
6  347
6  563
6  649
6  752
6  777
6  804
7  24
7  90
7  228
7  612
7  832
7  909
7  927
7  952
7  979
8  295
8  377
8  578
8  628
8  665
8  872
8  917
8  950
8  998
9  63
9  171
9  213
9  274
9  379
9  562
9  597
9  610
9  847
10  204
10  255
10  275
10  457
10  622
10  902
10  980
10  985
10  995
11  254
11  362
11  406
11  686
11  688
11  739
11  910
11  929
11  955
12  40
12  308
12  337
12  387
12  637
12  733
12  783
12  880
12  995
13  58
13  112
13  688
13  711
13  780
13  861
13  972
13  979
13  986
14  29
14  65
14  109
14  739
14  862
14  864
14  912
14  950
14  962
15  84
15  565
15  638
15  801
15  848
15  863
15  970
15  978
15  1000
16  72
16  368
16  634
16  665
16  682
16  804
16  877
16  881
16  932
17  372
17  489
17  528
17  613
17  645
17  753
17  773
17  921
17  960
18  22
18  256
18  266
18  420
18  513
18  602
18  785
18  954
18  988
19  78
19  301
19  811
19  913
19  933
19  964
19  974
19  986
19  992
20  268
20  398
20  510
20  609
20  676
20  932
20  975
20  977
20  985
21  36
21  171
21  290
21  433
21  650
21  686
21  698
21  757
21  860
22  162
22  196
22  356
22  814
22  870
22  964
22  994
22  997
23  87
23  452
23  521
23  839
23  868
23  914
23  929
23  992
23  994
24  53
24  79
24  277
24  528
24  751
24  857
24  929
24  992
25  41
25  111
25  305
25  503
25  581
25  668
25  748
25  809
25  824
26  322
26  388
26  457
26  560
26  615
26  827
26  909
26  910
26  949
27  200
27  347
27  400
27  546
27  792
27  838
27  877
27  960
27  976
28  77
28  151
28  254
28  306
28  421
28  502
28  732
28  798
28  985
29  59
29  451
29  502
29  550
29  566
29  681
29  763
29  862
30  399
30  460
30  472
30  509
30  520
30  588
30  832
30  934
30  942
31  55
31  133
31  405
31  471
31  697
31  858
31  951
31  967
31  979
32  37
32  150
32  707
32  812
32  822
32  843
32  857
32  963
32  976
33  293
33  417
33  751
33  753
33  784
33  786
33  886
33  998
33  1000
34  64
34  297
34  312
34  354
34  644
34  691
34  876
34  897
34  988
35  118
35  162
35  436
35  442
35  617
35  779
35  968
35  969
35  998
36  87
36  302
36  647
36  725
36  726
36  914
36  944
36  981
37  390
37  532
37  805
37  891
37  958
37  976
37  981
37  998
38  145
38  330
38  482
38  551
38  627
38  676
38  744
38  940
38  984
39  333
39  425
39  447
39  601
39  805
39  847
39  864
39  865
39  946
40  49
40  56
40  234
40  487
40  778
40  885
40  919
40  928
41  62
41  261
41  681
41  739
41  782
41  890
41  927
41  957
42  93
42  229
42  486
42  630
42  686
42  707
42  923
42  972
42  997
43  147
43  231
43  535
43  600
43  714
43  867
43  874
43  893
43  954
44  45
44  94
44  618
44  620
44  710
44  711
44  778
44  851
44  953
45  168
45  189
45  336
45  670
45  721
45  902
45  925
45  953
46  154
46  264
46  521
46  701
46  711
46  871
46  947
46  965
46  982
47  298
47  450
47  506
47  527
47  535
47  739
47  811
47  855
47  987
48  162
48  315
48  537
48  547
48  668
48  674
48  772
48  860
48  907
49  110
49  230
49  303
49  413
49  559
49  750
49  873
49  937
50  163
50  349
50  481
50  509
50  537
50  590
50  700
50  989
50  1000
51  88
51  311
51  514
51  654
51  778
51  784
51  822
51  916
51  998
52  139
52  336
52  355
52  416
52  586
52  730
52  838
52  874
52  997
53  110
53  626
53  667
53  727
53  856
53  908
53  909
53  967
54  185
54  205
54  272
54  316
54  417
54  600
54  624
54  770
54  928
55  112
55  220
55  269
55  492
55  945
55  953
55  975
55  993
56  76
56  181
56  520
56  556
56  855
56  856
56  939
56  998
57  249
57  312
57  587
57  747
57  882
57  887
57  893
57  937
57  983
58  183
58  414
58  509
58  593
58  772
58  793
58  894
58  964
59  118
59  228
59  325
59  373
59  578
59  733
59  869
59  912
60  86
60  147
60  355
60  477
60  661
60  818
60  951
60  960
60  980
61  521
61  536
61  644
61  730
61  748
61  920
61  931
61  967
61  983
62  70
62  213
62  667
62  728
62  834
62  842
62  986
62  988
63  242
63  430
63  629
63  653
63  734
63  965
63  967
63  971
64  237
64  266
64  364
64  625
64  646
64  876
64  902
64  990
65  68
65  185
65  452
65  737
65  916
65  928
65  943
65  979
66  179
66  184
66  261
66  313
66  425
66  452
66  773
66  782
66  908
67  243
67  334
67  346
67  473
67  515
67  743
67  906
67  977
67  991
68  114
68  330
68  451
68  552
68  819
68  880
68  919
68  933
69  271
69  607
69  671
69  797
69  823
69  872
69  939
69  943
69  991
70  110
70  479
70  498
70  620
70  697
70  952
70  974
70  988
71  218
71  533
71  718
71  789
71  823
71  881
71  932
71  963
71  990
72  74
72  78
72  414
72  740
72  833
72  971
72  972
72  976
73  185
73  228
73  263
73  544
73  636
73  766
73  780
73  882
73  916
74  276
74  691
74  741
74  742
74  787
74  953
74  960
74  961
75  203
75  631
75  637
75  666
75  783
75  908
75  918
75  956
75  981
76  102
76  170
76  311
76  588
76  660
76  861
76  875
76  995
77  458
77  633
77  729
77  747
77  789
77  865
77  951
77  964
78  264
78  279
78  924
78  944
78  992
78  994
78  999
79  352
79  436
79  827
79  863
79  894
79  902
79  920
79  965
80  113
80  127
80  134
80  290
80  342
80  450
80  536
80  842
80  966
81  82
81  357
81  361
81  761
81  819
81  910
81  943
81  982
81  989
82  202
82  372
82  434
82  758
82  847
82  929
82  959
82  995
83  92
83  173
83  240
83  305
83  646
83  857
83  869
83  932
83  997
84  185
84  255
84  359
84  375
84  399
84  487
84  559
84  649
85  92
85  339
85  406
85  695
85  738
85  843
85  858
85  877
85  997
86  500
86  502
86  543
86  552
86  572
86  746
86  814
86  833
87  491
87  542
87  771
87  797
87  810
87  983
87  998
88  351
88  687
88  840
88  886
88  912
88  946
88  952
88  999
89  228
89  492
89  648
89  688
89  711
89  883
89  885
89  897
89  980
90  99
90  173
90  428
90  529
90  856
90  861
90  900
90  919
91  143
91  469
91  749
91  769
91  829
91  892
91  950
91  958
91  961
92  245
92  464
92  568
92  625
92  641
92  736
92  962
93  112
93  322
93  367
93  413
93  521
93  785
93  817
93  983
94  471
94  555
94  670
94  808
94  866
94  904
94  971
94  999
95  116
95  457
95  502
95  558
95  569
95  614
95  649
95  737
95  751
96  208
96  235
96  451
96  483
96  877
96  928
96  952
96  967
96  995
97  146
97  161
97  525
97  695
97  798
97  883
97  903
97  907
97  913
98  540
98  602
98  818
98  862
98  900
98  971
98  977
98  986
98  989
99  519
99  523
99  579
99  640
99  698
99  821
99  937
99  999
100  166
100  216
100  499
100  541
100  683
100  745
100  800
100  973
100  977
101  324
101  585
101  663
101  747
101  774
101  805
101  808
101  834
101  843
102  227
102  233
102  254
102  356
102  492
102  706
102  952
102  955
103  143
103  481
103  812
103  831
103  913
103  934
103  948
103  971
103  998
104  143
104  205
104  641
104  699
104  731
104  856
104  865
104  895
104  960
105  367
105  485
105  660
105  736
105  751
105  752
105  936
105  959
105  963
106  202
106  207
106  263
106  642
106  775
106  834
106  888
106  972
106  999
107  503
107  542
107  678
107  679
107  871
107  877
107  940
107  971
108  151
108  217
108  721
108  780
108  869
108  904
108  976
108  977
108  999
109  271
109  594
109  601
109  819
109  884
109  927
109  969
109  994
110  328
110  338
110  680
110  715
110  717
110  883
111  327
111  592
111  595
111  630
111  760
111  867
111  975
111  990
112  279
112  705
112  896
112  913
112  930
112  968
113  219
113  447
113  608
113  758
113  817
113  917
113  953
113  996
114  360
114  364
114  758
114  843
114  875
114  947
114  998
114  999
115  321
115  582
115  734
115  850
115  929
115  955
115  968
115  998
115  1000
116  173
116  182
116  432
116  516
116  644
116  649
116  759
116  981
117  136
117  137
117  248
117  263
117  477
117  515
117  806
117  881
117  976
118  201
118  414
118  677
118  849
118  899
118  957
118  995
119  377
119  458
119  513
119  629
119  737
119  810
119  899
119  983
119  994
120  164
120  178
120  189
120  278
120  480
120  842
120  939
120  970
120  993
121  179
121  224
121  359
121  383
121  439
121  641
121  764
121  977
121  1000
122  125
122  360
122  642
122  647
122  820
122  891
122  930
122  941
122  985
123  127
123  240
123  407
123  698
123  846
123  862
123  949
123  975
123  995
124  229
124  403
124  525
124  639
124  867
124  879
124  957
124  968
124  990
125  195
125  501
125  522
125  613
125  894
125  905
125  943
125  989
126  283
126  486
126  509
126  574
126  752
126  842
126  939
126  980
126  997
127  425
127  756
127  757
127  795
127  855
127  935
127  982
128  211
128  442
128  465
128  718
128  733
128  779
128  797
128  956
128  963
129  249
129  508
129  683
129  708
129  782
129  929
129  958
129  969
129  997
130  220
130  275
130  375
130  488
130  499
130  661
130  774
130  908
130  956
131  378
131  473
131  574
131  654
131  907
131  929
131  963
131  981
131  997
132  177
132  410
132  480
132  707
132  763
132  790
132  812
132  887
132  975
133  453
133  595
133  788
133  817
133  823
133  850
133  924
133  998
134  422
134  426
134  562
134  777
134  872
134  975
134  978
134  998
135  344
135  425
135  535
135  626
135  664
135  707
135  971
135  996
135  999
136  238
136  630
136  669
136  686
136  734
136  848
136  946
136  955
137  245
137  377
137  589
137  682
137  873
137  986
137  989
137  1000
138  191
138  216
138  813
138  856
138  923
138  935
138  964
138  977
138  995
139  220
139  221
139  493
139  626
139  689
139  793
139  821
139  924
140  376
140  469
140  501
140  506
140  801
140  822
140  901
140  933
140  998
141  148
141  367
141  428
141  447
141  517
141  548
141  572
141  639
141  928
142  537
142  671
142  690
142  770
142  811
142  915
142  942
142  996
142  999
143  531
143  566
143  589
143  727
143  921
143  992
144  344
144  514
144  642
144  942
144  957
144  977
144  985
144  986
144  994
145  530
145  559
145  649
145  793
145  884
145  894
145  915
145  988
146  265
146  366
146  512
146  582
146  807
146  886
146  971
146  975
147  159
147  303
147  442
147  456
147  596
147  824
147  886
148  261
148  278
148  362
148  363
148  429
148  474
148  805
148  844
149  313
149  327
149  336
149  671
149  678
149  723
149  909
149  912
149  997
150  577
150  671
150  804
150  844
150  893
150  912
150  962
150  989
151  186
151  269
151  437
151  510
151  534
151  543
151  823
152  243
152  360
152  392
152  660
152  753
152  858
152  922
152  938
152  982
153  181
153  293
153  328
153  362
153  478
153  694
153  794
153  803
153  994
154  295
154  369
154  409
154  575
154  628
154  657
154  787
154  904
155  169
155  417
155  426
155  674
155  700
155  763
155  932
155  937
155  988
156  230
156  401
156  444
156  473
156  648
156  691
156  875
156  983
156  992
157  218
157  501
157  709
157  738
157  827
157  898
157  920
157  943
157  979
158  275
158  633
158  814
158  829
158  928
158  930
158  942
158  994
158  998
159  235
159  501
159  568
159  764
159  792
159  981
159  983
159  991
160  260
160  307
160  309
160  361
160  665
160  715
160  858
160  957
160  958
161  458
161  539
161  712
161  727
161  773
161  781
161  928
161  945
162  761
162  806
162  841
162  872
162  893
162  988
163  349
163  441
163  445
163  754
163  886
163  930
163  941
163  999
164  187
164  212
164  332
164  430
164  838
164  859
164  928
164  995
165  327
165  546
165  678
165  803
165  820
165  854
165  872
165  874
165  998
166  298
166  376
166  382
166  485
166  590
166  856
166  963
166  996
167  232
167  475
167  572
167  648
167  726
167  753
167  788
167  859
168  238
168  310
168  369
168  787
168  878
168  993
168  998
168  1000
169  406
169  546
169  698
169  708
169  743
169  771
169  791
169  907
170  297
170  538
170  714
170  894
170  930
170  965
170  981
170  993
171  250
171  300
171  383
171  407
171  496
171  712
171  725
172  226
172  339
172  443
172  641
172  687
172  850
172  949
172  985
172  997
173  221
173  366
173  778
173  942
173  950
173  970
174  181
174  206
174  231
174  384
174  742
174  806
174  881
174  936
174  990
175  187
175  272
175  618
175  620
175  640
175  871
175  883
175  936
175  975
176  280
176  287
176  435
176  571
176  691
176  893
176  936
176  991
176  999
177  473
177  564
177  636
177  703
177  801
177  816
177  928
177  985
178  280
178  579
178  586
178  692
178  737
178  811
178  942
178  979
179  418
179  492
179  540
179  577
179  641
179  929
179  1000
180  399
180  471
180  708
180  798
180  881
180  919
180  940
180  984
180  991
181  257
181  656
181  788
181  816
181  987
181  1000
182  216
182  391
182  392
182  762
182  900
182  929
182  976
182  991
183  210
183  335
183  467
183  605
183  607
183  662
183  962
183  1000
184  188
184  284
184  713
184  750
184  817
184  961
184  998
184  1000
185  235
185  344
185  395
185  839
185  915
186  345
186  499
186  534
186  592
186  664
186  741
186  745
186  990
187  557
187  581
187  702
187  745
187  918
187  990
187  995
188  258
188  583
188  723
188  734
188  794
188  795
188  811
188  839
189  486
189  649
189  788
189  831
189  887
189  972
189  995
190  248
190  262
190  294
190  566
190  713
190  773
190  886
190  906
190  993
191  362
191  450
191  565
191  795
191  813
191  860
191  952
191  959
192  308
192  483
192  558
192  824
192  954
192  963
192  977
192  978
192  983
193  379
193  778
193  818
193  839
193  868
193  876
193  944
193  983
193  984
194  197
194  282
194  317
194  389
194  416
194  531
194  830
194  940
194  995
195  217
195  361
195  630
195  831
195  836
195  910
195  936
195  943
196  321
196  408
196  640
196  723
196  859
196  937
196  997
196  998
197  449
197  608
197  648
197  870
197  941
197  978
197  984
197  992
198  275
198  381
198  630
198  804
198  895
198  946
198  982
198  990
198  996
199  253
199  280
199  574
199  631
199  678
199  825
199  920
199  996
199  997
200  246
200  485
200  571
200  599
200  616
200  762
200  852
200  978
201  214
201  262
201  462
201  552
201  591
201  870
201  899
201  989
202  231
202  435
202  637
202  864
202  868
202  956
202  1000
203  404
203  557
203  576
203  598
203  721
203  949
203  957
203  978
203  995
204  736
204  810
204  817
204  863
204  908
204  933
204  951
204  953
204  970
205  423
205  490
205  882
205  884
205  901
205  927
205  955
205  992
206  513
206  575
206  785
206  823
206  862
206  894
206  906
206  913
206  984
207  228
207  232
207  595
207  685
207  726
207  846
207  904
207  978
207  979
208  252
208  333
208  438
208  571
208  686
208  699
208  782
208  799
208  809
209  266
209  317
209  390
209  475
209  551
209  836
209  905
209  943
209  991
210  346
210  377
210  415
210  576
210  708
210  890
210  976
210  977
210  987
211  576
211  647
211  833
211  908
211  943
211  948
211  958
211  977
211  999
212  297
212  423
212  453
212  683
212  784
212  897
212  963
212  985
212  987
213  465
213  546
213  603
213  659
213  806
213  870
213  926
213  1000
214  242
214  312
214  489
214  736
214  843
214  866
214  926
214  951
214  958
215  221
215  503
215  533
215  629
215  684
215  775
215  843
215  923
215  937
215  961
216  513
216  532
216  820
216  890
216  927
216  981
216  993
217  242
217  618
217  683
217  705
217  864
217  876
217  906
217  960
218  386
218  456
218  701
218  732
218  785
218  990
218  997
218  998
219  276
219  368
219  399
219  553
219  558
219  591
219  641
219  666
219  775
220  314
220  522
220  752
220  830
220  920
220  938
220  944
221  394
221  833
221  935
221  961
221  965
221  998
221  999
222  239
222  556
222  604
222  748
222  888
222  917
222  928
222  929
222  996
222  999
223  388
223  635
223  865
223  886
223  902
223  911
223  985
223  991
223  996
223  999
224  279
224  339
224  400
224  546
224  583
224  621
224  653
224  722
224  990
225  257
225  337
225  348
225  391
225  556
225  670
225  801
225  854
225  990
225  993
226  392
226  744
226  892
226  897
226  930
226  940
226  960
226  971
226  976
227  385
227  428
227  731
227  803
227  875
227  937
227  944
227  998
227  1000
228  379
228  400
228  410
228  488
228  730
229  479
229  513
229  538
229  665
229  694
229  883
229  919
229  990
230  277
230  279
230  591
230  852
230  854
230  903
230  941
230  996
231  769
231  814
231  842
231  920
231  961
231  993
231  998
232  398
232  405
232  635
232  645
232  940
232  941
232  972
232  976
233  391
233  421
233  562
233  581
233  827
233  857
233  879
233  881
233  915
234  504
234  507
234  600
234  607
234  609
234  785
234  811
234  863
234  967
235  514
235  600
235  713
235  770
235  814
235  893
235  998
236  245
236  400
236  422
236  456
236  496
236  625
236  828
236  843
236  972
236  977
237  444
237  763
237  800
237  805
237  821
237  840
237  845
237  944
237  964
238  289
238  446
238  552
238  783
238  861
238  878
238  980
238  995
239  435
239  446
239  688
239  736
239  964
239  979
239  989
239  990
239  994
240  730
240  732
240  784
240  846
240  851
240  878
240  953
240  962
241  351
241  395
241  411
241  482
241  651
241  694
241  706
241  720
241  758
241  938
242  297
242  344
242  480
242  565
242  846
242  917
242  953
243  418
243  687
243  793
243  812
243  836
243  881
243  947
243  989
244  377
244  790
244  809
244  860
244  877
244  922
244  929
244  939
244  957
244  974
245  295
245  497
245  828
245  957
245  974
245  991
245  997
246  446
246  490
246  683
246  694
246  778
246  842
246  919
246  951
246  964
247  424
247  517
247  600
247  795
247  868
247  892
247  927
247  960
247  993
247  994
248  333
248  527
248  653
248  718
248  796
248  825
248  956
248  999
249  549
249  657
249  837
249  862
249  901
249  932
249  951
249  993
250  397
250  439
250  506
250  603
250  656
250  696
250  729
250  868
250  942
251  287
251  326
251  518
251  591
251  706
251  746
251  814
251  839
251  845
251  965
252  275
252  421
252  570
252  720
252  776
252  836
252  869
252  950
252  963
253  267
253  294
253  596
253  598
253  625
253  716
253  736
253  959
253  968
254  307
254  431
254  562
254  596
254  776
254  928
254  974
255  286
255  370
255  405
255  636
255  651
255  701
255  798
255  832
256  304
256  486
256  496
256  510
256  532
256  742
256  859
256  902
256  969
257  479
257  728
257  758
257  866
257  904
257  985
257  987
257  1000
258  308
258  432
258  588
258  818
258  827
258  863
258  878
258  931
258  950
259  306
259  323
259  333
259  375
259  437
259  709
259  913
259  969
259  971
259  977
260  336
260  723
260  802
260  858
260  886
260  902
260  916
260  980
260  981
261  373
261  723
261  841
261  884
261  922
261  926
261  997
262  532
262  576
262  578
262  677
262  735
262  901
262  959
262  985
263  460
263  727
263  840
263  855
263  857
263  879
263  978
264  312
264  315
264  418
264  582
264  623
264  813
264  832
264  853
265  476
265  644
265  646
265  672
265  703
265  755
265  764
265  944
265  957
266  403
266  414
266  440
266  572
266  702
266  933
266  987
267  378
267  392
267  501
267  617
267  795
267  833
267  907
267  987
268  467
268  539
268  641
268  662
268  674
268  720
268  838
268  900
268  980
269  626
269  720
269  873
269  910
269  952
269  953
269  979
269  991
270  586
270  600
270  698
270  716
270  775
270  800
270  895
270  905
270  918
270  996
271  543
271  769
271  780
271  823
271  824
271  860
271  963
272  338
272  404
272  583
272  669
272  778
272  831
272  838
272  976
273  291
273  518
273  815
273  845
273  905
273  922
273  930
273  957
273  969
273  993
274  441
274  496
274  531
274  575
274  657
274  734
274  941
274  977
274  994
275  329
275  419
275  477
275  747
275  779
276  472
276  562
276  581
276  587
276  651
276  926
276  989
276  992
277  356
277  611
277  658
277  719
277  818
277  887
277  908
277  964
278  334
278  373
278  582
278  613
278  800
278  947
278  986
278  989
279  557
279  622
279  768
279  817
279  884
279  975
280  404
280  499
280  614
280  692
280  857
280  980
280  983
281  306
281  377
281  592
281  636
281  652
281  654
281  703
281  873
281  879
281  947
282  299
282  450
282  527
282  558
282  588
282  766
282  939
282  959
282  983
283  653
283  749
283  859
283  976
283  981
283  989
283  992
283  993
283  994
284  349
284  425
284  463
284  688
284  809
284  918
284  963
284  971
284  978
285  352
285  487
285  702
285  804
285  838
285  846
285  882
285  937
285  939
285  996
286  340
286  491
286  497
286  755
286  854
286  882
286  948
286  995
286  996
287  325
287  346
287  573
287  791
287  910
287  990
287  996
288  420
288  501
288  537
288  584
288  737
288  779
288  796
288  799
288  859
288  863
289  305
289  791
289  847
289  853
289  888
289  947
289  950
289  986
289  994
290  495
290  643
290  663
290  750
290  861
290  870
290  959
290  962
291  320
291  474
291  571
291  667
291  888
291  899
291  919
291  926
291  983
292  397
292  484
292  538
292  596
292  646
292  660
292  734
292  748
292  866
292  904
293  388
293  452
293  500
293  655
293  712
293  878
293  996
294  426
294  511
294  531
294  733
294  949
294  977
294  993
295  708
295  746
295  796
295  851
295  951
295  990
296  464
296  566
296  570
296  608
296  771
296  786
296  848
296  993
296  999
296  1000
297  470
297  656
297  818
297  868
297  888
297  991
298  419
298  558
298  649
298  659
298  825
298  890
298  923
298  960
299  330
299  384
299  548
299  560
299  602
299  722
299  776
299  899
299  972
300  393
300  652
300  658
300  667
300  767
300  865
300  938
300  969
300  991
301  330
301  462
301  512
301  526
301  649
301  845
301  916
301  932
301  959
302  431
302  496
302  530
302  728
302  743
302  763
302  830
302  967
302  996
303  375
303  828
303  915
303  930
303  942
303  946
303  996
303  998
304  313
304  699
304  776
304  781
304  847
304  873
304  967
304  974
304  985
305  350
305  526
305  826
305  909
305  944
305  949
305  989
306  370
306  387
306  545
306  714
306  966
306  969
306  986
307  389
307  662
307  714
307  730
307  880
307  913
307  978
307  979
308  380
308  522
308  818
308  859
308  924
308  930
308  931
309  453
309  486
309  519
309  670
309  803
309  874
309  928
309  956
309  998
310  459
310  501
310  649
310  899
310  926
310  961
310  998
310  999
310  1000
311  407
311  507
311  639
311  661
311  697
311  875
311  892
311  998
312  353
312  366
312  511
312  612
312  636
312  978
313  465
313  539
313  643
313  759
313  865
313  914
313  1000
314  322
314  398
314  448
314  475
314  759
314  796
314  871
314  921
314  992
315  463
315  467
315  547
315  562
315  620
315  827
315  976
315  996
316  514
316  745
316  817
316  863
316  908
316  912
316  919
316  964
316  980
317  370
317  405
317  469
317  658
317  872
317  898
317  940
317  976
318  378
318  415
318  525
318  589
318  632
318  642
318  715
318  825
318  851
318  912
319  422
319  488
319  513
319  655
319  848
319  887
319  911
319  913
319  988
319  989
320  367
320  429
320  839
320  848
320  878
320  881
320  885
320  921
320  963
321  433
321  681
321  755
321  775
321  817
321  839
321  896
321  998
322  394
322  498
322  760
322  899
322  922
322  983
323  442
323  487
323  588
323  624
323  920
323  939
323  976
323  992
323  995
324  511
324  564
324  652
324  783
324  818
324  860
324  931
324  967
324  997
325  397
325  483
325  558
325  623
325  797
325  903
325  912
325  940
326  348
326  477
326  523
326  877
326  936
326  952
326  972
326  981
326  989
327  419
327  670
327  861
327  873
327  891
327  902
327  997
328  579
328  708
328  790
328  861
328  916
328  933
328  945
328  998
329  335
329  485
329  552
329  618
329  725
329  878
329  917
329  955
329  999
330  697
330  701
330  876
330  897
330  933
330  995
331  482
331  608
331  692
331  717
331  794
331  829
331  857
331  923
331  952
331  988
332  352
332  526
332  568
332  762
332  852
332  937
332  962
332  981
332  990
333  563
333  703
333  770
333  898
333  969
333  998
334  811
334  837
334  880
334  889
334  899
334  925
334  949
334  993
335  615
335  685
335  732
335  771
335  898
335  899
335  932
335  941
336  629
336  681
336  779
336  856
336  968
336  983
337  418
337  641
337  678
337  699
337  700
337  824
337  857
337  931
338  543
338  555
338  746
338  756
338  822
338  829
338  943
338  953
339  430
339  742
339  772
339  815
339  948
339  967
339  995
340  516
340  616
340  716
340  821
340  887
340  931
340  964
340  965
340  994
341  419
341  710
341  741
341  819
341  883
341  888
341  892
341  946
341  996
341  997
342  380
342  551
342  694
342  721
342  725
342  727
342  924
342  928
342  974
343  378
343  511
343  585
343  609
343  628
343  754
343  806
343  813
343  895
343  966
344  357
344  638
344  890
344  964
344  982
344  992
345  480
345  685
345  749
345  784
345  822
345  840
345  844
345  846
345  935
346  351
346  414
346  504
346  518
346  896
346  915
346  999
347  432
347  517
347  611
347  661
347  792
347  793
347  970
347  980
348  384
348  633
348  729
348  730
348  790
348  831
348  897
348  970
349  524
349  674
349  742
349  862
349  907
349  964
349  977
350  552
350  565
350  573
350  598
350  790
350  801
350  955
350  970
350  979
351  477
351  650
351  712
351  917
351  966
351  968
351  999
352  485
352  701
352  841
352  970
352  973
352  982
352  994
353  387
353  391
353  455
353  627
353  714
353  725
353  763
353  833
353  984
354  540
354  617
354  644
354  667
354  746
354  769
354  906
354  977
354  980
355  441
355  475
355  528
355  637
355  732
355  911
355  953
355  967
356  437
356  480
356  558
356  796
356  938
356  988
356  990
357  438
357  575
357  702
357  853
357  946
357  978
357  988
357  995
358  491
358  534
358  535
358  611
358  648
358  707
358  713
358  768
358  984
358  994
359  372
359  654
359  674
359  808
359  853
359  898
359  933
359  944
360  647
360  657
360  753
360  872
360  968
360  982
360  991
361  376
361  652
361  666
361  696
361  765
361  834
361  853
362  393
362  402
362  484
362  508
362  602
362  633
363  373
363  474
363  548
363  564
363  574
363  576
363  636
363  744
363  991
364  487
364  750
364  768
364  872
364  874
364  896
364  918
364  963
365  397
365  601
365  656
365  668
365  911
365  918
365  928
365  943
365  971
365  976
366  622
366  625
366  739
366  786
366  796
366  830
366  952
366  988
367  621
367  723
367  787
367  878
367  882
367  994
367  1000
368  454
368  772
368  807
368  904
368  962
368  969
368  980
368  993
368  994
369  543
369  556
369  598
369  853
369  912
369  949
369  960
369  962
369  965
370  682
370  741
370  862
370  865
370  870
370  877
370  927
370  966
371  604
371  628
371  640
371  778
371  801
371  819
371  901
371  908
371  974
371  975
371  987
372  545
372  631
372  870
372  928
372  940
372  959
372  962
372  991
373  641
373  734
373  801
373  873
373  935
373  982
373  1000
374  455
374  507
374  724
374  731
374  762
374  783
374  838
374  888
374  911
374  991
374  997
375  464
375  514
375  553
375  655
375  758
375  783
375  931
376  591
376  618
376  772
376  777
376  863
376  873
376  909
376  965
377  438
377  554
377  646
377  730
377  988
378  484
378  705
378  736
378  803
378  869
378  873
378  976
379  406
379  408
379  461
379  472
379  535
379  785
379  820
379  864
380  450
380  750
380  758
380  787
380  789
380  837
380  880
380  949
380  998
381  479
381  520
381  650
381  703
381  720
381  844
381  877
381  917
381  942
381  982
382  520
382  553
382  659
382  675
382  715
382  800
382  847
382  930
382  932
382  978
383  386
383  488
383  663
383  673
383  709
383  720
383  747
383  837
383  985
384  609
384  721
384  759
384  793
384  817
384  838
384  902
384  997
385  534
385  573
385  607
385  630
385  721
385  929
385  949
385  992
385  997
385  999
386  477
386  499
386  535
386  690
386  732
386  807
386  884
386  964
386  975
387  424
387  705
387  808
387  865
387  942
387  989
387  992
387  993
388  447
388  499
388  882
388  940
388  948
388  964
388  971
388  976
389  591
389  681
389  700
389  904
389  905
389  936
389  979
389  991
389  993
390  394
390  478
390  535
390  781
390  826
390  829
390  923
390  975
391  502
391  762
391  805
391  885
391  943
391  973
391  977
392  412
392  418
392  639
392  695
392  863
392  870
392  936
393  444
393  531
393  568
393  642
393  743
393  816
393  823
393  972
393  979
394  519
394  719
394  871
394  893
394  951
394  961
394  986
394  988
395  466
395  677
395  741
395  749
395  780
395  870
395  907
395  933
395  995
396  411
396  556
396  624
396  800
396  877
396  918
396  921
396  933
396  968
396  976
396  995
397  589
397  634
397  710
397  724
397  896
397  924
397  986
398  427
398  584
398  670
398  672
398  702
398  828
398  887
398  934
399  413
399  690
399  756
399  802
399  938
399  952
399  965
400  741
400  746
400  760
400  851
400  946
400  979
400  990
401  440
401  476
401  481
401  514
401  577
401  611
401  689
401  792
401  930
401  933
402  445
402  663
402  694
402  795
402  886
402  916
402  920
402  923
402  932
402  953
403  460
403  526
403  535
403  688
403  811
403  827
403  871
403  966
403  972
404  440
404  470
404  602
404  651
404  706
404  717
404  830
404  994
405  433
405  488
405  686
405  739
405  809
405  824
405  983
406  407
406  675
406  770
406  832
406  854
406  970
406  973
407  433
407  470
407  506
407  708
407  844
407  878
407  992
408  524
408  577
408  761
408  856
408  891
408  924
408  983
408  993
408  998
409  694
409  789
409  831
409  871
409  923
409  925
409  966
409  975
409  982
409  992
410  512
410  537
410  693
410  716
410  754
410  946
410  985
410  996
410  999
411  457
411  467
411  503
411  515
411  610
411  680
411  773
411  982
411  999
412  534
412  574
412  616
412  655
412  663
412  732
412  897
412  983
412  992
412  996
413  449
413  478
413  789
413  840
413  894
413  975
413  988
413  994
414  563
414  712
414  882
414  889
414  948
414  995
415  433
415  669
415  698
415  740
415  745
415  819
415  888
415  977
415  981
416  471
416  531
416  653
416  721
416  769
416  895
416  907
416  911
416  966
417  480
417  534
417  538
417  579
417  652
417  890
417  975
417  979
418  522
418  602
418  793
418  972
418  982
418  986
419  498
419  591
419  671
419  813
419  850
419  939
419  997
420  489
420  743
420  816
420  916
420  961
420  970
420  973
420  984
420  999
421  797
421  803
421  806
421  837
421  845
421  865
421  984
421  990
422  736
422  741
422  804
422  912
422  921
422  986
422  988
422  992
423  429
423  554
423  555
423  614
423  867
423  920
423  966
423  982
423  990
424  449
424  584
424  663
424  714
424  740
424  831
424  890
424  965
424  997
425  430
425  530
425  566
425  775
425  940
425  999
426  446
426  651
426  718
426  754
426  847
426  924
426  927
426  956
427  508
427  611
427  691
427  720
427  852
427  929
427  956
427  981
427  987
427  996
428  453
428  523
428  545
428  570
428  745
428  882
428  945
428  979
429  651
429  690
429  714
429  727
429  907
429  925
429  945
429  993
430  455
430  581
430  612
430  671
430  828
430  847
430  919
431  506
431  525
431  549
431  651
431  788
431  848
431  913
431  945
431  995
432  617
432  814
432  818
432  911
432  947
432  955
432  963
432  995
433  601
433  873
433  885
433  969
433  975
433  992
434  457
434  483
434  548
434  662
434  709
434  933
434  967
434  979
434  994
434  998
435  449
435  648
435  777
435  794
435  935
435  965
435  981
435  988
436  516
436  607
436  664
436  711
436  883
436  909
436  916
436  943
436  966
437  460
437  621
437  738
437  768
437  826
437  884
437  974
437  999
438  553
438  631
438  764
438  799
438  839
438  899
438  944
438  951
439  466
439  519
439  609
439  644
439  721
439  826
439  828
439  875
439  992
440  541
440  723
440  785
440  895
440  908
440  955
440  976
440  1000
441  476
441  706
441  727
441  834
441  883
441  953
441  967
441  999
442  808
442  853
442  905
442  968
442  979
442  984
442  997
443  462
443  483
443  493
443  567
443  629
443  717
443  749
443  755
443  860
443  926
444  454
444  475
444  567
444  608
444  807
444  844
444  925
444  964
445  590
445  659
445  709
445  784
445  789
445  885
445  935
445  947
445  960
446  470
446  500
446  626
446  893
446  900
446  988
446  1000
447  537
447  542
447  862
447  924
447  992
447  993
447  996
448  529
448  544
448  758
448  789
448  858
448  862
448  875
448  902
448  946
448  965
449  847
449  897
449  902
449  904
449  943
449  986
449  996
450  524
450  676
450  780
450  907
450  934
450  950
451  493
451  676
451  759
451  836
451  918
451  939
451  943
451  977
452  483
452  529
452  771
452  803
452  866
452  939
452  950
453  628
453  656
453  673
453  696
453  827
453  870
453  994
454  503
454  535
454  573
454  712
454  781
454  801
454  855
454  994
454  998
455  483
455  553
455  645
455  699
455  834
455  871
455  875
456  495
456  706
456  724
456  881
456  923
456  927
456  966
456  980
457  643
457  671
457  752
457  870
457  882
457  959
458  461
458  491
458  564
458  815
458  888
458  930
458  937
458  996
459  534
459  545
459  552
459  662
459  721
459  801
459  804
459  985
459  990
459  1000
460  551
460  587
460  588
460  780
460  820
460  835
460  883
461  691
461  753
461  765
461  771
461  852
461  878
461  939
461  940
461  1000
462  564
462  620
462  623
462  665
462  750
462  916
462  951
462  989
463  645
463  777
463  818
463  902
463  912
463  922
463  973
463  976
463  999
464  674
464  697
464  710
464  743
464  767
464  835
464  962
464  995
465  610
465  621
465  715
465  783
465  797
465  868
465  895
465  997
466  570
466  735
466  805
466  810
466  886
466  948
466  982
466  998
466  999
467  662
467  765
467  814
467  892
467  928
467  997
467  1000
468  516
468  706
468  718
468  725
468  741
468  927
468  961
468  984
468  990
468  1000
469  509
469  790
469  817
469  849
469  964
469  974
469  979
469  1000
470  497
470  718
470  787
470  859
470  878
470  893
470  944
470  995
471  530
471  763
471  802
471  803
471  876
471  964
471  966
471  1000
472  561
472  658
472  781
472  814
472  867
472  895
472  896
472  948
472  998
473  577
473  705
473  805
473  869
473  877
473  950
473  973
473  992
474  562
474  730
474  743
474  806
474  922
474  947
474  968
474  975
474  989
475  802
475  843
475  889
475  896
475  918
475  962
475  974
476  526
476  550
476  722
476  782
476  832
476  903
476  913
476  915
476  995
477  744
477  831
477  919
477  979
477  980
477  986
478  520
478  531
478  575
478  733
478  760
478  826
478  880
478  889
478  995
479  501
479  580
479  626
479  752
479  815
479  866
479  905
479  999
480  729
480  806
480  902
480  940
480  947
480  974
481  593
481  663
481  705
481  732
481  762
481  832
481  869
481  925
481  993
482  601
482  625
482  655
482  707
482  746
482  836
482  867
482  945
482  959
483  778
483  894
483  918
483  959
483  995
484  579
484  665
484  783
484  830
484  843
484  919
484  933
484  945
484  992
485  595
485  657
485  795
485  832
485  900
485  951
485  980
486  595
486  647
486  715
486  826
486  837
486  922
486  996
487  572
487  624
487  695
487  913
487  965
487  971
487  992
488  573
488  757
488  885
488  954
488  955
488  979
488  989
489  520
489  755
489  820
489  821
489  843
489  845
489  943
489  960
489  968
490  495
490  690
490  732
490  810
490  856
490  882
490  933
490  939
490  988
490  993
491  543
491  670
491  834
491  900
491  927
491  972
491  978
491  999
492  757
492  780
492  843
492  979
492  988
492  992
492  993
492  1000
493  585
493  631
493  757
493  825
493  838
493  856
493  920
493  971
493  1000
494  528
494  529
494  558
494  809
494  838
494  931
494  935
494  947
494  949
494  950
494  952
494  987
495  512
495  521
495  575
495  609
495  639
495  668
495  830
495  933
495  995
496  581
496  721
496  904
496  905
496  959
496  975
496  982
497  559
497  597
497  662
497  864
497  878
497  897
497  934
497  978
497  999
498  523
498  554
498  632
498  699
498  799
498  803
498  840
498  890
498  983
499  587
499  657
499  810
499  881
499  890
499  923
500  537
500  634
500  815
500  840
500  848
500  898
500  916
500  977
500  1000
501  510
501  637
501  928
501  990
502  687
502  738
502  793
502  806
502  880
502  957
502  977
503  529
503  559
503  795
503  811
503  845
503  966
503  993
504  633
504  659
504  674
504  684
504  726
504  896
504  911
504  961
504  997
504  998
505  537
505  545
505  652
505  714
505  792
505  860
505  893
505  918
505  940
505  979
505  984
505  991
506  512
506  517
506  567
506  646
506  785
506  867
506  913
507  597
507  666
507  824
507  834
507  886
507  911
507  942
507  981
507  997
508  510
508  578
508  630
508  789
508  854
508  865
508  956
508  962
508  981
509  529
509  590
509  627
509  789
509  918
509  946
509  998
510  606
510  620
510  725
510  924
510  958
510  970
510  987
511  530
511  567
511  704
511  766
511  856
511  875
511  887
512  544
512  696
512  847
512  902
512  924
512  929
512  996
513  741
513  879
513  897
513  944
513  996
513  998
514  526
514  556
514  725
514  814
514  937
514  971
515  597
515  632
515  683
515  767
515  768
515  889
515  927
515  974
515  990
516  551
516  604
516  752
516  887
516  891
516  919
516  935
516  936
517  693
517  726
517  853
517  867
517  869
517  936
517  945
517  979
518  738
518  894
518  901
518  917
518  965
518  976
518  982
518  989
518  996
519  761
519  807
519  826
519  906
519  989
519  993
519  994
519  996
520  564
520  606
520  695
520  774
520  929
520  931
521  648
521  667
521  681
521  700
521  723
521  799
521  983
522  581
522  738
522  799
522  872
522  882
522  981
522  984
522  987
523  634
523  685
523  701
523  717
523  720
523  733
523  865
523  969
524  641
524  727
524  785
524  786
524  797
524  801
524  931
524  990
524  1000
525  597
525  601
525  668
525  716
525  720
525  858
525  861
525  888
526  589
526  598
526  736
526  779
526  854
526  970
527  548
527  677
527  794
527  845
527  909
527  939
527  958
527  970
527  995
528  672
528  759
528  798
528  826
528  943
528  972
528  989
528  994
529  685
529  750
529  785
529  884
529  971
529  998
530  555
530  697
530  728
530  758
530  930
530  985
530  1000
531  744
531  828
531  973
531  983
531  991
532  554
532  603
532  670
532  718
532  774
532  795
532  878
532  970
533  643
533  719
533  764
533  816
533  868
533  892
533  908
533  920
533  993
533  997
534  591
534  830
534  855
534  974
534  994
535  840
535  841
535  947
536  539
536  542
536  580
536  680
536  726
536  815
536  874
536  894
536  952
536  979
537  580
537  869
537  926
537  990
538  617
538  654
538  711
538  732
538  746
538  777
538  848
538  990
539  792
539  848
539  869
539  936
539  982
539  993
539  994
539  1000
540  548
540  638
540  754
540  824
540  857
540  893
540  958
540  986
540  994
541  564
541  623
541  799
541  800
541  813
541  904
541  910
541  914
541  944
541  983
542  576
542  689
542  737
542  839
542  855
542  944
542  983
542  999
543  597
543  604
543  759
543  779
543  935
543  997
544  594
544  603
544  622
544  662
544  820
544  839
544  937
544  968
544  999
545  675
545  724
545  862
545  865
545  914
545  960
545  965
546  719
546  753
546  921
546  975
546  990
546  998
546  1000
547  624
547  665
547  677
547  682
547  691
547  827
547  887
547  933
547  984
547  987
548  708
548  812
548  901
548  949
548  956
548  995
549  570
549  578
549  617
549  721
549  828
549  906
549  918
549  931
549  957
549  990
550  557
550  564
550  648
550  740
550  781
550  803
550  884
550  980
550  988
550  992
551  577
551  891
551  941
551  982
551  984
551  991
551  1000
552  585
552  675
552  930
552  950
552  1000
553  673
553  749
553  796
553  866
553  884
553  967
554  690
554  855
554  869
554  891
554  914
554  936
554  968
554  977
555  563
555  566
555  570
555  690
555  720
555  836
555  846
555  884
556  569
556  598
556  899
556  924
556  926
556  998
557  793
557  806
557  885
557  941
557  952
557  954
557  973
557  983
557  1000
558  792
558  800
558  829
558  843
558  963
559  677
559  685
559  704
559  934
559  941
559  946
559  970
559  980
560  601
560  682
560  704
560  832
560  887
560  917
560  939
560  940
560  960
560  970
560  972
561  613
561  629
561  704
561  729
561  885
561  898
561  910
561  941
561  956
561  978
561  987
561  995
562  752
562  795
562  798
562  876
562  893
562  998
563  715
563  751
563  764
563  781
563  941
563  961
563  964
563  980
563  999
564  584
564  631
564  782
564  984
564  991
565  571
565  597
565  612
565  621
565  631
565  878
565  891
565  895
565  1000
566  691
566  774
566  851
566  893
566  958
566  982
566  999
567  721
567  774
567  903
567  904
567  929
567  934
567  942
567  970
567  979
568  604
568  615
568  629
568  689
568  751
568  863
568  899
568  904
568  968
569  689
569  729
569  803
569  841
569  867
569  886
569  942
569  950
569  956
569  961
569  980
570  747
570  831
570  887
570  913
570  916
570  917
570  957
571  591
571  646
571  737
571  864
571  899
571  914
571  971
571  975
572  628
572  672
572  850
572  896
572  933
572  957
572  995
572  997
573  750
573  777
573  819
573  858
573  867
573  899
573  952
573  979
574  776
574  838
574  884
574  899
574  922
574  974
574  982
574  986
575  698
575  731
575  751
575  835
575  884
575  970
575  989
576  695
576  907
576  962
576  978
576  984
576  991
576  994
577  705
577  740
577  742
577  791
577  817
577  850
577  869
578  590
578  791
578  814
578  826
578  885
578  900
578  970
578  973
579  634
579  707
579  756
579  791
579  861
579  900
579  932
579  952
580  594
580  664
580  756
580  757
580  791
580  949
580  952
580  979
580  995
580  996
581  602
581  659
581  788
581  824
581  978
581  994
582  663
582  743
582  774
582  889
582  904
582  938
582  962
582  992
582  993
583  611
583  615
583  741
583  745
583  788
583  801
583  897
583  921
583  955
583  1000
584  719
584  773
584  788
584  928
584  934
584  954
584  958
584  978
584  993
585  612
585  645
585  722
585  756
585  832
585  936
585  972
585  975
585  986
586  630
586  803
586  857
586  858
586  860
586  931
586  963
586  974
586  981
586  992
587  622
587  673
587  692
587  707
587  887
587  893
587  919
587  920
587  995
588  729
588  778
588  876
588  943
588  950
588  953
588  973
589  590
589  722
589  841
589  863
589  872
589  893
589  901
589  971
590  782
590  819
590  865
590  909
590  912
590  976
590  998
591  776
591  816
591  867
591  945
592  605
592  732
592  805
592  918
592  973
592  974
592  978
592  992
592  994
593  622
593  638
593  658
593  695
593  735
593  741
593  769
593  909
593  976
593  984
593  1000
594  609
594  635
594  639
594  660
594  817
594  863
594  875
594  938
594  942
594  950
595  655
595  715
595  791
595  811
595  908
595  919
595  942
595  991
596  631
596  636
596  650
596  744
596  793
596  802
596  909
596  912
596  993
597  657
597  680
597  732
597  823
597  828
597  839
598  672
598  764
598  903
598  921
598  957
598  973
598  999
599  645
599  719
599  846
599  863
599  878
599  917
599  962
599  973
599  975
599  978
599  986
599  997
600  718
600  750
600  819
600  832
600  841
600  937
600  987
601  659
601  694
601  753
601  765
601  925
601  966
602  700
602  701
602  738
602  862
602  879
602  975
603  659
603  780
603  792
603  818
603  874
603  880
603  926
603  950
603  966
604  767
604  827
604  881
604  906
604  912
604  924
604  936
604  990
605  757
605  761
605  820
605  874
605  877
605  884
605  972
605  985
605  992
605  994
605  998
606  687
606  805
606  807
606  823
606  840
606  866
606  872
606  937
606  938
606  968
606  984
607  636
607  821
607  856
607  889
607  929
607  943
607  968
607  1000
608  660
608  671
608  722
608  736
608  759
608  890
608  962
608  992
609  646
609  670
609  761
609  914
609  934
609  1000
610  758
610  808
610  859
610  886
610  891
610  934
610  948
610  982
610  985
610  999
611  810
611  908
611  943
611  950
611  952
611  959
611  980
612  630
612  671
612  728
612  807
612  851
612  868
612  963
612  989
613  660
613  661
613  663
613  685
613  728
613  731
613  834
613  972
613  987
614  784
614  789
614  840
614  848
614  880
614  923
614  939
614  950
614  974
614  986
615  654
615  743
615  827
615  857
615  862
615  881
615  926
615  951
615  1000
616  641
616  755
616  812
616  837
616  838
616  919
616  964
616  980
616  997
616  998
617  681
617  717
617  736
617  807
617  827
617  852
617  966
617  990
618  671
618  759
618  769
618  796
618  944
618  946
618  965
618  976
618  989
619  626
619  676
619  714
619  724
619  768
619  795
619  845
619  908
619  914
619  934
619  958
619  985
619  987
619  996
620  638
620  748
620  900
620  975
620  979
620  988
620  992
620  994
621  722
621  725
621  726
621  767
621  819
621  848
621  894
621  921
621  973
622  653
622  905
622  920
622  943
622  955
622  985
622  988
622  991
623  702
623  740
623  822
623  854
623  870
623  876
623  898
623  901
623  932
623  995
624  658
624  728
624  853
624  906
624  918
624  939
624  941
624  967
624  980
625  632
625  670
625  704
625  708
625  903
625  954
625  978
625  993
626  634
626  888
626  915
626  947
626  972
626  996
626  999
627  628
627  652
627  730
627  741
627  785
627  829
627  847
627  851
627  868
627  924
627  942
628  636
628  659
628  820
628  896
628  960
628  995
628  998
629  675
629  786
629  840
629  857
629  909
629  949
629  988
630  644
630  660
630  720
630  962
630  997
631  708
631  726
631  802
631  920
631  951
631  984
632  677
632  765
632  792
632  799
632  838
632  839
632  914
632  944
632  979
632  983
633  715
633  767
633  768
633  792
633  816
633  824
633  919
633  951
633  980
634  773
634  812
634  835
634  843
634  921
634  926
634  986
634  1000
635  727
635  755
635  770
635  861
635  906
635  909
635  917
635  964
635  989
635  996
635  999
636  703
636  714
636  973
636  981
636  985
637  767
637  834
637  965
637  969
637  973
637  976
637  985
637  993
637  997
638  706
638  722
638  834
638  849
638  922
638  927
638  953
638  992
638  997
639  675
639  829
639  833
639  840
639  901
639  918
639  959
639  995
640  738
640  820
640  847
640  863
640  893
640  903
640  942
640  973
640  986
640  997
641  654
641  765
641  986
642  818
642  883
642  896
642  930
642  944
642  986
642  987
642  996
642  999
643  694
643  747
643  761
643  776
643  779
643  864
643  916
643  928
643  991
643  995
644  687
644  897
644  911
644  934
644  941
644  948
644  952
645  648
645  754
645  844
645  850
645  868
645  876
645  885
645  966
646  759
646  772
646  791
646  876
646  941
646  974
647  703
647  879
647  888
647  901
647  945
647  973
647  982
647  996
647  999
648  726
648  735
648  856
648  966
648  1000
649  735
649  751
649  960
649  976
649  980
650  665
650  727
650  765
650  787
650  845
650  891
650  912
650  923
650  951
650  983
651  757
651  781
651  784
651  791
651  803
651  936
651  978
652  705
652  724
652  849
652  851
652  912
652  976
652  995
653  689
653  881
653  936
653  943
653  963
653  984
653  987
653  991
654  667
654  679
654  713
654  742
654  786
654  895
654  922
655  720
655  790
655  819
655  846
655  870
655  945
655  989
656  764
656  775
656  783
656  786
656  799
656  832
656  898
656  981
656  987
657  661
657  671
657  834
657  879
657  887
657  895
657  920
658  793
658  848
658  856
658  864
658  938
658  986
658  991
658  997
659  835
659  966
659  995
659  998
659  999
660  772
660  802
660  814
660  883
660  953
660  985
661  864
661  873
661  905
661  907
661  911
661  969
661  980
661  996
662  761
662  771
662  824
662  926
662  947
662  959
663  710
663  744
663  834
663  962
663  967
663  998
664  681
664  735
664  746
664  772
664  782
664  824
664  828
664  941
664  973
664  990
664  991
665  671
665  679
665  819
665  834
665  846
665  861
665  967
666  801
666  818
666  855
666  868
666  886
666  911
666  921
666  931
666  949
666  997
666  999
667  701
667  737
667  836
667  914
667  940
667  944
667  958
667  983
668  724
668  728
668  742
668  801
668  808
668  839
668  865
668  877
668  945
668  969
669  824
669  849
669  850
669  851
669  856
669  911
669  922
669  932
669  973
669  980
669  997
669  1000
670  792
670  903
670  916
670  961
670  977
671  891
671  896
671  904
672  673
672  687
672  719
672  763
672  795
672  906
672  911
672  970
672  988
672  996
673  715
673  810
673  828
673  830
673  860
673  887
673  915
673  940
673  951
673  970
674  731
674  736
674  835
674  855
674  871
674  902
674  942
674  960
675  809
675  818
675  949
675  985
675  986
675  989
675  992
675  995
676  679
676  694
676  783
676  793
676  890
676  948
676  970
676  976
676  987
676  996
677  764
677  775
677  784
677  856
677  901
677  942
677  952
677  995
678  682
678  687
678  689
678  804
678  862
678  877
678  908
678  912
678  914
678  961
679  689
679  782
679  885
679  904
679  947
679  958
679  969
679  977
679  980
679  985
679  993
680  775
680  844
680  855
680  887
680  888
680  894
680  908
680  915
680  981
680  996
680  999
681  687
681  758
681  812
681  886
681  945
681  985
681  990
682  692
682  724
682  802
682  907
682  926
682  954
682  960
682  995
682  998
683  770
683  787
683  799
683  818
683  930
683  969
683  981
683  982
683  993
684  689
684  690
684  747
684  771
684  797
684  832
684  861
684  874
684  924
684  926
684  942
684  961
684  994
685  706
685  756
685  842
685  855
685  859
685  913
685  945
685  974
686  813
686  836
686  853
686  860
686  867
686  907
686  957
686  989
686  997
687  769
687  782
687  796
687  800
687  879
687  906
688  740
688  784
688  817
688  880
688  889
688  925
688  954
688  966
688  987
689  709
689  738
689  863
689  907
689  965
689  983
690  702
690  720
690  768
690  774
690  780
690  845
690  966
691  766
691  782
691  847
691  864
691  873
691  960
691  991
692  722
692  776
692  797
692  813
692  866
692  885
692  913
692  941
692  945
692  981
693  711
693  736
693  749
693  772
693  808
693  812
693  904
693  924
693  950
693  953
693  965
693  989
693  994
694  829
694  837
694  867
694  891
694  999
695  719
695  739
695  768
695  821
695  929
695  953
695  985
695  991
696  700
696  785
696  808
696  847
696  859
696  896
696  933
696  950
696  960
696  975
696  989
697  703
697  731
697  767
697  770
697  777
697  858
697  960
697  999
697  1000
698  711
698  765
698  773
698  908
698  983
698  989
698  990
698  992
699  797
699  839
699  846
699  873
699  899
699  914
699  941
699  944
699  983
699  996
700  822
700  824
700  825
700  847
700  860
700  932
700  996
700  997
700  999
701  774
701  798
701  826
701  897
701  951
701  970
701  972
701  990
702  723
702  780
702  806
702  819
702  835
702  916
702  917
702  971
702  995
703  735
703  745
703  753
703  872
703  933
703  958
703  985
703  993
704  714
704  771
704  798
704  801
704  828
704  849
704  873
704  903
704  940
704  986
704  987
705  798
705  804
705  860
705  898
705  956
705  966
705  972
705  998
706  711
706  737
706  757
706  758
706  770
706  901
706  915
707  709
707  838
707  909
707  910
707  911
707  931
707  988
707  999
708  743
708  832
708  872
708  956
708  965
708  991
709  769
709  802
709  831
709  894
709  920
709  938
709  974
709  984
709  999
710  716
710  775
710  798
710  817
710  860
710  870
710  905
710  948
710  960
710  991
710  999
711  726
711  753
711  776
711  867
711  883
711  895
711  981
712  723
712  734
712  755
712  797
712  874
712  895
712  955
712  975
712  985
712  993
713  753
713  776
713  797
713  801
713  830
713  841
713  895
713  924
713  926
713  937
713  1000
714  798
714  822
714  966
714  972
714  977
715  747
715  788
715  863
715  908
715  982
715  986
716  718
716  941
716  956
716  961
716  968
716  973
716  982
716  987
716  996
716  999
717  744
717  756
717  791
717  829
717  883
717  937
717  939
717  988
717  994
717  997
718  890
718  909
718  923
718  985
718  987
718  993
718  998
719  805
719  807
719  858
719  897
719  942
719  943
719  970
719  973
720  852
720  983
720  995
721  765
721  898
721  900
721  950
722  730
722  783
722  832
722  833
722  903
722  933
722  954
723  797
723  889
723  926
723  993
723  994
723  1000
724  736
724  810
724  862
724  879
724  896
724  936
724  983
724  988
725  781
725  799
725  833
725  964
725  977
725  993
725  997
726  756
726  791
726  833
726  914
726  989
726  1000
727  755
727  794
727  839
727  891
727  916
727  995
728  748
728  830
728  853
728  925
728  949
728  975
728  984
728  998
729  829
729  919
729  926
729  933
729  937
729  961
729  987
729  993
729  1000
730  758
730  777
730  824
730  902
730  940
730  967
731  752
731  830
731  831
731  843
731  883
731  923
731  961
731  967
731  998
732  827
732  957
732  991
732  995
733  757
733  772
733  901
733  905
733  974
733  977
733  978
733  985
733  988
733  993
734  742
734  821
734  848
734  897
734  919
734  938
734  955
734  996
735  793
735  847
735  915
735  921
735  930
735  942
735  946
735  996
735  999
736  953
736  959
737  760
737  868
737  893
737  899
737  942
737  983
737  994
738  763
738  768
738  805
738  873
738  935
738  949
738  975
739  749
739  807
739  844
739  856
739  894
739  925
739  932
739  965
739  997
740  744
740  785
740  866
740  892
740  927
740  954
740  969
740  981
740  983
740  985
741  833
741  879
741  927
741  990
741  1000
742  859
742  960
742  962
742  971
742  976
742  980
742  984
742  990
743  757
743  766
743  861
743  954
743  968
743  985
743  991
744  851
744  863
744  895
744  920
744  923
744  982
744  984
744  989
745  845
745  849
745  855
745  869
745  884
745  949
745  956
745  977
745  985
746  816
746  825
746  874
746  879
746  903
746  956
746  992
746  1000
747  908
747  911
747  924
747  951
747  958
747  959
747  975
747  997
748  764
748  796
748  826
748  846
748  882
748  905
748  912
748  953
748  965
748  972
748  975
749  760
749  766
749  813
749  820
749  822
749  890
749  984
749  997
750  751
750  797
750  831
750  851
750  858
750  875
750  968
750  998
751  754
751  799
751  810
751  842
751  890
751  908
751  958
751  959
752  759
752  778
752  878
752  919
752  948
752  951
752  964
752  965
753  786
753  798
753  921
753  947
753  962
753  997
754  780
754  801
754  802
754  876
754  879
754  903
754  941
754  954
754  972
754  998
755  770
755  774
755  880
755  917
755  930
755  948
755  996
755  999
756  760
756  833
756  892
756  925
756  932
756  946
756  952
756  991
757  787
757  913
757  936
757  947
757  955
757  967
758  772
758  887
758  939
758  965
759  761
759  762
759  809
759  846
759  934
759  972
760  769
760  800
760  929
760  939
760  948
760  949
760  963
760  971
760  997
760  999
761  799
761  819
761  846
761  906
761  922
761  932
761  980
761  994
762  806
762  848
762  880
762  890
762  900
762  930
762  949
762  952
762  955
762  978
763  819
763  893
763  930
763  931
763  934
763  977
763  986
763  989
764  816
764  828
764  849
764  962
764  969
764  981
764  993
765  835
765  840
765  844
765  883
765  885
765  935
765  939
765  966
766  780
766  865
766  870
766  882
766  914
766  918
766  934
766  939
766  960
766  986
766  995
767  776
767  782
767  806
767  812
767  863
767  927
767  928
767  957
767  977
768  859
768  891
768  910
768  922
768  928
768  989
768  993
769  806
769  812
769  888
769  911
769  984
769  986
769  990
770  868
770  884
770  905
770  979
770  982
770  996
770  999
771  786
771  857
771  859
771  882
771  903
771  926
771  956
771  1000
772  858
772  886
772  902
772  935
772  955
772  998
773  794
773  821
773  862
773  895
773  921
773  927
773  932
773  962
773  1000
774  787
774  799
774  805
774  835
774  845
774  891
774  997
775  872
775  899
775  922
775  968
775  982
775  996
775  999
776  861
776  885
776  948
776  952
776  963
776  979
776  981
777  802
777  807
777  833
777  871
777  920
777  925
777  935
777  962
777  1000
778  850
778  924
778  934
778  950
778  957
778  995
778  998
779  788
779  808
779  863
779  872
779  895
779  943
779  968
779  972
779  984
779  993
780  787
780  822
780  840
780  849
780  891
781  833
781  868
781  892
781  942
781  957
781  958
781  977
781  981
781  983
782  802
782  813
782  841
782  862
782  906
782  957
783  917
783  958
783  970
783  975
783  987
783  993
783  994
784  810
784  835
784  880
784  891
784  923
784  941
784  974
784  991
785  811
785  813
785  874
785  892
785  918
786  808
786  864
786  938
786  939
786  959
786  976
786  995
786  996
786  1000
787  844
787  878
787  889
787  917
787  935
787  984
787  992
788  790
788  840
788  904
788  909
788  974
788  988
788  989
788  994
789  794
789  809
789  825
789  840
789  870
789  892
789  917
789  923
790  847
790  879
790  920
790  944
790  953
790  986
790  988
790  989
790  991
790  997
791  831
791  851
791  867
791  909
791  946
791  1000
792  802
792  826
792  851
792  864
792  869
792  940
792  992
793  861
793  894
793  930
793  945
793  948
794  806
794  844
794  849
794  889
794  892
794  895
794  965
794  966
794  967
794  998
795  824
795  852
795  889
795  928
795  981
795  995
796  809
796  837
796  843
796  860
796  923
796  960
796  965
796  985
797  955
797  973
797  975
797  1000
798  885
798  943
798  954
798  970
798  986
798  990
799  875
799  925
799  944
799  983
799  1000
800  813
800  893
800  896
800  905
800  910
800  911
800  932
800  935
800  953
801  820
801  852
801  1000
802  807
802  830
802  927
802  929
802  960
802  966
803  875
803  977
803  991
803  998
803  999
804  815
804  821
804  823
804  851
804  864
804  892
804  908
804  938
804  940
804  960
805  849
805  897
805  923
805  925
805  935
805  989
806  812
806  827
806  882
806  996
807  823
807  852
807  858
807  862
807  902
807  922
807  944
808  845
808  846
808  853
808  885
808  890
808  924
808  967
808  999
809  822
809  837
809  848
809  856
809  929
809  958
809  994
809  997
809  1000
810  816
810  864
810  888
810  913
810  951
810  964
810  980
810  990
811  844
811  880
811  923
811  933
811  934
811  951
811  988
811  995
812  827
812  841
812  879
812  896
812  969
812  981
812  990
813  878
813  885
813  894
813  911
813  921
813  997
814  820
814  857
814  875
814  907
814  915
814  950
814  999
815  820
815  872
815  886
815  894
815  896
815  898
815  943
815  946
815  947
815  982
815  999
815  1000
816  840
816  866
816  877
816  894
816  919
816  957
816  969
816  985
816  987
817  942
817  987
817  992
817  997
817  998
818  838
818  846
818  879
818  880
818  997
819  860
819  865
819  986
819  993
819  994
820  874
820  923
820  953
820  956
820  961
821  836
821  877
821  883
821  907
821  920
821  936
821  968
821  976
821  984
821  990
822  861
822  910
822  931
822  971
822  973
822  992
822  997
822  1000
823  857
823  879
823  906
823  923
823  927
823  931
823  969
823  979
823  996
824  857
824  859
824  926
824  967
825  828
825  850
825  851
825  875
825  888
825  889
825  909
825  931
825  949
825  982
825  988
826  853
826  854
826  898
826  932
826  934
826  949
826  973
826  1000
827  841
827  943
827  949
827  990
827  998
828  832
828  841
828  927
828  956
828  957
828  989
829  847
829  850
829  874
829  924
829  951
829  961
829  968
829  978
829  998
830  842
830  871
830  902
830  974
830  980
830  983
830  987
831  836
831  875
831  883
831  945
831  954
831  971
831  979
832  852
832  960
832  978
832  980
833  868
833  922
833  958
833  974
833  987
833  993
834  889
834  923
834  933
834  938
834  962
834  971
835  849
835  855
835  925
835  934
835  936
835  946
835  979
835  985
835  986
835  999
836  848
836  858
836  870
836  883
836  936
836  952
836  984
836  995
836  996
837  842
837  865
837  876
837  896
837  908
837  919
837  939
837  962
837  980
837  982
837  989
838  854
838  880
838  929
838  966
838  973
838  997
839  852
839  914
839  944
839  983
839  990
839  998
840  849
840  901
840  968
840  991
841  881
841  906
841  950
841  957
841  972
841  973
841  988
841  990
841  997
842  896
842  897
842  912
842  916
842  919
842  925
842  957
842  964
842  969
842  971
842  980
843  859
843  866
843  904
843  938
843  974
843  992
844  895
844  923
844  942
844  969
844  991
844  992
844  995
845  855
845  867
845  869
845  889
845  935
845  970
845  995
846  871
846  902
846  904
846  926
846  956
847  922
847  941
847  985
848  871
848  916
848  927
848  955
848  988
849  880
849  891
849  925
849  937
849  966
849  980
849  983
849  988
850  860
850  905
850  911
850  932
850  955
850  974
850  992
850  995
850  997
850  998
851  865
851  868
851  917
851  940
851  971
852  885
852  898
852  970
852  972
852  973
852  974
852  980
852  988
852  994
853  919
853  937
853  953
853  967
853  985
853  987
853  990
854  857
854  862
854  884
854  910
854  931
854  941
854  967
854  978
854  989
854  993
854  1000
855  915
855  925
855  935
855  973
855  976
855  981
855  987
856  857
856  893
856  900
856  929
857  912
857  932
857  941
857  968
858  938
858  965
858  974
858  978
858  986
858  993
858  999
859  873
859  903
859  947
859  980
859  986
859  992
860  874
860  909
860  921
860  963
860  981
861  883
861  927
861  936
861  955
861  962
861  986
862  971
862  975
862  1000
863  936
863  948
863  991
864  869
864  889
864  903
864  934
864  948
864  971
864  976
865  935
865  950
865  976
865  999
866  873
866  882
866  905
866  949
866  956
866  969
866  977
866  985
866  987
866  993
867  901
867  913
867  950
867  952
867  979
867  990
868  890
868  955
868  987
868  988
868  993
869  910
869  919
869  945
869  971
869  988
869  989
869  994
870  928
870  945
870  956
870  980
870  995
870  1000
871  881
871  884
871  902
871  927
871  930
871  953
871  982
871  990
871  992
871  994
872  884
872  894
872  906
872  920
872  945
872  961
872  974
873  918
873  931
873  981
873  989
873  992
873  994
874  911
874  961
874  962
874  967
874  970
874  975
874  986
874  993
875  907
875  910
875  924
875  937
875  957
875  980
875  1000
876  877
876  879
876  885
876  921
876  937
876  938
876  954
876  973
876  975
877  955
877  967
877  971
877  976
877  981
877  982
878  910
878  952
878  986
878  990
878  1000
879  888
879  907
879  927
879  971
879  974
880  887
880  904
880  916
880  920
880  951
880  982
881  906
881  923
881  936
881  937
881  947
881  957
881  994
881  998
882  894
882  915
882  939
882  963
882  968
882  995
883  948
883  950
883  984
883  997
884  913
884  945
884  975
884  992
884  994
885  901
885  972
885  973
885  999
886  896
886  913
886  915
886  917
886  970
886  996
886  999
887  913
887  980
887  983
887  989
887  992
887  996
888  905
888  947
888  948
888  949
888  961
888  966
888  996
889  925
889  932
889  935
889  955
889  966
889  976
889  988
889  991
890  910
890  956
890  958
890  968
890  979
890  993
891  903
891  935
891  965
891  987
891  994
892  903
892  956
892  964
892  969
892  981
892  984
892  987
892  992
892  993
893  964
893  965
893  970
893  992
894  938
894  964
894  978
894  991
895  906
895  921
895  969
895  979
895  1000
896  903
896  942
896  950
896  961
897  908
897  929
897  972
897  973
897  977
897  978
897  996
898  900
898  918
898  921
898  934
898  941
898  951
898  954
898  973
898  978
898  997
899  914
899  944
899  979
899  983
899  992
899  998
899  1000
900  912
900  914
900  921
900  941
900  954
900  959
900  965
900  972
900  978
900  980
900  998
901  905
901  916
901  953
901  959
901  971
901  995
901  997
902  945
902  978
902  984
902  993
903  904
903  914
903  931
903  941
903  955
903  959
904  908
904  962
904  981
905  910
905  948
905  958
905  982
905  996
905  999
906  926
906  952
906  958
906  961
906  990
906  996
907  938
907  954
907  968
907  974
907  984
907  991
908  913
908  964
909  910
909  932
909  936
909  957
909  962
909  990
909  997
910  918
910  929
910  931
910  932
910  963
910  978
910  987
911  949
911  960
911  982
911  989
911  998
912  930
912  960
912  963
912  969
912  994
913  936
913  967
913  977
913  1000
914  939
914  968
914  980
914  982
914  983
914  999
914  1000
915  919
915  946
915  982
915  985
915  986
915  988
915  994
915  995
915  996
915  999
916  928
916  933
916  936
916  941
916  969
916  995
917  948
917  958
917  972
917  982
917  987
917  996
917  999
918  939
918  959
918  995
918  997
918  1000
919  932
919  1000
920  927
920  991
920  998
921  926
921  974
921  986
921  994
921  996
921  1000
922  925
922  954
922  963
922  974
922  978
922  980
922  989
922  994
923  932
923  1000
924  937
924  958
924  987
924  991
924  998
925  959
925  968
925  969
925  972
925  989
925  993
926  955
926  972
926  992
926  999
927  957
927  989
928  959
928  994
928  995
929  935
929  963
929  997
930  948
930  982
930  992
930  996
930  999
931  954
931  958
931  963
931  971
931  1000
932  997
933  991
933  994
933  995
934  944
934  951
934  963
934  973
934  974
934  984
934  996
935  952
935  964
935  971
935  994
935  997
935  1000
936  961
936  965
937  942
937  962
937  976
937  988
937  998
938  943
938  945
938  968
938  972
938  984
938  988
938  991
938  993
938  997
939  959
939  995
940  949
940  960
940  971
940  976
940  989
940  990
940  996
941  987
942  996
943  966
943  984
944  959
944  973
944  983
944  993
945  961
945  969
945  970
945  979
945  988
946  948
946  973
946  975
946  978
946  982
946  990
946  994
946  996
946  999
947  963
947  972
947  974
947  979
947  986
947  988
947  989
947  992
948  968
948  979
948  982
948  996
948  999
949  963
949  983
950  953
950  998
951  964
951  979
951  999
952  959
952  966
952  998
953  960
953  961
953  984
953  999
954  957
954  959
954  961
954  968
954  970
954  972
954  978
954  979
954  986
954  992
955  979
955  983
955  989
955  998
955  1000
956  966
956  973
956  975
956  981
956  983
956  987
956  993
957  966
957  990
957  996
958  961
958  977
958  985
958  993
958  998
959  963
959  983
959  995
960  971
960  976
961  967
961  982
961  991
962  965
962  977
962  980
963  971
963  992
963  997
963  1000
964  977
964  980
964  991
964  994
965  967
965  984
965  991
966  972
966  986
967  975
967  984
967  985
967  987
967  994
967  996
968  978
968  991
969  981
969  983
969  984
969  985
969  987
969  991
970  978
970  984
970  985
970  987
970  1000
971  998
972  973
972  978
973  988
973  996
974  975
974  981
974  988
974  992
975  989
975  994
975  998
976  987
976  991
976  994
977  981
977  987
977  988
977  1000
978  981
978  991
978  997
980  984
981  985
981  991
981  993
981  994
981  1000
982  984
982  996
982  998
982  999
983  989
983  1000
984  991
984  995
984  996
984  998
984  999
985  987
985  993
985  995
985  997
986  991
986  992
986  994
986  997
986  999
987  988
987  993
987  998
987  999
988  990
988  992
988  994
988  996
988  999
989  990
989  992
990  994
990  995
990  1000
991  993
991  995
991  999
992  996
993  997
995  997
997  1000
998  1000
999  1000
