1  462
1  484
1  667
1  766
1  812
1  897
1  900
1  975
1  985
2  25
2  397
2  775
2  806
2  967
2  979
2  988
2  998
2  999
3  241
3  510
3  666
3  774
3  807
3  813
3  820
3  913
3  998
4  191
4  389
4  492
4  645
4  957
4  965
4  969
4  989
4  1000
5  419
5  462
5  478
5  534
5  728
5  757
5  870
5  971
5  985
6  273
6  278
6  464
6  749
6  821
6  914
6  920
6  963
6  989
7  134
7  378
7  658
7  738
7  866
7  924
7  963
7  974
7  983
8  197
8  397
8  569
8  812
8  866
8  952
8  971
8  980
8  985
9  170
9  219
9  254
9  555
9  670
9  733
9  766
9  992
9  993
10  49
10  72
10  144
10  283
10  325
10  341
10  348
10  929
10  971
11  62
11  491
11  860
11  919
11  938
11  947
11  966
11  982
11  995
12  342
12  395
12  545
12  680
12  761
12  806
12  949
12  971
12  980
13  49
13  143
13  283
13  588
13  703
13  736
13  940
13  968
13  993
14  160
14  276
14  283
14  541
14  830
14  885
14  917
14  955
14  988
15  311
15  467
15  550
15  706
15  833
15  915
15  923
15  930
15  966
16  145
16  150
16  242
16  552
16  712
16  829
16  881
16  936
16  938
17  242
17  471
17  504
17  589
17  673
17  730
17  796
17  868
17  956
18  331
18  336
18  470
18  748
18  801
18  860
18  965
18  989
18  1000
19  129
19  134
19  672
19  727
19  847
19  865
19  935
19  950
19  975
20  225
20  528
20  658
20  662
20  687
20  877
20  889
20  966
20  983
21  135
21  423
21  733
21  888
21  917
21  927
21  928
21  967
21  981
22  62
22  545
22  584
22  822
22  935
22  948
22  994
22  996
22  998
23  202
23  211
23  267
23  333
23  546
23  645
23  657
23  809
23  874
24  265
24  304
24  420
24  448
24  513
24  686
24  899
24  924
24  952
25  176
25  223
25  332
25  955
25  969
25  979
25  981
25  988
26  231
26  251
26  279
26  532
26  785
26  851
26  916
26  927
26  928
27  274
27  342
27  402
27  552
27  560
27  659
27  910
27  972
27  975
28  168
28  675
28  698
28  728
28  731
28  827
28  941
28  970
28  998
29  382
29  675
29  740
29  761
29  809
29  843
29  919
29  958
29  961
30  52
30  61
30  272
30  312
30  709
30  781
30  787
30  943
30  961
31  334
31  564
31  748
31  806
31  817
31  859
31  860
31  959
31  987
32  409
32  774
32  824
32  836
32  844
32  857
32  872
32  896
32  911
33  595
33  613
33  737
33  750
33  896
33  933
33  965
33  989
33  1000
34  109
34  146
34  279
34  513
34  646
34  832
34  958
34  961
34  968
35  186
35  477
35  552
35  628
35  825
35  826
35  827
35  868
35  936
36  227
36  443
36  593
36  607
36  768
36  916
36  927
36  928
36  974
37  265
37  530
37  708
37  744
37  815
37  944
37  960
37  979
37  986
38  100
38  218
38  459
38  754
38  821
38  855
38  914
38  942
38  987
39  240
39  404
39  431
39  759
39  960
39  984
39  991
39  993
39  997
40  60
40  552
40  741
40  819
40  844
40  857
40  882
40  911
40  965
41  190
41  525
41  659
41  668
41  693
41  788
41  853
41  926
41  972
42  58
42  69
42  646
42  762
42  818
42  850
42  906
42  946
42  975
43  295
43  371
43  642
43  696
43  793
43  848
43  924
43  933
43  990
44  323
44  376
44  530
44  569
44  672
44  815
44  962
44  986
44  991
45  550
45  845
45  904
45  906
45  930
45  940
45  946
45  950
45  975
46  283
46  345
46  378
46  379
46  451
46  576
46  694
46  748
46  794
47  196
47  439
47  464
47  603
47  697
47  954
47  965
47  966
47  1000
48  65
48  82
48  166
48  485
48  576
48  639
48  816
48  826
48  856
49  84
49  282
49  348
49  453
49  830
49  968
49  985
50  196
50  310
50  518
50  563
50  782
50  873
50  892
50  970
50  995
51  162
51  209
51  388
51  500
51  590
51  703
51  773
51  968
51  985
52  147
52  293
52  544
52  565
52  673
52  740
52  781
52  983
53  322
53  349
53  355
53  719
53  768
53  919
53  947
53  966
53  995
54  101
54  187
54  202
54  408
54  482
54  615
54  652
54  914
54  966
55  120
55  156
55  887
55  956
55  970
55  978
55  990
55  991
55  997
56  167
56  244
56  284
56  441
56  473
56  794
56  801
56  942
56  948
57  68
57  230
57  246
57  357
57  358
57  418
57  624
57  964
57  974
58  297
58  358
58  895
58  962
58  972
58  976
58  994
58  999
59  198
59  519
59  630
59  632
59  783
59  802
59  854
59  964
59  971
60  98
60  368
60  409
60  844
60  857
60  911
60  912
60  918
61  208
61  361
61  589
61  629
61  725
61  730
61  808
61  979
62  609
62  776
62  890
62  927
62  990
62  991
62  997
63  435
63  760
63  799
63  814
63  905
63  910
63  914
63  963
63  986
64  518
64  570
64  830
64  880
64  917
64  934
64  967
64  979
64  988
65  373
65  450
65  560
65  878
65  903
65  910
65  959
65  972
66  343
66  349
66  428
66  527
66  660
66  904
66  946
66  950
66  975
67  120
67  229
67  272
67  309
67  361
67  720
67  726
67  796
67  814
68  267
68  357
68  418
68  622
68  661
68  854
68  964
68  995
69  509
69  610
69  641
69  813
69  943
69  982
69  992
69  993
70  122
70  187
70  333
70  372
70  516
70  615
70  671
70  838
70  958
71  329
71  337
71  677
71  805
71  849
71  864
71  902
71  962
71  969
72  231
72  664
72  764
72  770
72  823
72  923
72  930
72  997
73  436
73  520
73  686
73  805
73  838
73  852
73  899
73  932
73  952
74  292
74  525
74  562
74  586
74  797
74  799
74  924
74  951
74  983
75  269
75  355
75  720
75  883
75  947
75  966
75  984
75  987
75  998
76  80
76  393
76  677
76  742
76  805
76  867
76  930
76  952
76  991
77  128
77  205
77  230
77  633
77  727
77  767
77  941
77  992
77  993
78  261
78  582
78  742
78  751
78  865
78  941
78  996
78  998
78  999
79  577
79  738
79  917
79  924
79  926
79  932
79  933
79  983
79  995
80  146
80  167
80  267
80  417
80  596
80  654
80  849
80  861
81  276
81  626
81  708
81  771
81  790
81  941
81  977
81  994
81  996
82  84
82  477
82  618
82  657
82  712
82  739
82  753
82  936
83  492
83  496
83  501
83  898
83  941
83  956
83  976
83  977
83  999
84  351
84  442
84  552
84  589
84  936
84  938
84  952
85  267
85  292
85  300
85  408
85  663
85  757
85  838
85  900
85  980
86  393
86  568
86  857
86  898
86  912
86  921
86  994
86  996
86  999
87  127
87  359
87  561
87  615
87  630
87  962
87  969
87  989
87  1000
88  134
88  171
88  238
88  469
88  705
88  818
88  946
88  950
88  975
89  161
89  519
89  550
89  575
89  847
89  894
89  906
89  946
89  975
90  404
90  573
90  760
90  921
90  978
90  984
90  991
90  993
90  997
91  157
91  221
91  303
91  416
91  478
91  640
91  739
91  855
91  1000
92  230
92  314
92  408
92  476
92  539
92  547
92  624
92  783
92  964
93  226
93  574
93  579
93  658
93  766
93  924
93  933
93  974
93  983
94  165
94  243
94  416
94  583
94  874
94  970
94  984
94  991
94  997
95  193
95  288
95  333
95  536
95  699
95  831
95  905
95  992
95  993
96  766
96  783
96  871
96  888
96  917
96  949
96  980
96  981
96  988
97  266
97  315
97  464
97  475
97  691
97  715
97  760
97  979
97  986
98  118
98  265
98  419
98  805
98  836
98  896
98  911
98  946
99  115
99  410
99  528
99  546
99  683
99  703
99  818
99  824
99  939
100  518
100  534
100  627
100  779
100  789
100  914
100  961
100  986
101  312
101  387
101  580
101  645
101  671
101  838
101  922
101  940
102  138
102  587
102  706
102  786
102  823
102  833
102  923
102  930
102  1000
103  189
103  621
103  649
103  724
103  810
103  932
103  939
103  954
103  1000
104  397
104  462
104  474
104  525
104  813
104  840
104  909
104  955
104  980
105  395
105  551
105  616
105  708
105  879
105  900
105  937
105  944
105  948
106  127
106  323
106  569
106  578
106  598
106  815
106  927
106  929
106  986
107  162
107  194
107  536
107  605
107  753
107  825
107  837
107  936
107  938
108  448
108  538
108  754
108  779
108  786
108  817
108  959
108  987
108  996
109  401
109  414
109  479
109  560
109  585
109  795
109  841
109  972
110  264
110  466
110  467
110  887
110  918
110  960
110  978
110  990
110  996
111  122
111  136
111  650
111  861
111  970
111  976
111  996
111  998
111  999
112  148
112  491
112  625
112  688
112  811
112  875
112  949
112  973
112  985
113  574
113  633
113  729
113  752
113  924
113  926
113  951
113  983
113  991
114  124
114  430
114  468
114  593
114  881
114  896
114  916
114  927
114  928
115  269
115  724
115  909
115  934
115  970
115  990
115  991
115  997
116  266
116  359
116  586
116  814
116  839
116  905
116  931
116  986
116  999
117  258
117  330
117  450
117  473
117  745
117  841
117  878
117  903
117  972
118  161
118  409
118  490
118  558
118  638
118  896
118  911
118  973
119  191
119  302
119  400
119  437
119  551
119  634
119  771
119  965
119  1000
120  438
120  678
120  709
120  730
120  781
120  796
120  868
121  145
121  321
121  323
121  643
121  692
121  715
121  986
121  988
121  995
122  182
122  293
122  301
122  778
122  849
122  861
122  952
123  407
123  469
123  582
123  681
123  882
123  898
123  952
123  956
123  998
124  179
124  676
124  728
124  977
124  987
124  994
124  996
124  998
125  342
125  721
125  745
125  788
125  795
125  849
125  857
125  903
125  981
126  415
126  471
126  544
126  673
126  686
126  749
126  868
126  914
126  975
127  783
127  855
127  901
127  932
127  939
127  988
127  1000
128  610
128  701
128  718
128  833
128  958
128  990
128  992
128  993
129  548
129  659
129  720
129  769
129  878
129  886
129  972
129  986
130  207
130  242
130  618
130  723
130  770
130  825
130  936
130  938
130  980
131  536
131  604
131  606
131  641
131  803
131  843
131  849
131  958
131  961
132  307
132  504
132  602
132  656
132  746
132  773
132  824
132  887
132  929
133  442
133  488
133  581
133  752
133  818
133  822
133  895
133  977
133  999
134  185
134  386
134  891
134  996
134  998
134  999
135  423
135  729
135  830
135  904
135  956
135  967
135  981
135  988
136  367
136  725
136  751
136  907
136  912
136  927
136  986
136  998
137  279
137  787
137  880
137  917
137  934
137  954
137  979
137  981
137  988
138  237
138  243
138  462
138  680
138  913
138  967
138  971
138  985
139  475
139  478
139  711
139  724
139  932
139  935
139  949
139  962
139  1000
140  374
140  650
140  720
140  748
140  769
140  788
140  841
140  903
140  972
141  252
141  301
141  502
141  587
141  614
141  656
141  905
141  935
141  986
142  408
142  417
142  469
142  545
142  654
142  935
142  956
142  996
142  998
143  338
143  700
143  724
143  798
143  908
143  924
143  984
143  997
144  170
144  526
144  548
144  702
144  839
144  872
144  974
144  983
145  377
145  569
145  629
145  814
145  846
145  944
145  986
146  382
146  564
146  809
146  832
146  843
146  961
146  984
147  217
147  471
147  477
147  730
147  781
147  808
147  868
147  911
148  275
148  475
148  528
148  744
148  939
148  962
148  965
148  1000
149  185
149  246
149  487
149  537
149  900
149  925
149  937
149  948
149  993
150  353
150  434
150  552
150  607
150  723
150  825
150  885
150  936
151  360
151  583
151  700
151  874
151  890
151  945
151  978
151  990
151  991
152  239
152  475
152  599
152  653
152  908
152  932
152  947
152  963
152  980
153  272
153  331
153  419
153  544
153  709
153  730
153  781
153  868
153  977
154  201
154  341
154  553
154  785
154  950
154  978
154  984
154  990
154  997
155  300
155  569
155  598
155  715
155  886
155  944
155  984
155  986
155  1000
156  216
156  473
156  589
156  593
156  801
156  828
156  856
156  942
157  174
157  344
157  921
157  927
157  953
157  959
157  982
157  987
158  270
158  752
158  765
158  804
158  839
158  872
158  951
158  974
158  983
159  454
159  518
159  759
159  819
159  836
159  857
159  896
159  911
159  952
160  470
160  558
160  630
160  806
160  967
160  971
160  973
160  980
161  234
161  741
161  819
161  844
161  911
161  972
161  990
162  175
162  609
162  685
162  879
162  925
162  937
162  948
163  166
163  233
163  570
163  645
163  754
163  873
163  919
163  987
163  992
164  391
164  406
164  473
164  551
164  601
164  602
164  733
164  937
164  948
165  357
165  426
165  498
165  517
165  847
165  996
165  998
165  999
166  336
166  345
166  379
166  600
166  639
166  856
166  917
167  231
167  526
167  549
167  596
167  686
167  881
167  965
168  256
168  261
168  612
168  822
168  941
168  946
168  994
168  998
169  405
169  665
169  673
169  839
169  846
169  884
169  913
169  968
169  973
170  199
170  611
170  797
170  900
170  905
170  951
170  983
171  178
171  237
171  258
171  516
171  953
171  954
171  965
171  1000
172  305
172  334
172  341
172  466
172  515
172  683
172  791
172  940
172  968
173  210
173  291
173  445
173  494
173  560
173  600
173  692
173  820
173  942
174  227
174  497
174  655
174  717
174  762
174  920
174  967
174  987
175  397
175  433
175  450
175  714
175  925
175  937
175  948
175  977
176  187
176  211
176  372
176  408
176  583
176  667
176  838
176  992
177  348
177  410
177  730
177  746
177  756
177  775
177  929
177  960
177  968
178  221
178  270
178  389
178  531
178  603
178  608
178  962
178  1000
179  536
179  604
179  606
179  638
179  893
179  958
179  961
179  989
180  379
180  473
180  748
180  816
180  856
180  942
180  963
180  965
180  992
181  541
181  618
181  683
181  703
181  736
181  815
181  886
181  940
181  985
182  227
182  337
182  436
182  750
182  778
182  952
182  976
182  977
183  292
183  446
183  461
183  761
183  837
183  955
183  979
183  983
183  988
184  189
184  252
184  253
184  321
184  354
184  937
184  944
184  969
184  986
185  212
185  547
185  637
185  654
185  721
185  725
185  999
186  276
186  367
186  387
186  493
186  536
186  726
186  958
186  961
187  267
187  372
187  418
187  645
187  682
187  929
188  366
188  624
188  669
188  766
188  881
188  959
188  992
188  993
188  997
189  588
189  594
189  841
189  962
189  969
189  989
189  1000
190  200
190  208
190  317
190  670
190  766
190  769
190  910
190  972
191  439
191  855
191  863
191  883
191  989
191  999
191  1000
192  209
192  235
192  257
192  460
192  579
192  679
192  918
192  991
192  997
193  535
193  580
193  713
193  767
193  912
193  969
193  992
193  993
194  495
194  616
194  618
194  825
194  868
194  910
194  936
194  938
195  745
195  751
195  883
195  918
195  947
195  959
195  982
195  987
195  995
196  592
196  627
196  874
196  901
196  959
196  963
196  995
197  466
197  470
197  681
197  869
197  908
197  963
197  982
197  995
198  249
198  436
198  539
198  716
198  783
198  847
198  893
198  964
199  380
199  572
199  639
199  696
199  849
199  951
199  974
199  983
200  458
200  513
200  560
200  695
200  864
200  903
200  910
200  949
201  447
201  786
201  931
201  942
201  978
201  984
201  991
201  997
202  373
202  408
202  458
202  615
202  619
202  849
202  895
203  221
203  331
203  340
203  454
203  737
203  771
203  848
203  989
203  1000
204  223
204  394
204  435
204  480
204  650
204  895
204  912
204  994
204  999
205  286
205  314
205  608
205  653
205  707
205  733
205  992
205  993
206  483
206  706
206  829
206  848
206  924
206  974
206  981
206  983
206  996
207  251
207  319
207  851
207  859
207  875
207  916
207  927
207  928
207  992
208  695
208  841
208  864
208  877
208  903
208  932
208  972
208  982
209  277
209  341
209  546
209  724
209  777
209  929
209  968
209  1000
210  320
210  472
210  473
210  532
210  699
210  702
210  828
210  868
210  982
211  231
211  292
211  482
211  619
211  660
211  788
211  826
211  838
212  221
212  817
212  870
212  892
212  908
212  909
212  966
212  987
212  992
213  234
213  280
213  741
213  819
213  824
213  836
213  857
213  896
213  996
213  998
214  279
214  387
214  606
214  652
214  659
214  740
214  821
214  932
214  958
214  961
215  578
215  708
215  715
215  787
215  814
215  815
215  880
215  889
215  944
215  986
216  378
216  600
216  702
216  739
216  810
216  824
216  828
216  845
216  847
217  324
217  369
217  476
217  603
217  617
217  640
217  901
217  989
217  1000
218  266
218  359
218  376
218  570
218  905
218  919
218  944
218  955
218  986
219  429
219  596
219  733
219  831
219  862
219  891
219  978
219  992
219  993
220  850
220  881
220  934
220  945
220  954
220  960
220  970
220  978
220  991
220  997
221  350
221  729
221  813
221  962
221  969
221  1000
222  254
222  436
222  532
222  538
222  596
222  643
222  805
222  828
222  861
222  902
223  468
223  619
223  768
223  851
223  916
223  919
223  927
223  928
224  290
224  310
224  398
224  468
224  785
224  899
224  916
224  927
224  928
224  959
225  491
225  578
225  611
225  717
225  924
225  951
225  974
225  983
225  990
226  244
226  383
226  493
226  656
226  712
226  746
226  765
226  929
226  968
227  543
227  612
227  819
227  873
227  908
227  954
227  995
228  478
228  517
228  772
228  810
228  876
228  901
228  913
228  954
228  989
228  1000
229  415
229  438
229  730
229  781
229  796
229  802
229  808
229  868
229  930
230  509
230  511
230  550
230  716
230  783
230  854
230  964
231  623
231  706
231  786
231  823
231  854
231  915
232  251
232  443
232  768
232  851
232  906
232  916
232  927
232  928
232  977
232  978
233  259
233  564
233  638
233  853
233  873
233  903
233  914
233  987
233  995
234  282
234  813
234  819
234  836
234  896
234  911
234  947
234  967
235  566
235  733
235  813
235  840
235  846
235  866
235  875
235  954
235  985
236  323
236  454
236  455
236  464
236  836
236  844
236  857
236  896
236  911
236  920
237  264
237  696
237  740
237  774
237  811
237  812
237  913
237  980
238  256
238  330
238  391
238  550
238  904
238  906
238  912
238  946
238  975
239  432
239  479
239  596
239  636
239  849
239  898
239  899
239  902
239  952
240  420
240  643
240  793
240  889
240  924
240  933
240  974
240  983
240  996
241  430
241  592
241  651
241  670
241  807
241  913
241  971
241  993
241  996
242  553
242  616
242  618
242  862
242  936
242  938
242  994
243  686
243  738
243  874
243  932
243  970
243  984
243  990
243  997
244  307
244  404
244  541
244  736
244  756
244  933
244  941
244  968
245  312
245  399
245  565
245  589
245  730
245  749
245  752
245  828
245  868
245  986
246  308
246  572
246  621
246  706
246  775
246  915
246  923
246  930
247  492
247  757
247  819
247  888
247  949
247  971
247  973
247  979
247  985
247  987
248  343
248  505
248  672
248  702
248  737
248  904
248  946
248  975
248  976
248  987
249  418
249  483
249  580
249  624
249  647
249  783
249  784
249  937
249  966
250  304
250  362
250  372
250  467
250  482
250  615
250  663
250  838
250  933
250  993
251  424
251  615
251  851
251  870
251  927
251  928
251  991
252  359
252  360
252  673
252  716
252  936
252  944
252  984
252  986
253  390
253  453
253  502
253  594
253  649
253  668
253  765
253  940
253  968
254  415
254  499
254  740
254  748
254  861
254  867
254  902
254  952
255  256
255  503
255  652
255  726
255  732
255  809
255  832
255  928
255  958
255  961
256  428
256  654
256  790
256  908
256  912
256  954
256  999
257  343
257  428
257  557
257  786
257  823
257  833
257  915
257  923
257  930
258  304
258  499
258  512
258  621
258  750
258  816
258  867
258  899
259  336
259  387
259  507
259  817
259  835
259  932
259  962
259  969
259  989
260  641
260  651
260  667
260  806
260  840
260  889
260  913
260  949
260  953
260  973
261  576
261  726
261  794
261  809
261  843
261  958
261  961
261  994
262  390
262  531
262  829
262  852
262  919
262  925
262  947
262  957
262  981
262  987
263  298
263  589
263  705
263  924
263  935
263  977
263  983
263  996
263  998
263  999
264  539
264  677
264  887
264  970
264  978
264  990
264  991
264  997
265  417
265  446
265  526
265  677
265  778
265  867
265  995
266  381
266  763
266  799
266  814
266  856
266  886
266  986
267  292
267  373
267  619
267  792
267  838
268  340
268  572
268  624
268  881
268  970
268  978
268  985
268  986
268  990
268  997
269  390
269  518
269  669
269  673
269  762
269  812
269  909
269  931
270  362
270  798
270  840
270  960
270  978
270  990
270  991
270  997
271  360
271  551
271  685
271  762
271  826
271  837
271  879
271  900
271  937
271  948
272  548
272  560
272  709
272  781
272  868
272  904
272  947
273  451
273  604
273  718
273  784
273  850
273  894
273  906
273  950
273  975
274  296
274  456
274  572
274  575
274  647
274  770
274  823
274  857
274  930
275  482
275  521
275  647
275  737
275  887
275  954
275  965
275  969
275  1000
276  406
276  830
276  871
276  917
276  951
276  988
276  989
277  356
277  453
277  500
277  543
277  577
277  632
277  756
277  929
277  968
278  324
278  357
278  490
278  705
278  807
278  817
278  837
278  883
278  892
279  726
279  732
279  843
279  958
279  961
279  992
280  285
280  381
280  409
280  452
280  455
280  855
280  857
280  896
280  911
281  389
281  397
281  744
281  892
281  947
281  951
281  952
281  953
281  987
281  995
282  383
282  388
282  515
282  668
282  669
282  756
282  940
282  961
283  325
283  564
283  679
283  929
283  940
283  968
284  320
284  352
284  386
284  472
284  639
284  801
284  869
284  895
284  998
285  458
285  580
285  607
285  608
285  633
285  669
285  956
285  992
285  993
286  396
286  468
286  604
286  638
286  740
286  832
286  928
286  945
286  958
287  440
287  490
287  543
287  554
287  617
287  852
287  873
287  914
287  931
287  999
288  411
288  542
288  670
288  828
288  922
288  943
288  958
288  987
288  993
289  456
289  488
289  684
289  688
289  693
289  695
289  956
289  977
289  998
289  999
290  319
290  434
290  673
290  768
290  851
290  863
290  916
290  927
290  928
291  739
291  816
291  834
291  837
291  856
291  874
291  942
291  960
291  971
292  467
292  583
292  671
292  684
292  838
293  319
293  443
293  454
293  768
293  785
293  910
293  916
293  927
294  446
294  727
294  775
294  802
294  803
294  917
294  979
294  981
294  988
294  994
295  627
295  630
295  771
295  939
295  962
295  969
295  975
295  989
295  1000
296  621
296  730
296  764
296  772
296  915
296  923
296  924
296  930
296  981
297  459
297  666
297  822
297  857
297  890
297  898
297  996
297  998
297  999
298  461
298  618
298  631
298  689
298  876
298  932
298  989
298  995
298  1000
299  301
299  307
299  321
299  412
299  708
299  725
299  767
299  886
299  944
299  986
300  339
300  367
300  482
300  583
300  593
300  619
300  663
300  671
301  360
301  626
301  637
301  760
301  886
301  944
301  986
302  471
302  571
302  605
302  614
302  616
302  712
302  723
302  936
302  938
303  313
303  521
303  721
303  769
303  818
303  855
303  954
303  969
303  1000
304  520
304  778
304  858
304  878
304  952
304  953
304  993
305  878
305  934
305  960
305  969
305  970
305  978
305  985
305  991
305  997
306  323
306  689
306  798
306  881
306  918
306  921
306  959
306  978
306  990
306  997
307  325
307  334
307  383
307  419
307  516
307  683
307  947
308  504
308  546
308  623
308  770
308  823
308  915
308  923
308  925
308  930
309  411
309  415
309  709
309  727
309  749
309  796
309  865
309  866
309  868
310  540
310  620
310  762
310  768
310  785
310  916
310  927
310  928
311  459
311  464
311  857
311  894
311  914
311  931
311  938
311  987
311  995
312  414
312  573
312  589
312  749
312  781
312  796
312  857
313  597
313  666
313  804
313  809
313  875
313  897
313  973
313  980
313  986
314  483
314  539
314  647
314  716
314  934
314  945
314  964
314  998
315  321
315  598
315  639
315  803
315  822
315  886
315  905
315  944
315  986
316  390
316  428
316  705
316  725
316  737
316  786
316  803
316  994
316  998
316  999
317  352
317  414
317  887
317  970
317  984
317  986
317  990
317  991
317  997
318  724
318  789
318  880
318  885
318  914
318  927
318  943
318  979
318  981
318  988
319  391
319  717
319  768
319  785
319  921
319  927
319  928
320  358
320  659
320  753
320  788
320  795
320  864
320  964
320  972
321  477
321  488
321  558
321  793
321  944
321  986
322  363
322  734
322  782
322  909
322  925
322  957
322  966
322  995
322  999
323  692
323  708
323  796
323  944
323  986
324  339
324  639
324  919
324  920
324  953
324  959
324  963
324  995
325  348
325  356
325  656
325  746
325  933
325  964
325  979
326  507
326  658
326  689
326  709
326  876
326  905
326  932
326  969
326  989
326  1000
327  647
327  817
327  850
327  956
327  976
327  977
327  987
327  996
327  998
327  999
328  557
328  755
328  807
328  866
328  893
328  900
328  949
328  971
328  973
328  980
329  420
329  596
329  742
329  745
329  867
329  899
329  934
329  952
329  991
330  478
330  556
330  800
330  837
330  880
330  955
330  979
330  981
331  516
331  696
331  876
331  889
331  954
331  962
331  1000
332  374
332  700
332  752
332  789
332  907
332  957
332  967
332  981
332  988
333  482
333  615
333  663
333  671
333  808
333  903
333  989
334  649
334  656
334  736
334  824
334  940
334  951
334  987
335  535
335  538
335  688
335  744
335  747
335  884
335  892
335  953
335  977
335  995
336  457
336  690
336  737
336  825
336  954
336  965
336  989
337  565
337  644
337  718
337  743
337  852
337  867
337  899
337  902
338  620
338  672
338  675
338  710
338  736
338  775
338  783
338  979
338  981
339  467
339  583
339  645
339  663
339  671
339  832
339  939
339  947
340  810
340  877
340  912
340  934
340  990
340  991
340  993
340  997
341  410
341  656
341  727
341  765
341  906
341  929
342  518
342  693
342  745
342  769
342  788
342  897
342  972
343  532
343  606
343  821
343  906
343  946
343  950
343  975
344  415
344  585
344  782
344  853
344  873
344  901
344  951
344  953
344  982
344  987
345  379
345  639
345  650
345  767
345  826
345  830
345  893
345  942
345  993
346  516
346  588
346  603
346  691
346  862
346  932
346  962
346  965
346  969
346  990
346  1000
347  433
347  547
347  739
347  748
347  792
347  817
347  826
347  856
347  869
347  893
347  951
348  363
348  379
348  392
348  453
348  649
348  708
348  968
349  501
349  659
349  759
349  874
349  887
349  958
349  970
349  991
349  997
350  546
350  614
350  691
350  692
350  815
350  857
350  898
350  905
350  944
350  986
351  434
351  605
351  625
351  723
351  745
351  797
351  825
351  936
351  938
351  972
352  502
352  512
352  532
352  584
352  794
352  834
352  845
352  893
352  942
353  523
353  594
353  746
353  777
353  791
353  824
353  911
353  929
353  940
353  968
354  614
354  667
354  691
354  692
354  748
354  799
354  801
354  815
354  886
354  895
355  369
355  426
355  728
355  749
355  755
355  873
355  947
355  959
355  1000
356  410
356  546
356  556
356  649
356  756
356  887
356  896
356  968
356  998
357  632
357  661
357  690
357  854
357  924
357  964
357  981
358  384
358  401
358  795
358  864
358  871
358  910
358  972
358  981
359  586
359  715
359  798
359  814
359  944
359  986
359  996
360  569
360  598
360  627
360  691
360  760
360  799
360  986
361  414
361  494
361  668
361  730
361  749
361  781
361  808
361  974
361  1000
362  777
362  867
362  874
362  881
362  934
362  960
362  990
362  991
362  997
363  497
363  637
363  722
363  895
363  907
363  977
363  996
363  997
363  999
364  595
364  610
364  646
364  771
364  901
364  954
364  965
364  981
364  989
364  998
364  1000
365  368
365  384
365  489
365  508
365  670
365  699
365  870
365  922
365  943
365  992
365  993
366  392
366  458
366  707
366  711
366  718
366  757
366  922
366  939
366  992
366  993
367  513
367  536
367  606
367  757
367  843
367  879
367  958
367  961
368  506
368  540
368  599
368  640
368  701
368  707
368  843
368  992
368  993
369  747
369  749
369  758
369  853
369  859
369  862
369  886
369  920
369  957
370  426
370  500
370  501
370  716
370  832
370  890
370  921
370  978
370  984
370  990
370  997
371  472
371  493
371  539
371  632
371  647
371  687
371  690
371  784
371  884
371  964
372  601
372  615
372  663
372  689
372  814
372  838
372  960
373  719
373  736
373  818
373  850
373  904
373  946
373  950
373  975
374  383
374  393
374  675
374  837
374  960
374  969
374  979
374  981
374  988
375  631
375  758
375  877
375  881
375  887
375  934
375  960
375  978
375  991
375  997
375  999
376  412
376  753
376  772
376  776
376  815
376  886
376  944
376  951
376  986
377  397
377  458
377  566
377  570
377  743
377  798
377  813
377  913
377  980
377  1000
378  381
378  526
378  600
378  702
378  748
378  828
378  892
378  942
379  600
379  694
379  811
379  826
379  868
379  980
380  521
380  662
380  800
380  829
380  882
380  909
380  924
380  933
380  951
380  983
381  669
381  741
381  816
381  819
381  844
381  857
381  896
381  911
382  396
382  562
382  732
382  809
382  822
382  924
382  938
382  958
382  961
383  668
383  693
383  756
383  765
383  903
383  909
383  940
384  560
384  646
384  695
384  788
384  795
384  864
384  903
384  944
384  972
385  411
385  462
385  554
385  641
385  682
385  731
385  913
385  943
385  990
385  992
385  993
386  440
386  539
386  751
386  791
386  876
386  935
386  967
386  994
386  999
387  606
387  732
387  764
387  809
387  885
387  958
387  961
388  453
388  515
388  567
388  594
388  756
388  792
388  871
388  948
388  968
389  486
389  521
389  574
389  631
389  676
389  969
389  989
389  1000
390  706
390  824
390  862
390  914
390  920
390  957
390  982
391  463
391  622
391  818
391  894
391  904
391  916
391  950
391  975
392  535
392  555
392  699
392  831
392  943
392  955
392  980
392  992
392  993
393  655
393  710
393  803
393  950
393  967
393  978
393  981
393  988
394  775
394  787
394  800
394  917
394  967
394  979
394  988
394  990
394  999
394  1000
395  504
395  570
395  774
395  866
395  884
395  943
395  985
395  988
395  999
396  451
396  609
396  652
396  732
396  843
396  946
396  947
396  958
396  961
397  409
397  427
397  806
397  971
397  985
398  437
398  518
398  561
398  566
398  747
398  755
398  824
398  920
398  953
398  957
399  450
399  680
399  890
399  918
399  921
399  925
399  978
399  984
399  990
399  997
400  410
400  640
400  737
400  924
400  939
400  949
400  969
400  989
400  998
400  1000
401  521
401  524
401  641
401  720
401  769
401  858
401  864
401  878
401  972
402  613
402  655
402  807
402  813
402  863
402  870
402  883
402  884
402  973
402  980
403  451
403  478
403  489
403  588
403  829
403  917
403  954
403  962
403  969
403  989
403  1000
404  510
404  528
404  541
404  668
404  736
404  777
404  824
404  929
405  491
405  587
405  804
405  807
405  811
405  874
405  882
405  965
405  973
405  985
406  553
406  679
406  735
406  737
406  917
406  955
406  967
406  981
406  988
407  536
407  705
407  717
407  728
407  741
407  895
407  907
407  977
407  996
407  999
408  645
408  671
408  788
408  816
408  838
409  691
409  741
409  844
409  855
409  896
409  911
410  582
410  610
410  649
410  765
410  940
410  995
411  542
411  580
411  812
411  878
411  935
411  943
411  992
411  993
412  502
412  578
412  692
412  757
412  814
412  868
412  886
412  905
412  906
413  522
413  537
413  685
413  847
413  879
413  891
413  900
413  909
413  925
413  937
413  948
414  415
414  471
414  565
414  579
414  808
414  868
414  978
415  544
415  565
415  750
415  808
415  835
416  625
416  751
416  907
416  912
416  977
416  992
416  994
416  998
416  999
417  512
417  549
417  596
417  686
417  858
417  899
417  937
417  982
418  557
418  632
418  784
418  794
418  824
418  964
418  986
419  514
419  701
419  812
419  846
419  913
419  973
419  980
420  596
420  636
420  861
420  894
420  899
420  943
420  952
420  981
421  428
421  525
421  750
421  912
421  930
421  941
421  956
421  967
421  994
421  996
421  998
422  471
422  472
422  687
422  696
422  797
422  799
422  841
422  889
422  933
422  974
422  983
423  815
423  871
423  888
423  897
423  917
423  972
423  974
423  979
423  988
424  443
424  730
424  785
424  804
424  851
424  891
424  916
424  927
424  928
424  938
425  427
425  554
425  698
425  891
425  895
425  983
425  994
425  995
425  996
425  998
425  999
426  545
426  680
426  956
426  972
426  994
426  996
426  998
426  999
427  567
427  597
427  835
427  866
427  890
427  949
427  973
427  982
427  985
428  698
428  778
428  871
428  994
428  996
428  999
429  509
429  542
429  608
429  701
429  873
429  908
429  943
429  964
429  992
429  993
430  487
430  665
430  757
430  840
430  853
430  971
430  973
430  978
430  985
431  562
431  798
431  825
431  842
431  921
431  960
431  984
431  995
431  997
431  1000
432  512
432  643
432  686
432  700
432  718
432  825
432  861
432  902
432  921
432  952
433  601
433  635
433  648
433  821
433  895
433  900
433  925
433  937
433  948
434  571
434  608
434  616
434  694
434  712
434  848
434  936
434  938
435  464
435  564
435  612
435  684
435  722
435  754
435  859
435  862
435  963
436  499
436  512
436  524
436  636
436  718
436  858
436  998
437  548
437  586
437  829
437  848
437  872
437  909
437  933
437  974
437  983
438  470
438  492
438  504
438  593
438  897
438  973
438  980
438  982
438  985
439  507
439  640
439  810
439  816
439  861
439  901
439  969
439  995
439  1000
440  554
440  657
440  708
440  898
440  911
440  956
440  982
440  996
440  999
441  639
441  690
441  723
441  748
441  816
441  869
441  893
441  942
441  965
441  993
442  571
442  602
442  605
442  616
442  618
442  723
442  936
442  955
442  1000
443  593
443  768
443  807
443  816
443  927
443  928
443  999
444  563
444  632
444  651
444  716
444  783
444  802
444  832
444  854
444  904
444  964
444  973
445  497
445  532
445  611
445  629
445  702
445  812
445  820
445  845
445  893
445  991
446  484
446  500
446  830
446  891
446  967
446  979
446  981
446  988
447  583
447  645
447  918
447  921
447  934
447  972
447  984
447  991
447  996
447  997
448  600
448  613
448  711
448  771
448  804
448  901
448  954
448  989
448  1000
449  511
449  611
449  628
449  752
449  839
449  933
449  951
449  957
449  974
449  983
449  991
450  660
450  721
450  745
450  769
450  903
450  910
450  972
451  818
451  847
451  865
451  894
451  950
451  951
451  975
452  506
452  540
452  608
452  641
452  699
452  798
452  922
452  962
452  992
452  993
453  482
453  649
453  765
453  842
453  858
453  940
454  819
454  836
454  857
454  896
454  898
454  911
454  997
455  460
455  520
455  611
455  643
455  644
455  686
455  778
455  858
455  952
456  572
456  575
456  706
456  755
456  764
456  856
456  907
456  915
456  923
456  930
457  476
457  478
457  556
457  559
457  634
457  726
457  939
457  945
457  969
457  989
457  1000
458  682
458  707
458  731
458  836
458  943
458  992
458  993
459  558
459  590
459  649
459  732
459  762
459  847
459  947
459  966
459  995
460  834
460  874
460  881
460  954
460  960
460  970
460  978
460  984
460  991
460  995
461  688
461  792
461  821
461  853
461  914
461  920
461  935
461  966
461  982
461  995
462  484
462  726
462  757
462  813
462  902
462  942
462  985
463  653
463  719
463  788
463  847
463  865
463  874
463  894
463  904
463  906
463  940
463  975
464  561
464  715
464  835
464  919
464  953
464  995
465  516
465  547
465  553
465  595
465  615
465  640
465  809
465  939
465  954
465  965
465  989
465  1000
466  599
466  691
466  873
466  924
466  945
466  953
466  984
466  987
466  995
467  568
467  615
467  619
467  663
467  671
467  838
467  899
468  754
468  785
468  851
468  909
468  916
468  927
468  928
468  992
469  522
469  637
469  672
469  865
469  894
469  946
469  950
469  961
469  975
470  567
470  664
470  714
470  774
470  807
470  846
470  900
470  980
471  673
471  709
471  730
471  781
471  925
471  968
472  494
472  739
472  801
472  826
472  856
472  893
472  954
472  976
473  486
473  834
473  869
473  887
473  918
473  942
474  621
474  651
474  667
474  767
474  840
474  863
474  866
474  897
474  918
474  979
474  980
475  489
475  697
475  700
475  711
475  855
475  876
475  901
475  1000
476  594
476  603
476  689
476  737
476  771
476  810
476  912
476  994
476  1000
477  628
477  712
477  753
477  825
477  936
477  938
477  985
477  1000
478  596
478  626
478  954
478  989
478  1000
479  506
479  640
479  660
479  695
479  720
479  788
479  864
479  903
479  910
479  972
480  619
480  755
480  772
480  820
480  843
480  898
480  966
480  976
480  994
480  996
480  999
481  486
481  518
481  549
481  619
481  698
481  883
481  909
481  945
481  959
481  977
481  982
481  995
482  583
482  619
482  645
482  782
482  786
483  510
483  539
483  624
483  647
483  661
483  690
483  731
483  964
483  988
484  545
484  811
484  846
484  848
484  862
484  971
484  980
484  985
484  989
485  620
485  688
485  758
485  781
485  817
485  914
485  932
485  957
485  982
485  987
485  995
486  590
486  862
486  919
486  947
486  950
486  959
486  963
486  964
486  995
487  495
487  523
487  648
487  685
487  823
487  827
487  883
487  900
487  925
487  948
488  561
488  650
488  751
488  812
488  976
488  977
488  992
488  994
488  996
489  542
489  580
489  584
489  633
489  712
489  766
489  813
489  992
489  993
490  680
490  835
490  873
490  892
490  945
490  969
490  987
490  989
490  995
491  714
491  774
491  813
491  870
491  871
491  949
491  980
491  985
492  505
492  665
492  812
492  814
492  863
492  866
492  949
492  985
493  554
493  557
493  563
493  690
493  783
493  784
493  802
493  964
493  986
494  694
494  748
494  792
494  845
494  869
494  893
494  947
494  969
494  991
495  837
495  871
495  885
495  904
495  955
495  957
495  967
495  979
495  981
495  988
496  696
496  769
496  776
496  874
496  921
496  978
496  984
496  989
496  990
496  991
496  997
497  600
497  639
497  694
497  739
497  816
497  820
497  856
497  869
497  936
498  550
498  588
498  646
498  687
498  727
498  850
498  877
498  904
498  906
498  950
498  975
499  534
499  609
499  677
499  703
499  742
499  750
499  805
499  858
499  961
500  528
500  541
500  683
500  773
500  879
500  888
500  929
500  968
501  519
501  628
501  695
501  744
501  890
501  918
501  984
501  990
501  991
502  620
502  625
502  800
502  885
502  967
502  979
502  981
502  988
503  517
503  653
503  681
503  709
503  779
503  840
503  945
503  957
503  982
503  987
503  995
504  743
504  854
504  884
504  897
504  913
504  980
504  985
505  579
505  727
505  734
505  779
505  847
505  850
505  894
505  946
505  950
505  975
506  530
506  535
506  701
506  749
506  767
506  784
506  831
506  992
506  993
507  640
507  676
507  691
507  729
507  771
507  884
507  964
507  969
507  1000
508  665
508  719
508  727
508  818
508  847
508  850
508  906
508  945
508  950
508  975
508  998
509  633
509  666
509  694
509  733
509  922
509  943
509  988
509  992
509  993
510  516
510  689
510  729
510  843
510  932
510  939
510  965
510  989
510  1000
511  585
511  698
511  722
511  734
511  736
511  827
511  875
511  963
511  996
511  998
512  516
512  596
512  636
512  747
512  750
512  856
512  962
513  732
513  809
513  832
513  843
513  844
513  919
513  958
513  961
514  597
514  811
514  850
514  862
514  866
514  873
514  875
514  884
514  916
514  971
514  980
515  703
515  746
515  756
515  777
515  836
515  865
515  957
515  968
515  973
516  954
516  972
516  989
516  1000
517  529
517  550
517  681
517  822
517  882
517  895
517  994
517  996
517  998
518  755
518  883
518  942
518  987
519  700
519  735
519  780
519  870
519  887
519  888
519  990
519  991
519  997
520  526
520  643
520  671
520  742
520  778
520  902
520  946
520  990
520  999
521  560
521  631
521  876
521  901
521  936
521  965
521  1000
522  602
522  648
522  671
522  732
522  879
522  900
522  902
522  925
522  937
522  948
523  537
523  551
523  635
523  696
523  714
523  828
523  879
523  912
523  937
523  948
524  610
524  616
524  641
524  707
524  766
524  922
524  938
524  943
524  992
524  993
525  659
525  693
525  745
525  795
525  841
525  878
525  972
525  975
526  742
526  758
526  849
526  858
526  902
526  941
526  952
527  592
527  653
527  754
527  755
527  758
527  773
527  880
527  953
527  966
527  979
527  995
528  594
528  736
528  777
528  882
528  929
528  940
528  998
529  559
529  598
529  657
529  728
529  800
529  956
529  968
529  977
529  988
529  998
529  999
530  640
530  692
530  815
530  905
530  928
530  944
530  978
530  986
530  999
531  561
531  564
531  586
531  883
531  900
531  919
531  945
531  959
531  963
531  969
532  792
532  801
532  816
532  856
532  923
532  942
533  655
533  761
533  789
533  800
533  920
533  955
533  967
533  981
533  984
533  988
533  990
533  994
534  549
534  625
534  627
534  904
534  931
534  959
534  963
534  982
534  995
535  542
535  576
535  699
535  701
535  971
535  992
535  993
535  994
535  1000
536  606
536  652
536  843
536  961
536  994
536  998
537  602
537  635
537  647
537  704
537  879
537  923
537  925
537  948
537  963
537  977
538  655
538  761
538  782
538  817
538  853
538  873
538  909
538  959
538  969
538  982
539  563
539  605
539  716
539  749
539  783
539  964
540  580
540  583
540  701
540  801
540  831
540  852
540  922
540  991
540  992
540  993
541  576
541  656
541  668
541  773
541  916
541  919
541  968
541  999
542  548
542  608
542  901
542  915
542  935
542  943
542  992
542  993
543  561
543  678
543  683
543  758
543  792
543  909
543  931
543  995
543  996
543  1000
544  578
544  709
544  796
544  808
544  868
544  903
544  926
544  955
544  997
545  626
545  739
545  891
545  981
545  994
545  996
545  998
545  999
546  697
546  765
546  770
546  773
546  824
546  929
546  940
547  585
547  645
547  790
547  791
547  882
547  977
547  994
547  998
547  999
548  793
548  829
548  848
548  889
548  926
548  972
548  974
548  983
549  588
549  677
549  686
549  750
549  805
549  815
549  858
549  861
549  975
550  646
550  894
550  904
550  914
550  946
550  975
551  620
551  704
551  714
551  925
551  937
551  944
551  948
551  974
552  571
552  611
552  628
552  712
552  753
552  921
552  938
553  609
553  700
553  766
553  877
553  934
553  978
553  990
553  995
553  997
554  582
554  713
554  734
554  772
554  827
554  935
554  961
554  994
555  617
555  722
555  734
555  772
555  784
555  820
555  895
555  956
555  978
555  996
555  999
556  626
556  734
556  772
556  791
556  859
556  882
556  961
556  994
556  996
556  999
557  568
557  581
557  624
557  690
557  784
557  802
557  854
557  964
557  992
558  681
558  688
558  726
558  919
558  957
558  963
558  982
558  992
558  995
559  684
559  689
559  734
559  805
559  883
559  907
559  935
559  941
559  996
559  998
559  999
560  646
560  720
560  721
560  903
560  972
561  698
561  855
561  862
561  866
561  957
561  959
561  987
562  790
562  793
562  848
562  889
562  926
562  933
562  974
562  983
562  985
562  1000
563  661
563  784
563  802
563  854
563  902
563  964
563  974
563  983
563  997
564  821
564  852
564  918
564  940
564  947
564  982
564  987
565  607
565  702
565  749
565  796
565  808
565  868
565  907
565  995
566  597
566  695
566  804
566  949
566  966
566  971
566  980
566  983
566  984
566  985
567  570
567  651
567  722
567  845
567  863
567  866
567  875
567  959
567  973
567  982
568  657
568  691
568  751
568  882
568  945
568  964
568  977
568  994
568  998
568  999
569  664
569  799
569  815
569  905
569  912
569  986
569  989
570  727
570  846
570  875
570  949
570  980
570  985
570  994
571  616
571  674
571  723
571  753
571  794
571  829
571  936
571  938
571  995
572  621
572  764
572  770
572  816
572  823
572  923
572  930
572  934
573  636
573  665
573  761
573  787
573  803
573  871
573  917
573  967
573  979
573  981
573  988
574  658
574  797
574  853
574  917
574  924
574  933
574  945
574  951
574  974
574  983
575  593
575  623
575  786
575  805
575  831
575  833
575  902
575  915
575  923
575  930
576  702
576  715
576  739
576  792
576  794
576  828
576  869
576  893
577  632
577  642
577  662
577  752
577  811
577  863
577  872
577  924
577  933
577  974
577  981
578  586
578  598
578  708
578  760
578  867
578  905
578  958
578  986
579  735
579  877
579  919
579  960
579  978
579  984
579  990
579  991
579  997
580  596
580  669
580  943
580  959
580  992
580  993
581  617
581  658
581  674
581  725
581  747
581  859
581  882
581  935
581  976
581  994
581  999
582  709
582  724
582  791
582  849
582  891
582  941
582  989
582  998
582  999
583  615
583  671
583  838
583  953
584  711
584  713
584  731
584  766
584  767
584  831
584  913
584  943
584  992
584  993
585  684
585  725
585  791
585  926
585  928
585  987
585  996
585  998
585  999
586  692
586  814
586  886
586  905
586  925
586  929
586  986
587  596
587  708
587  799
587  814
587  886
587  905
587  944
587  972
587  982
587  986
588  595
588  613
588  631
588  896
588  962
588  965
588  1000
589  673
589  709
589  749
589  808
589  860
589  989
590  678
590  763
590  883
590  937
590  947
590  963
590  975
590  982
590  987
590  993
591  654
591  777
591  820
591  839
591  845
591  887
591  891
591  907
591  941
591  956
591  976
591  996
591  998
592  599
592  719
592  892
592  913
592  931
592  947
592  953
592  959
592  980
592  995
593  768
593  785
593  851
593  916
593  927
593  928
594  649
594  746
594  777
594  800
594  940
594  965
594  974
595  697
595  737
595  900
595  902
595  915
595  939
595  944
595  965
595  989
595  1000
596  625
596  644
597  662
597  666
597  746
597  757
597  778
597  843
597  870
597  871
597  897
597  973
598  614
598  639
598  671
598  691
598  723
598  888
598  944
598  986
599  704
599  812
599  835
599  914
599  931
599  953
599  987
599  990
599  994
599  995
600  692
600  775
600  792
600  826
600  845
600  894
600  993
601  614
601  690
601  704
601  714
601  758
601  879
601  900
601  907
601  925
601  937
601  948
602  635
602  714
602  753
602  769
602  925
602  937
602  948
602  971
602  999
603  604
603  631
603  817
603  853
603  872
603  876
603  901
603  986
603  989
604  638
604  662
604  726
604  784
604  809
604  843
604  958
604  961
604  964
605  616
605  712
605  723
605  767
605  825
605  859
605  925
605  938
605  990
606  652
606  732
606  793
606  832
606  860
606  956
606  985
607  717
607  744
607  762
607  821
607  835
607  859
607  931
607  945
607  956
607  995
608  785
608  922
608  932
608  943
608  977
608  992
608  993
609  724
609  759
609  798
609  822
609  890
609  970
609  984
609  985
609  997
610  669
610  763
610  767
610  913
610  922
610  943
610  992
610  993
610  995
611  628
611  642
611  839
611  886
611  924
611  926
611  974
611  983
612  694
612  801
612  842
612  853
612  909
612  919
612  945
612  957
612  966
612  982
612  985
613  713
613  779
613  791
613  885
613  939
613  965
613  969
613  973
613  989
613  1000
614  651
614  685
614  692
614  760
614  814
614  815
614  845
614  986
615  619
615  961
615  969
616  723
616  903
616  936
616  938
616  994
617  785
617  805
617  827
617  882
617  963
617  976
617  977
617  994
617  996
617  998
618  712
618  734
618  753
618  846
618  893
618  936
618  938
619  645
619  838
619  944
619  960
620  703
620  761
620  830
620  880
620  955
620  970
620  979
620  981
620  988
621  623
621  755
621  764
621  770
621  915
621  923
621  930
621  995
622  641
622  660
622  672
622  719
622  727
622  818
622  906
622  946
622  975
622  981
622  987
622  998
623  663
623  786
623  833
623  866
623  899
623  915
623  923
623  930
623  948
623  950
624  661
624  716
624  783
624  854
624  964
624  974
624  996
625  762
625  862
625  883
625  945
625  947
625  953
625  982
625  987
626  684
626  725
626  766
626  811
626  895
626  935
626  991
626  998
626  999
627  655
627  735
627  892
627  908
627  920
627  945
627  957
627  959
627  966
628  641
628  712
628  723
628  753
628  825
628  842
628  936
628  938
629  639
629  702
629  748
629  792
629  794
629  801
629  828
629  869
629  881
629  910
629  976
630  729
630  810
630  820
630  855
630  862
630  876
630  939
630  954
630  980
630  1000
631  711
631  827
631  856
631  901
631  948
631  954
631  963
631  965
632  765
632  783
632  784
632  802
632  854
632  964
632  973
633  733
633  831
633  943
633  970
633  975
633  979
633  992
633  993
633  997
634  693
634  696
634  742
634  863
634  876
634  899
634  954
634  962
634  965
634  969
634  989
634  1000
635  693
635  704
635  708
635  854
635  879
635  900
635  925
635  940
635  948
635  998
636  661
636  677
636  778
636  805
636  833
636  864
636  867
636  899
636  990
637  676
637  786
637  820
637  873
637  875
637  912
637  956
637  976
637  996
637  998
638  680
638  726
638  740
638  832
638  843
638  858
638  958
638  961
638  983
639  688
639  828
639  856
640  889
640  954
640  962
640  985
640  1000
641  669
641  682
641  767
641  992
641  993
642  662
642  687
642  793
642  808
642  839
642  869
642  926
642  951
642  967
642  974
642  983
643  718
643  835
643  861
643  899
643  901
643  902
643  918
643  952
644  698
644  750
644  805
644  861
644  867
644  894
644  902
644  936
644  952
644  967
644  975
644  992
645  663
645  666
645  671
645  985
646  847
646  850
646  865
646  904
646  946
646  950
646  975
646  988
647  690
647  716
647  744
647  802
647  854
647  898
647  964
648  675
648  685
648  704
648  819
648  879
648  882
648  896
648  900
648  925
648  937
648  948
648  996
649  745
649  777
649  873
649  929
649  940
649  975
650  684
650  725
650  737
650  827
650  909
650  977
650  994
650  996
650  997
650  998
651  695
651  804
651  807
651  913
651  923
651  973
651  980
651  985
651  996
652  765
652  809
652  832
652  843
652  851
652  880
652  958
652  961
652  970
653  707
653  754
653  783
653  852
653  853
653  859
653  860
653  878
653  931
653  982
654  671
654  710
654  772
654  930
654  956
654  973
654  976
654  994
654  996
654  998
655  773
655  775
655  885
655  955
655  967
655  979
655  981
655  988
655  1000
656  731
656  756
656  773
656  790
656  911
656  968
656  982
656  996
657  754
657  772
657  790
657  912
657  920
657  935
657  956
657  971
657  996
657  998
658  687
658  701
658  738
658  835
658  839
658  872
658  889
658  951
658  994
659  693
659  721
659  736
659  841
659  910
659  921
659  947
659  972
660  717
660  818
660  832
660  847
660  850
660  865
660  894
660  946
660  950
660  975
661  670
661  690
661  784
661  802
661  838
661  854
661  910
661  956
661  964
662  687
662  848
662  924
662  951
662  974
662  981
662  983
662  993
662  998
663  752
663  762
663  806
663  838
663  985
663  1000
664  665
664  774
664  803
664  812
664  823
664  863
664  870
664  884
664  913
664  971
664  973
664  990
665  742
665  812
665  870
665  897
665  913
665  971
665  985
665  996
665  1000
666  680
666  681
666  729
666  811
666  870
666  897
666  949
666  980
666  985
667  680
667  703
667  811
667  866
667  875
667  882
667  949
667  957
667  971
667  985
668  712
668  746
668  765
668  824
668  828
668  896
668  929
668  983
669  731
669  733
669  894
669  922
669  946
669  992
669  993
670  701
670  703
670  707
670  731
670  733
670  906
670  992
670  993
670  997
671  916
672  719
672  727
672  784
672  844
672  850
672  865
672  890
672  948
672  950
673  709
673  730
673  749
673  796
673  808
673  980
674  675
674  699
674  702
674  725
674  732
674  790
674  891
674  912
674  956
674  976
674  994
674  996
674  998
675  710
675  871
675  885
675  888
675  927
675  955
675  981
675  988
675  995
676  677
676  684
676  722
676  728
676  836
676  856
676  941
676  959
676  996
676  998
676  999
677  750
677  795
677  805
677  849
677  891
677  899
677  993
678  717
678  718
678  754
678  762
678  813
678  852
678  908
678  920
678  940
678  955
678  987
678  995
679  789
679  800
679  845
679  876
679  885
679  887
679  888
679  952
679  955
679  967
679  981
679  988
680  743
680  863
680  870
680  949
680  980
680  985
680  987
681  779
681  852
681  853
681  883
681  920
681  945
681  987
681  991
681  993
682  699
682  707
682  831
682  929
682  943
682  951
682  975
682  990
682  992
682  993
682  999
683  723
683  773
683  777
683  824
683  827
683  907
683  929
683  968
683  996
684  728
684  834
684  842
684  898
684  975
684  976
684  996
685  704
685  759
685  767
685  807
685  900
685  925
685  937
685  948
685  971
686  704
686  814
686  840
686  849
686  867
686  952
687  797
687  804
687  840
687  872
687  904
687  926
687  951
687  974
687  983
688  811
688  853
688  859
688  907
688  931
688  959
688  966
688  987
688  995
689  697
689  725
689  756
689  901
689  914
689  932
689  969
689  989
689  1000
690  783
690  784
690  802
690  852
690  854
690  964
691  760
691  799
691  815
691  886
691  905
691  986
692  780
692  905
692  910
692  915
692  923
692  986
693  705
693  720
693  795
693  878
693  903
693  910
693  972
693  1000
694  702
694  728
694  792
694  826
694  834
694  845
694  856
694  891
694  942
695  721
695  743
695  745
695  795
695  841
695  878
695  910
695  972
696  752
696  793
696  872
696  889
696  926
696  951
696  974
696  983
697  711
697  747
697  846
697  904
697  920
697  939
697  965
697  969
697  977
697  989
697  1000
698  722
698  791
698  822
698  831
698  876
698  890
698  907
698  956
698  999
699  731
699  737
699  799
699  918
699  920
699  922
699  992
699  993
700  934
700  967
700  970
700  983
700  984
700  990
700  991
700  994
700  997
701  766
701  802
701  831
701  860
701  878
701  992
701  993
702  801
702  812
702  834
702  869
702  942
703  736
703  768
703  770
703  773
703  824
703  929
703  940
704  758
704  879
704  900
704  905
704  925
704  937
704  961
704  986
705  740
705  741
705  772
705  790
705  800
705  891
705  994
705  996
705  998
705  999
706  718
706  770
706  833
706  838
706  884
706  915
706  923
706  930
706  998
707  766
707  781
707  796
707  836
707  922
707  984
707  992
707  993
708  715
708  799
708  814
708  886
708  986
709  796
709  808
709  906
709  991
710  763
710  773
710  819
710  869
710  880
710  888
710  955
710  967
710  979
710  981
710  988
710  989
711  715
711  810
711  932
711  962
711  965
711  987
711  989
711  991
711  1000
712  753
712  936
712  938
712  965
713  822
713  891
713  902
713  907
713  935
713  941
713  947
713  976
713  994
713  996
713  998
713  999
714  767
714  851
714  879
714  900
714  925
714  937
714  939
714  948
714  951
715  733
715  760
715  815
715  899
715  905
715  944
715  986
716  769
716  784
716  802
716  854
716  964
716  988
716  994
717  758
717  835
717  892
717  953
717  959
717  974
717  982
717  992
717  995
718  742
718  854
718  858
718  867
718  899
718  902
718  952
719  727
719  802
719  885
719  894
719  904
719  906
719  950
719  972
719  978
720  721
720  795
720  878
720  903
720  907
720  913
720  972
720  995
721  745
721  769
721  841
721  878
721  952
721  969
721  972
721  994
722  781
722  788
722  898
722  976
722  977
722  978
722  988
722  996
722  999
723  825
723  930
723  938
723  994
724  776
724  842
724  890
724  921
724  960
724  984
724  990
724  997
725  905
725  928
725  933
725  994
725  998
725  999
726  740
726  809
726  829
726  832
726  958
726  961
726  999
727  847
727  946
727  950
727  975
727  994
728  774
728  829
728  853
728  907
728  977
728  994
728  998
728  999
729  737
729  810
729  876
729  932
729  948
729  950
729  962
729  969
729  997
729  1000
730  749
730  808
730  953
730  972
731  767
731  848
731  922
731  943
731  972
731  977
731  992
731  993
732  740
732  832
732  860
732  862
732  895
732  958
732  961
733  766
733  821
733  922
733  992
733  993
733  999
734  791
734  882
734  888
734  926
734  956
734  976
734  986
734  998
734  999
735  744
735  780
735  878
735  881
735  918
735  921
735  962
735  970
735  974
735  984
735  990
735  991
735  997
736  741
736  746
736  765
736  927
736  940
736  968
737  845
737  855
737  989
737  1000
738  797
738  823
738  829
738  889
738  890
738  926
738  933
738  939
738  951
738  974
738  982
738  983
738  990
739  794
739  796
739  826
739  856
739  879
739  893
739  942
739  988
740  791
740  809
740  832
740  843
740  947
740  958
740  961
741  819
741  836
741  844
741  857
741  896
741  911
741  952
741  980
741  986
742  778
742  822
742  849
742  858
742  866
742  899
742  907
742  952
743  806
743  840
743  875
743  884
743  922
743  929
743  933
743  940
743  949
743  971
743  980
743  985
744  758
744  862
744  920
744  926
744  945
744  963
744  966
744  987
744  995
745  769
745  770
745  864
745  910
745  942
745  972
746  777
746  778
746  780
746  899
746  941
746  968
746  978
747  757
747  821
747  838
747  908
747  909
747  914
747  919
747  947
747  963
747  966
747  998
748  826
748  856
748  869
748  893
748  940
749  781
749  796
749  984
750  778
750  794
750  861
750  899
750  945
750  952
750  971
751  772
751  895
751  937
751  971
751  976
751  977
751  995
751  997
751  998
751  999
752  797
752  829
752  872
752  933
752  974
752  983
752  984
752  988
753  825
753  926
753  936
753  938
753  946
753  992
754  755
754  774
754  789
754  799
754  859
754  931
754  953
754  958
755  762
755  768
755  817
755  835
755  860
755  909
755  924
755  931
756  777
756  798
756  916
756  922
756  929
756  953
756  968
756  987
757  774
757  806
757  901
757  949
757  966
757  971
757  973
757  980
758  762
758  782
758  852
758  889
758  892
758  945
758  995
758  998
759  763
759  815
759  881
759  910
759  934
759  970
759  975
759  978
759  982
759  984
759  990
759  991
759  997
760  766
760  799
760  814
760  875
760  944
760  968
760  984
760  986
760  991
761  782
761  787
761  803
761  885
761  929
761  936
761  940
761  967
761  979
761  981
761  988
762  835
762  883
762  888
762  908
762  947
762  969
763  842
763  895
763  918
763  921
763  922
763  935
763  960
763  970
763  978
763  984
763  990
763  991
763  997
764  770
764  786
764  804
764  823
764  833
764  864
764  875
764  915
764  923
764  930
764  994
764  996
765  773
765  777
765  808
765  837
765  968
765  987
766  767
766  992
766  993
767  922
767  943
767  953
767  993
768  777
768  833
768  916
768  927
768  928
768  981
769  795
769  878
769  910
769  937
769  972
769  985
770  786
770  833
770  867
770  915
770  923
770  930
770  991
771  803
771  823
771  838
771  876
771  928
771  932
771  954
771  962
771  989
771  997
772  827
772  895
772  934
772  942
772  990
772  994
772  999
773  824
773  922
773  940
773  968
773  970
773  1000
774  831
774  884
774  949
774  960
774  968
774  980
774  985
774  996
775  789
775  800
775  803
775  837
775  872
775  896
775  915
775  917
775  955
775  981
776  780
776  877
776  887
776  888
776  931
776  934
776  943
776  970
776  971
776  982
776  984
776  990
776  991
776  997
777  893
777  940
777  955
777  973
778  846
778  858
778  861
778  899
778  919
778  963
779  787
779  796
779  883
779  884
779  887
779  908
779  919
779  945
779  957
779  966
779  982
779  995
780  839
780  877
780  887
780  934
780  939
780  958
780  960
780  970
780  978
780  984
780  986
780  990
780  997
781  796
781  905
781  968
781  991
782  859
782  860
782  875
782  885
782  886
782  920
782  935
782  945
782  957
782  966
782  982
783  832
783  964
783  999
784  802
784  963
784  964
784  993
785  851
785  852
785  916
785  927
785  928
785  961
785  995
785  996
786  823
786  833
786  869
786  915
786  923
786  930
786  956
787  789
787  830
787  837
787  868
787  885
787  932
787  967
787  974
787  979
787  981
787  988
787  998
788  795
788  830
788  864
788  878
788  896
788  910
788  939
788  972
789  836
789  875
789  880
789  888
789  916
789  955
789  967
789  979
789  981
789  988
789  993
790  882
790  912
790  935
790  955
790  961
790  974
790  976
790  987
790  994
790  996
790  999
791  822
791  891
791  936
791  937
791  959
791  994
791  996
791  999
792  801
792  816
792  834
792  893
792  942
792  944
792  958
792  980
793  797
793  839
793  924
793  926
793  933
793  951
793  976
793  981
793  982
793  983
793  984
794  801
794  816
794  823
794  834
794  845
794  893
794  898
794  930
794  942
795  841
795  864
795  865
795  885
795  929
795  935
795  972
796  868
796  945
796  984
797  812
797  903
797  916
797  926
797  934
797  951
797  959
797  974
797  983
797  1000
798  813
798  874
798  960
798  976
798  978
798  980
798  984
798  990
798  991
798  997
799  826
799  851
799  886
799  944
799  983
799  986
800  880
800  888
800  917
800  931
800  944
800  955
800  973
800  979
800  988
801  834
801  845
801  869
801  943
801  949
801  958
802  854
802  880
802  964
802  998
803  827
803  871
803  888
803  917
803  955
803  967
803  981
803  988
803  996
804  807
804  846
804  859
804  863
804  866
804  870
804  886
804  897
804  980
804  985
805  849
805  902
805  912
805  952
805  965
805  966
806  810
806  812
806  846
806  863
806  865
806  875
806  939
806  971
806  980
806  985
807  812
807  813
807  843
807  854
807  948
807  971
807  973
807  985
808  868
808  882
808  883
808  990
809  826
809  827
809  958
809  961
809  980
810  845
810  855
810  915
810  939
810  950
810  965
810  977
810  989
810  1000
811  813
811  846
811  870
811  913
811  981
811  985
811  986
811  1000
812  897
812  971
812  973
813  875
813  884
813  949
813  985
813  989
814  889
814  893
814  945
814  986
815  978
815  979
815  985
815  986
816  828
816  845
816  869
816  893
816  942
816  999
817  852
817  853
817  887
817  931
817  953
817  982
817  984
817  989
817  995
818  847
818  894
818  904
818  906
818  943
818  949
818  975
818  998
818  999
819  836
819  844
819  857
819  892
819  896
819  908
819  911
819  959
820  822
820  912
820  941
820  956
820  963
820  976
820  994
820  996
820  997
820  998
820  999
821  859
821  876
821  908
821  931
821  937
821  957
821  958
821  959
821  987
821  995
822  895
822  928
822  935
822  983
822  992
822  994
822  999
823  833
823  915
823  923
823  930
823  978
823  979
824  929
824  940
824  950
824  968
825  876
825  936
825  938
825  965
825  995
825  1000
826  830
826  834
826  845
826  856
826  878
826  942
827  847
827  882
827  941
827  976
827  977
827  994
827  998
827  999
828  834
828  845
828  869
828  893
828  942
828  966
828  991
829  848
829  872
829  889
829  926
829  933
829  957
829  974
829  983
830  835
830  844
830  880
830  955
830  967
830  979
830  981
830  988
830  999
831  840
831  901
831  902
831  922
831  943
831  992
831  993
831  995
832  861
832  958
832  961
832  964
833  908
833  915
833  923
833  930
833  935
833  974
833  991
834  856
834  869
834  888
834  939
834  942
834  950
834  967
834  984
835  844
835  859
835  920
835  959
835  963
835  982
835  995
836  844
836  851
836  857
836  896
836  911
836  931
836  987
837  871
837  877
837  880
837  885
837  925
837  955
837  979
837  981
837  988
837  989
838  934
838  980
839  848
839  872
839  900
839  926
839  933
839  951
839  952
839  956
839  983
839  991
840  846
840  863
840  866
840  884
840  960
840  971
840  973
840  980
840  985
840  995
841  864
841  878
841  903
841  910
841  916
841  928
841  938
841  950
841  972
841  999
842  864
842  876
842  881
842  890
842  918
842  934
842  946
842  960
842  970
842  984
842  990
842  991
842  993
842  997
843  961
843  968
843  987
844  851
844  857
844  864
844  896
844  911
844  931
844  976
845  893
845  942
845  959
846  863
846  875
846  897
846  950
846  973
846  999
846  1000
847  865
847  906
847  946
847  970
847  975
848  883
848  889
848  924
848  926
848  933
848  951
848  974
848  985
848  987
849  858
849  861
849  894
849  899
849  902
849  920
849  952
850  865
850  904
850  919
850  945
850  946
850  950
850  975
850  989
850  990
851  869
851  884
851  916
851  927
851  928
851  941
852  909
852  935
852  953
852  959
852  964
852  966
852  982
852  988
853  854
853  880
853  883
853  952
853  957
853  963
854  923
854  964
855  864
855  885
855  901
855  932
855  939
855  962
855  968
855  970
855  989
855  1000
856  949
856  962
857  896
857  911
858  861
858  867
858  871
858  902
858  952
858  964
858  968
858  994
859  947
859  963
859  966
859  968
859  982
859  995
859  998
860  862
860  892
860  913
860  919
860  931
860  957
860  966
860  975
860  981
860  982
860  987
860  995
861  895
861  902
861  932
861  939
861  952
861  983
862  873
862  908
862  909
862  931
862  945
862  970
862  987
863  875
863  897
863  915
863  923
863  949
863  962
863  978
863  985
864  878
864  903
864  910
864  972
864  977
865  886
865  894
865  906
865  946
865  950
865  964
865  975
865  985
866  870
866  943
866  967
866  973
866  996
867  899
867  902
867  937
867  952
867  958
867  976
867  979
867  982
868  881
868  948
869  912
869  942
869  943
869  976
870  881
870  884
870  913
870  954
870  970
870  971
870  973
870  991
871  873
871  880
871  885
871  888
871  955
871  967
871  979
871  981
871  985
872  889
872  897
872  915
872  916
872  918
872  926
872  951
872  955
872  974
872  999
873  882
873  910
873  919
873  963
873  982
873  983
873  995
874  877
874  887
874  903
874  921
874  943
874  960
874  972
874  990
874  991
874  997
875  936
875  971
875  973
875  975
875  980
876  932
876  962
876  969
876  989
876  991
876  996
876  1000
877  890
877  911
877  918
877  933
877  944
877  950
877  960
877  970
877  978
877  984
877  990
877  991
877  997
878  897
878  903
878  910
878  926
879  900
879  925
879  926
879  937
879  948
879  954
879  960
879  988
879  994
880  888
880  925
880  949
880  955
880  967
880  981
880  988
880  997
880  1000
881  892
881  918
881  921
881  960
881  970
881  990
881  991
881  995
881  997
882  898
882  976
882  977
882  986
882  994
882  996
882  998
883  892
883  914
883  934
883  945
883  952
883  953
883  977
884  913
884  922
884  949
884  971
884  973
884  976
884  980
884  985
885  888
885  917
885  970
885  979
885  981
885  988
885  989
886  893
886  905
886  944
886  982
886  986
887  918
887  970
887  978
887  984
887  990
887  991
887  997
888  955
888  967
888  979
888  988
888  989
889  920
889  924
889  933
889  951
889  962
889  973
889  974
889  983
890  921
890  960
890  964
890  965
890  970
890  976
890  978
890  984
890  990
890  992
890  997
891  935
891  941
891  944
891  968
891  976
891  977
891  981
891  994
891  996
891  999
892  920
892  945
892  947
892  955
892  960
892  966
892  968
892  974
892  986
892  999
893  923
893  942
893  981
894  904
894  906
894  931
894  939
894  946
894  950
894  975
894  997
895  898
895  921
895  951
895  976
895  996
895  998
895  999
896  911
896  990
897  917
897  936
897  947
897  949
897  971
897  973
897  980
897  985
897  990
897  995
898  907
898  928
898  935
898  960
898  971
898  976
898  977
898  984
898  994
898  996
898  998
899  902
899  962
899  992
899  998
900  925
900  937
900  948
900  993
900  999
901  932
901  942
901  962
901  965
901  969
901  987
901  989
901  998
901  1000
902  952
902  984
902  994
903  908
903  910
903  927
903  972
903  988
904  906
904  946
904  950
904  956
904  975
904  979
905  944
905  950
905  982
905  986
905  995
906  950
906  960
906  971
906  975
906  979
906  1000
907  915
907  935
907  941
907  956
907  976
907  977
907  993
907  994
907  998
908  920
908  953
908  957
908  959
908  963
908  967
908  982
908  994
908  998
908  999
909  914
909  920
909  953
909  957
909  963
909  982
909  995
909  997
910  972
910  997
911  944
911  985
911  986
911  987
912  935
912  976
912  977
912  994
912  996
912  997
912  998
912  999
913  919
913  941
913  971
913  980
913  985
913  987
914  919
914  922
914  957
914  959
914  960
914  964
914  981
914  982
914  995
915  920
915  923
915  930
915  968
916  927
916  928
916  999
917  942
917  955
917  964
917  979
917  981
917  988
917  996
917  997
917  999
918  934
918  944
918  960
918  984
918  986
918  990
918  991
918  996
918  997
919  945
919  982
919  984
919  987
919  995
920  941
920  945
920  953
920  966
920  987
920  1000
921  922
921  934
921  960
921  970
921  984
921  990
921  991
921  992
921  996
921  997
922  926
922  943
922  965
922  992
922  993
922  994
923  930
923  931
923  955
923  976
924  926
924  933
924  966
924  980
924  983
925  937
925  941
925  948
925  1000
926  933
926  951
926  974
926  980
926  983
926  996
927  928
927  946
927  959
928  952
928  977
929  940
929  953
929  968
929  977
929  980
929  999
930  933
930  943
930  955
930  1000
931  947
931  960
931  963
931  973
931  980
931  982
931  987
931  995
932  939
932  951
932  954
932  962
932  969
932  988
932  1000
933  934
933  946
933  948
933  974
933  983
934  940
934  960
934  970
934  984
934  990
934  991
934  992
934  997
935  941
935  956
935  994
935  996
935  998
935  999
936  938
936  947
936  951
936  993
937  946
937  948
937  949
937  976
938  954
938  963
938  989
938  992
938  995
938  996
939  954
939  962
939  965
939  969
939  971
939  989
939  1000
940  951
940  956
940  968
941  956
941  957
941  969
941  976
941  977
941  988
941  994
941  996
941  999
941  1000
942  952
942  953
942  966
943  983
943  992
943  993
944  981
944  986
945  947
945  957
945  963
945  966
945  995
946  950
946  965
946  975
946  979
946  999
947  957
947  966
947  987
947  995
947  997
948  953
948  992
948  997
949  970
949  971
949  973
949  980
949  985
949  987
949  990
949  999
950  975
951  974
951  983
953  959
953  963
953  966
953  983
953  986
953  987
953  995
953  997
954  962
954  969
954  973
954  989
954  994
954  999
954  1000
955  963
955  967
955  979
955  988
956  975
956  976
956  977
956  998
956  999
956  1000
957  966
957  967
957  978
957  982
957  984
957  986
957  987
957  989
957  997
958  961
958  965
958  989
958  991
959  987
959  990
959  995
959  997
960  984
960  991
960  997
961  976
961  992
961  994
962  963
962  965
962  974
962  984
962  989
962  997
962  1000
963  966
963  982
963  987
963  988
963  995
964  995
965  969
965  973
965  979
965  989
965  1000
966  969
966  982
966  983
966  986
966  987
966  995
967  968
967  979
967  981
967  988
967  998
969  979
969  989
969  1000
970  978
970  984
970  988
970  990
970  991
970  995
970  997
970  998
971  972
971  973
971  980
971  985
971  988
971  989
972  983
972  997
973  979
973  980
973  983
973  985
973  991
973  1000
974  983
974  985
976  977
976  990
976  994
976  996
976  997
976  999
977  985
977  994
977  996
977  997
977  998
977  999
978  980
978  982
978  984
978  990
978  991
978  993
978  997
978  1000
979  981
979  988
980  985
981  988
982  987
982  989
982  993
982  995
982  999
983  991
983  996
983  998
984  986
984  990
984  991
984  997
985  987
987  993
987  995
987  997
988  993
988  994
988  996
988  1000
989  999
989  1000
990  991
990  997
991  997
992  993
992  996
992  1000
994  998
994  999
995  996
996  999
997  1000
998  999
