1  71
1  490
1  523
1  799
1  901
1  907
1  929
1  947
1  977
2  33
2  70
2  174
2  667
2  728
2  729
2  741
2  830
2  924
3  308
3  705
3  747
3  759
3  840
3  931
3  934
3  960
3  1000
4  43
4  367
4  372
4  522
4  692
4  718
4  910
4  913
4  923
5  143
5  427
5  791
5  793
5  833
5  908
5  918
5  990
5  996
6  98
6  290
6  361
6  515
6  543
6  556
6  682
6  722
6  978
7  125
7  327
7  329
7  347
7  715
7  730
7  763
7  919
7  997
8  130
8  212
8  503
8  649
8  748
8  780
8  912
8  960
8  999
9  141
9  294
9  605
9  618
9  754
9  893
9  961
9  968
9  998
10  178
10  290
10  323
10  413
10  617
10  627
10  820
10  861
10  923
11  68
11  177
11  358
11  708
11  783
11  993
11  994
11  999
11  1000
12  224
12  225
12  470
12  548
12  668
12  741
12  850
12  875
12  910
13  114
13  276
13  529
13  616
13  738
13  911
13  938
13  951
13  993
14  398
14  552
14  561
14  721
14  814
14  815
14  825
14  971
14  987
15  439
15  535
15  569
15  573
15  590
15  808
15  830
15  868
15  980
16  264
16  291
16  310
16  532
16  562
16  596
16  857
16  907
16  978
17  169
17  304
17  524
17  661
17  721
17  747
17  924
17  960
17  987
18  205
18  223
18  459
18  585
18  776
18  851
18  874
18  944
18  978
19  52
19  259
19  316
19  632
19  655
19  913
19  940
19  997
19  998
20  101
20  177
20  529
20  553
20  760
20  805
20  936
20  965
20  966
21  60
21  289
21  499
21  593
21  614
21  671
21  750
21  987
21  991
22  237
22  256
22  525
22  823
22  836
22  837
22  970
22  987
22  1000
23  141
23  162
23  534
23  673
23  756
23  809
23  842
23  965
23  966
24  228
24  334
24  631
24  883
24  894
24  916
24  921
24  959
24  971
25  594
25  783
25  820
25  921
25  932
25  946
25  950
25  966
25  984
26  96
26  625
26  929
26  939
26  944
26  968
26  983
26  997
26  999
27  124
27  283
27  460
27  505
27  652
27  780
27  938
27  951
27  993
28  293
28  481
28  732
28  798
28  840
28  842
28  849
28  942
28  983
29  292
29  497
29  561
29  577
29  848
29  893
29  957
29  968
29  989
30  542
30  566
30  667
30  700
30  734
30  843
30  890
30  969
30  996
31  58
31  171
31  489
31  515
31  561
31  755
31  896
31  978
31  991
32  67
32  293
32  344
32  688
32  778
32  845
32  874
32  907
32  923
33  244
33  851
33  891
33  910
33  925
33  927
33  974
33  992
34  66
34  206
34  667
34  733
34  767
34  820
34  969
34  973
34  986
35  162
35  261
35  638
35  693
35  743
35  859
35  898
35  930
35  961
36  84
36  124
36  143
36  473
36  593
36  750
36  766
36  798
36  858
37  121
37  208
37  519
37  542
37  573
37  903
37  959
37  999
37  1000
38  166
38  494
38  572
38  608
38  717
38  896
38  917
38  995
38  1000
39  98
39  377
39  557
39  576
39  729
39  788
39  807
39  907
39  981
40  91
40  182
40  224
40  279
40  387
40  417
40  521
40  856
40  923
41  127
41  668
41  697
41  803
41  850
41  851
41  927
41  974
41  975
42  385
42  662
42  718
42  741
42  886
42  896
42  951
42  962
42  975
43  67
43  120
43  252
43  279
43  489
43  600
43  637
43  925
44  138
44  144
44  158
44  204
44  459
44  558
44  763
44  821
44  888
45  170
45  230
45  231
45  417
45  466
45  540
45  833
45  960
45  1000
46  251
46  781
46  863
46  906
46  929
46  935
46  937
46  979
46  986
47  219
47  296
47  319
47  399
47  767
47  794
47  847
47  912
47  916
48  564
48  595
48  863
48  893
48  900
48  926
48  935
48  979
48  993
49  105
49  166
49  269
49  270
49  356
49  499
49  864
49  894
49  949
50  210
50  567
50  704
50  798
50  810
50  816
50  864
50  935
50  979
51  440
51  591
51  609
51  639
51  735
51  743
51  851
51  957
51  993
52  127
52  163
52  180
52  363
52  384
52  531
52  824
52  969
53  106
53  209
53  498
53  612
53  802
53  898
53  964
53  985
53  987
54  376
54  405
54  453
54  632
54  639
54  729
54  984
54  991
54  995
55  140
55  205
55  208
55  504
55  539
55  577
55  923
55  980
55  990
56  69
56  78
56  189
56  413
56  656
56  700
56  716
56  803
56  909
57  311
57  484
57  511
57  545
57  594
57  714
57  800
57  986
57  997
58  159
58  496
58  832
58  933
58  946
58  953
58  958
58  986
59  307
59  360
59  543
59  560
59  688
59  747
59  836
59  882
59  961
60  556
60  594
60  728
60  867
60  888
60  914
60  954
60  999
61  81
61  424
61  445
61  451
61  484
61  758
61  901
61  902
61  992
62  182
62  278
62  312
62  415
62  710
62  734
62  780
62  840
62  860
63  166
63  623
63  667
63  710
63  730
63  969
63  980
63  992
63  998
64  144
64  439
64  453
64  511
64  636
64  776
64  973
64  974
64  995
65  88
65  120
65  388
65  415
65  752
65  772
65  813
65  825
65  829
66  393
66  544
66  570
66  627
66  769
66  822
66  949
66  971
67  433
67  519
67  659
67  691
67  918
67  995
67  997
68  444
68  673
68  703
68  795
68  815
68  907
68  962
68  977
69  299
69  329
69  617
69  663
69  896
69  909
69  962
69  988
70  148
70  263
70  403
70  756
70  892
70  917
70  964
70  972
71  632
71  673
71  811
71  828
71  833
71  843
71  844
71  991
72  235
72  382
72  671
72  742
72  838
72  880
72  906
72  943
72  998
73  122
73  324
73  478
73  567
73  772
73  781
73  807
73  948
73  991
74  85
74  122
74  193
74  373
74  413
74  628
74  741
74  871
74  953
75  394
75  422
75  465
75  565
75  710
75  756
75  853
75  964
75  998
76  213
76  443
76  660
76  725
76  824
76  858
76  938
76  985
76  999
77  670
77  696
77  803
77  817
77  825
77  902
77  946
77  950
77  996
78  152
78  166
78  485
78  569
78  609
78  916
78  924
78  985
79  205
79  349
79  575
79  663
79  799
79  800
79  916
79  955
79  992
80  141
80  176
80  336
80  783
80  853
80  920
80  921
80  945
80  996
81  267
81  322
81  418
81  806
81  829
81  897
81  919
81  922
82  255
82  283
82  509
82  572
82  738
82  786
82  838
82  913
82  919
83  561
83  675
83  721
83  946
83  949
83  952
83  960
83  981
83  984
84  228
84  581
84  700
84  722
84  783
84  831
84  859
84  998
85  301
85  409
85  510
85  614
85  812
85  926
85  934
85  983
86  310
86  444
86  466
86  515
86  625
86  649
86  884
86  978
86  981
87  92
87  381
87  397
87  733
87  738
87  751
87  795
87  991
87  998
88  268
88  565
88  758
88  785
88  842
88  944
88  973
88  995
89  364
89  544
89  745
89  834
89  838
89  953
89  982
89  992
89  998
90  201
90  239
90  260
90  487
90  650
90  789
90  955
90  957
90  968
91  195
91  401
91  421
91  439
91  605
91  879
91  894
91  895
92  93
92  177
92  286
92  434
92  734
92  802
92  949
92  977
93  161
93  617
93  703
93  882
93  888
93  950
93  957
93  961
94  348
94  647
94  799
94  843
94  898
94  908
94  912
94  961
94  973
95  363
95  373
95  497
95  526
95  654
95  669
95  857
95  908
95  990
96  484
96  624
96  666
96  728
96  775
96  894
96  953
96  994
97  137
97  204
97  238
97  244
97  345
97  388
97  420
97  571
97  876
98  600
98  656
98  695
98  702
98  924
98  933
98  981
99  169
99  578
99  852
99  857
99  927
99  956
99  981
99  989
99  993
100  178
100  292
100  477
100  551
100  700
100  827
100  840
100  900
100  998
101  144
101  317
101  490
101  822
101  935
101  971
101  991
101  993
102  267
102  318
102  478
102  520
102  826
102  918
102  922
102  947
102  966
103  162
103  251
103  494
103  687
103  835
103  841
103  848
103  960
103  968
104  168
104  374
104  645
104  672
104  918
104  942
104  959
104  972
104  994
105  290
105  495
105  551
105  768
105  944
105  951
105  974
105  985
106  149
106  186
106  231
106  916
106  961
106  985
106  989
106  998
107  480
107  554
107  620
107  784
107  882
107  911
107  935
107  958
107  979
108  156
108  261
108  586
108  670
108  743
108  773
108  843
108  897
108  989
109  262
109  423
109  562
109  617
109  787
109  806
109  966
109  985
109  989
110  198
110  289
110  542
110  564
110  643
110  663
110  901
110  904
110  974
111  129
111  337
111  386
111  405
111  714
111  745
111  764
111  868
111  984
112  603
112  737
112  773
112  802
112  825
112  865
112  925
112  945
112  999
113  180
113  240
113  514
113  725
113  825
113  920
113  964
113  991
113  997
114  474
114  577
114  708
114  759
114  881
114  898
114  911
114  992
115  669
115  714
115  723
115  769
115  842
115  851
115  910
115  972
115  974
116  195
116  221
116  396
116  478
116  652
116  653
116  859
116  878
116  987
117  148
117  173
117  221
117  536
117  658
117  771
117  870
117  886
117  988
118  138
118  274
118  338
118  375
118  452
118  698
118  760
118  887
118  923
119  274
119  348
119  451
119  570
119  736
119  786
119  829
119  911
119  962
120  181
120  236
120  402
120  715
120  913
120  962
120  966
121  387
121  458
121  574
121  604
121  803
121  909
121  986
121  998
122  299
122  427
122  709
122  781
122  810
122  835
122  979
123  185
123  442
123  568
123  632
123  654
123  706
123  849
123  961
123  980
124  389
124  492
124  750
124  910
124  988
124  990
124  997
125  142
125  305
125  376
125  427
125  626
125  797
125  862
125  999
126  174
126  255
126  353
126  613
126  752
126  854
126  902
126  945
126  998
127  279
127  441
127  456
127  787
127  910
127  927
127  974
128  370
128  406
128  447
128  453
128  558
128  571
128  786
128  818
128  938
129  325
129  372
129  834
129  885
129  909
129  941
129  950
129  996
130  321
130  352
130  485
130  657
130  666
130  734
130  811
130  868
131  337
131  584
131  683
131  717
131  865
131  921
131  977
131  998
131  1000
132  211
132  472
132  521
132  613
132  687
132  870
132  918
132  938
132  983
133  160
133  448
133  856
133  890
133  958
133  968
133  970
133  998
133  1000
134  308
134  338
134  691
134  726
134  767
134  783
134  888
134  979
134  995
135  291
135  451
135  533
135  657
135  717
135  764
135  811
135  850
135  978
136  207
136  645
136  712
136  735
136  870
136  930
136  982
136  991
136  996
137  188
137  561
137  639
137  781
137  798
137  874
137  977
137  985
138  183
138  546
138  659
138  796
138  847
138  854
138  989
139  185
139  563
139  596
139  665
139  766
139  807
139  858
139  874
139  944
140  169
140  394
140  756
140  851
140  927
140  973
140  974
140  989
141  674
141  748
141  869
141  911
141  937
141  975
142  369
142  770
142  781
142  926
142  935
142  966
142  979
142  997
143  338
143  491
143  643
143  845
143  964
143  968
143  984
144  453
144  623
144  846
144  855
144  878
144  965
145  370
145  601
145  613
145  628
145  800
145  916
145  992
145  994
145  995
146  321
146  553
146  594
146  604
146  762
146  778
146  900
146  914
146  970
147  448
147  495
147  511
147  545
147  601
147  619
147  799
147  906
147  955
148  492
148  530
148  673
148  687
148  729
148  936
148  948
149  151
149  343
149  702
149  862
149  899
149  944
149  949
149  999
150  335
150  411
150  444
150  738
150  747
150  874
150  928
150  970
150  1000
151  367
151  409
151  543
151  746
151  852
151  892
151  958
151  962
152  273
152  442
152  457
152  510
152  660
152  758
152  768
152  817
153  466
153  543
153  797
153  832
153  865
153  914
153  981
153  994
153  997
154  415
154  636
154  641
154  678
154  817
154  828
154  879
154  949
154  974
155  216
155  428
155  447
155  459
155  518
155  755
155  757
155  882
155  978
156  180
156  411
156  487
156  870
156  935
156  939
156  940
156  961
157  211
157  549
157  675
157  723
157  874
157  916
157  972
157  990
157  994
158  323
158  636
158  852
158  873
158  904
158  964
158  997
158  998
159  184
159  287
159  290
159  449
159  535
159  551
159  603
159  646
160  294
160  394
160  556
160  646
160  767
160  956
160  971
160  986
161  442
161  857
161  882
161  889
161  892
161  943
161  961
161  995
162  607
162  723
162  735
162  861
162  956
162  966
163  212
163  250
163  432
163  546
163  556
163  730
163  847
163  969
164  762
164  784
164  808
164  810
164  847
164  931
164  934
164  957
164  979
165  247
165  325
165  754
165  855
165  860
165  978
165  982
165  993
165  995
166  570
166  663
166  773
166  844
166  989
167  392
167  486
167  511
167  539
167  744
167  910
167  927
167  949
167  974
168  179
168  310
168  502
168  851
168  880
168  908
168  972
168  994
169  290
169  584
169  592
169  695
169  756
169  976
170  399
170  548
170  685
170  719
170  736
170  753
170  854
170  991
171  722
171  851
171  907
171  930
171  978
171  981
171  986
171  997
172  220
172  223
172  312
172  360
172  382
172  572
172  706
172  790
172  967
172  973
173  400
173  524
173  711
173  739
173  922
173  932
173  962
173  980
173  1000
174  248
174  436
174  579
174  655
174  684
174  786
174  902
174  919
175  303
175  376
175  447
175  451
175  626
175  721
175  780
175  843
175  949
175  987
176  248
176  475
176  620
176  706
176  864
176  866
176  920
176  969
176  975
177  732
177  778
177  836
177  944
177  945
177  981
177  982
178  226
178  368
178  386
178  539
178  602
178  682
178  850
178  963
179  371
179  383
179  601
179  605
179  629
179  690
179  724
179  867
179  960
180  189
180  263
180  615
180  671
180  673
180  727
180  822
181  234
181  308
181  566
181  705
181  719
181  816
181  864
181  972
181  994
182  655
182  663
182  708
182  776
182  840
182  858
182  989
182  999
183  524
183  695
183  852
183  862
183  875
183  888
183  892
183  904
183  924
184  350
184  377
184  655
184  667
184  708
184  835
184  859
184  968
184  994
185  522
185  538
185  598
185  648
185  761
185  906
185  942
185  985
186  213
186  218
186  313
186  373
186  509
186  688
186  743
186  817
186  949
187  212
187  405
187  433
187  489
187  684
187  720
187  843
187  850
187  902
187  951
188  425
188  604
188  650
188  796
188  929
188  945
188  949
188  968
188  989
189  293
189  686
189  726
189  763
189  852
189  878
189  938
189  975
190  342
190  369
190  403
190  716
190  763
190  776
190  850
190  990
190  995
190  997
191  283
191  397
191  649
191  707
191  794
191  801
191  850
191  891
191  912
191  942
192  266
192  434
192  577
192  619
192  883
192  903
192  921
192  959
192  987
192  1000
193  240
193  380
193  524
193  603
193  736
193  774
193  822
193  882
193  939
194  222
194  370
194  599
194  600
194  784
194  909
194  950
194  963
194  966
194  996
195  291
195  432
195  617
195  712
195  862
195  899
195  959
195  991
196  266
196  273
196  282
196  382
196  422
196  597
196  667
196  785
196  841
196  873
197  216
197  261
197  609
197  631
197  730
197  884
197  951
197  957
197  961
197  981
198  468
198  564
198  580
198  616
198  790
198  927
198  974
198  978
198  992
199  234
199  290
199  606
199  730
199  736
199  904
199  912
199  920
199  939
199  997
200  226
200  243
200  297
200  554
200  804
200  842
200  925
200  940
200  967
200  999
201  532
201  663
201  690
201  763
201  779
201  794
201  844
201  916
201  980
202  217
202  334
202  414
202  584
202  666
202  694
202  903
202  929
202  959
202  970
203  630
203  665
203  671
203  837
203  860
203  902
203  922
203  938
203  963
203  993
204  243
204  302
204  383
204  700
204  731
204  896
204  948
204  969
205  432
205  545
205  687
205  722
205  783
205  907
205  978
206  624
206  699
206  769
206  827
206  847
206  848
206  925
206  942
206  967
207  271
207  343
207  386
207  521
207  843
207  854
207  912
207  963
207  975
208  400
208  402
208  409
208  604
208  739
208  807
208  832
208  971
209  443
209  455
209  499
209  570
209  660
209  750
209  911
209  971
209  978
210  391
210  550
210  688
210  695
210  706
210  792
210  841
210  933
210  946
211  275
211  358
211  377
211  442
211  718
211  913
211  969
211  981
212  361
212  465
212  574
212  787
212  846
212  928
212  998
213  260
213  372
213  442
213  461
213  660
213  911
213  981
213  991
214  241
214  357
214  531
214  597
214  797
214  848
214  928
214  944
214  970
214  997
215  392
215  423
215  486
215  495
215  617
215  768
215  919
215  927
215  966
215  974
216  233
216  559
216  740
216  877
216  912
216  924
216  977
216  1000
217  284
217  311
217  396
217  538
217  576
217  651
217  721
217  764
217  796
218  223
218  268
218  278
218  536
218  610
218  627
218  652
218  785
218  886
219  249
219  360
219  631
219  730
219  733
219  772
219  805
219  908
219  948
220  338
220  505
220  568
220  728
220  737
220  854
220  904
220  969
220  977
221  384
221  544
221  902
221  942
221  962
221  973
221  985
221  995
222  423
222  449
222  678
222  869
222  908
222  937
222  965
222  966
222  984
223  646
223  743
223  810
223  848
223  859
223  953
223  954
224  333
224  530
224  672
224  728
224  775
224  876
224  970
224  983
225  616
225  620
225  646
225  653
225  677
225  680
225  908
225  970
225  1000
226  382
226  490
226  669
226  720
226  794
226  821
226  894
226  990
227  337
227  626
227  791
227  808
227  812
227  861
227  928
227  958
227  963
227  983
228  668
228  719
228  842
228  845
228  906
228  920
228  973
228  994
229  259
229  434
229  450
229  505
229  517
229  529
229  791
229  885
229  930
229  934
230  272
230  504
230  524
230  615
230  792
230  814
230  900
230  935
230  975
231  501
231  690
231  755
231  783
231  796
231  816
231  858
231  923
232  306
232  359
232  582
232  660
232  807
232  846
232  915
232  941
232  980
232  996
233  317
233  330
233  385
233  471
233  720
233  747
233  888
233  934
233  963
234  345
234  412
234  502
234  567
234  710
234  922
234  925
234  990
235  267
235  628
235  792
235  802
235  906
235  947
235  973
235  985
235  994
236  312
236  448
236  455
236  599
236  620
236  877
236  974
236  976
236  990
237  785
237  805
237  861
237  880
237  897
237  952
237  975
237  999
237  1000
238  322
238  571
238  572
238  583
238  663
238  700
238  772
238  862
238  958
239  371
239  426
239  532
239  665
239  701
239  787
239  791
239  878
239  890
240  276
240  387
240  773
240  782
240  917
240  945
240  952
240  985
241  431
241  541
241  678
241  820
241  858
241  877
241  975
241  993
241  1000
242  265
242  353
242  438
242  608
242  661
242  751
242  795
242  902
242  952
242  996
243  302
243  328
243  405
243  713
243  856
243  892
243  977
243  980
244  325
244  525
244  677
244  740
244  885
244  912
244  914
244  1000
245  266
245  605
245  745
245  750
245  892
245  934
245  936
245  940
245  946
245  996
246  390
246  508
246  564
246  849
246  855
246  932
246  952
246  975
246  984
246  996
247  297
247  360
247  656
247  691
247  751
247  967
247  992
247  993
247  1000
248  530
248  819
248  823
248  912
248  960
248  975
248  982
248  1000
249  306
249  544
249  632
249  726
249  851
249  905
249  948
249  989
249  995
250  396
250  549
250  610
250  665
250  773
250  891
250  925
250  948
250  976
251  378
251  492
251  647
251  699
251  758
251  940
251  967
251  1000
252  263
252  269
252  383
252  569
252  726
252  958
252  959
252  980
252  982
253  285
253  324
253  433
253  483
253  502
253  584
253  608
253  657
253  879
253  903
254  306
254  411
254  604
254  741
254  880
254  894
254  922
254  948
254  954
254  989
255  322
255  526
255  570
255  775
255  826
255  890
255  902
255  962
256  438
256  787
256  924
256  936
256  941
256  952
256  954
256  989
256  996
257  293
257  407
257  561
257  575
257  615
257  629
257  734
257  796
257  899
257  972
258  406
258  657
258  713
258  725
258  784
258  826
258  895
258  906
258  943
258  997
259  547
259  588
259  616
259  624
259  700
259  720
259  970
259  975
260  362
260  370
260  484
260  511
260  613
260  858
260  955
260  999
261  350
261  615
261  869
261  898
261  926
261  950
261  996
262  358
262  362
262  686
262  799
262  880
262  944
262  980
262  998
262  999
263  627
263  643
263  757
263  808
263  820
263  948
263  976
264  302
264  504
264  533
264  539
264  575
264  621
264  682
264  881
264  1000
265  281
265  287
265  410
265  528
265  567
265  645
265  723
265  972
265  994
266  348
266  422
266  774
266  885
266  994
266  997
266  998
267  451
267  712
267  770
267  795
267  881
267  943
267  947
268  419
268  508
268  721
268  765
268  876
268  924
268  967
268  984
269  327
269  338
269  561
269  577
269  889
269  898
269  966
269  984
270  492
270  530
270  675
270  738
270  883
270  891
270  916
270  949
270  987
271  309
271  341
271  402
271  457
271  506
271  820
271  939
271  950
271  993
272  713
272  801
272  834
272  909
272  932
272  952
272  956
272  993
272  996
273  542
273  601
273  748
273  841
273  854
273  968
273  978
273  999
274  301
274  712
274  855
274  863
274  879
274  926
274  935
274  979
275  515
275  595
275  617
275  664
275  686
275  776
275  875
275  964
275  971
276  291
276  339
276  626
276  812
276  822
276  953
276  954
276  1000
277  392
277  406
277  423
277  522
277  618
277  759
277  823
277  911
277  990
277  995
278  279
278  600
278  885
278  904
278  916
278  969
278  997
278  998
279  375
279  418
279  596
279  758
279  844
279  995
280  314
280  328
280  507
280  777
280  785
280  834
280  900
280  926
280  927
280  960
281  331
281  389
281  542
281  609
281  675
281  681
281  806
281  847
281  958
282  569
282  874
282  875
282  942
282  961
282  980
282  982
282  988
282  993
283  370
283  692
283  866
283  932
283  957
283  973
283  974
284  433
284  489
284  569
284  592
284  761
284  778
284  858
284  994
284  999
285  472
285  483
285  568
285  578
285  792
285  827
285  832
285  848
285  959
286  356
286  481
286  695
286  827
286  876
286  924
286  926
286  973
286  982
287  430
287  539
287  569
287  599
287  668
287  694
287  833
287  835
288  430
288  436
288  591
288  654
288  763
288  898
288  908
288  956
288  957
288  996
289  516
289  681
289  724
289  754
289  768
289  874
289  875
289  910
290  553
290  767
290  859
290  972
291  683
291  693
291  823
291  846
291  950
291  976
292  665
292  674
292  690
292  720
292  834
292  955
292  997
292  999
293  369
293  475
293  576
293  648
293  844
293  999
294  541
294  551
294  783
294  933
294  971
294  972
294  998
294  999
295  394
295  630
295  633
295  640
295  714
295  837
295  866
295  972
295  974
295  989
296  654
296  698
296  699
296  882
296  917
296  961
296  962
296  988
296  994
297  356
297  768
297  807
297  827
297  868
297  938
297  940
297  973
298  396
298  526
298  568
298  606
298  759
298  844
298  847
298  923
298  953
298  985
299  386
299  666
299  775
299  776
299  845
299  972
299  975
299  994
300  352
300  502
300  589
300  666
300  668
300  706
300  719
300  923
300  937
300  994
301  542
301  598
301  615
301  638
301  799
301  898
301  961
301  984
302  413
302  441
302  547
302  807
302  938
302  958
302  995
303  413
303  504
303  621
303  651
303  689
303  770
303  909
303  947
303  971
304  305
304  306
304  373
304  790
304  828
304  836
304  874
304  945
304  988
305  363
305  458
305  527
305  668
305  824
305  934
305  952
305  953
306  803
306  831
306  864
306  914
306  977
306  984
307  625
307  845
307  867
307  893
307  920
307  958
307  984
307  995
307  996
308  537
308  863
308  879
308  919
308  958
308  983
308  1000
309  470
309  581
309  584
309  606
309  679
309  848
309  903
309  943
309  1000
310  425
310  611
310  665
310  763
310  978
310  997
310  999
311  486
311  548
311  551
311  644
311  685
311  900
311  910
311  974
312  401
312  624
312  650
312  765
312  922
312  925
312  940
313  425
313  575
313  644
313  781
313  788
313  880
313  932
313  991
313  993
314  334
314  422
314  514
314  673
314  790
314  806
314  861
314  900
314  974
315  537
315  570
315  575
315  705
315  731
315  744
315  771
315  869
315  889
315  934
316  624
316  703
316  788
316  790
316  861
316  890
316  933
316  967
316  973
317  472
317  514
317  552
317  573
317  623
317  686
317  695
317  860
318  355
318  406
318  689
318  876
318  917
318  934
318  935
318  947
318  954
319  349
319  507
319  531
319  683
319  816
319  820
319  940
319  958
319  999
320  340
320  353
320  527
320  661
320  781
320  807
320  876
320  934
320  940
320  950
321  480
321  544
321  603
321  651
321  661
321  767
321  899
321  921
321  974
322  327
322  370
322  516
322  553
322  700
322  701
322  873
322  966
323  336
323  626
323  631
323  725
323  884
323  898
323  910
323  957
323  983
324  357
324  434
324  513
324  554
324  606
324  718
324  815
324  881
324  942
325  383
325  588
325  676
325  745
325  821
325  931
325  980
325  1000
326  687
326  700
326  780
326  782
326  812
326  880
326  886
326  948
326  953
326  965
326  986
327  464
327  490
327  615
327  673
327  829
327  882
327  902
327  919
328  701
328  770
328  840
328  903
328  947
328  953
328  964
328  968
328  997
329  532
329  691
329  755
329  821
329  861
329  901
329  977
329  988
329  990
330  375
330  410
330  445
330  581
330  674
330  675
330  728
330  742
330  972
330  994
331  332
331  545
331  576
331  719
331  839
331  859
331  897
331  922
331  972
331  994
332  351
332  630
332  706
332  758
332  830
332  831
332  871
332  943
332  964
332  981
333  432
333  535
333  592
333  627
333  703
333  736
333  805
333  846
333  900
333  930
334  412
334  529
334  578
334  616
334  676
334  748
334  881
334  944
335  598
335  614
335  771
335  824
335  895
335  970
335  978
335  990
335  992
335  993
336  407
336  698
336  724
336  798
336  811
336  888
336  908
336  935
336  971
337  565
337  650
337  825
337  859
337  914
337  997
337  998
337  999
338  459
338  667
338  910
338  920
338  992
338  997
339  432
339  528
339  794
339  815
339  835
339  873
339  911
339  919
339  963
339  991
340  395
340  478
340  483
340  513
340  729
340  883
340  886
340  900
340  921
340  988
341  364
341  485
341  488
341  606
341  614
341  635
341  881
341  897
341  903
341  959
342  589
342  630
342  655
342  688
342  830
342  852
342  909
342  927
342  945
342  960
343  368
343  388
343  447
343  573
343  655
343  873
343  898
343  905
343  963
344  638
344  672
344  720
344  897
344  917
344  925
344  971
344  975
344  999
344  1000
345  422
345  491
345  691
345  715
345  839
345  863
345  879
345  972
345  994
346  376
346  702
346  737
346  822
346  845
346  912
346  917
346  931
346  953
346  975
346  1000
347  645
347  650
347  672
347  777
347  801
347  959
347  975
347  983
347  992
347  1000
348  356
348  514
348  674
348  711
348  929
348  946
348  964
348  967
349  410
349  485
349  881
349  883
349  921
349  954
349  959
349  961
349  984
350  541
350  639
350  703
350  769
350  865
350  954
350  955
350  997
350  998
351  377
351  511
351  646
351  727
351  732
351  861
351  924
351  926
351  981
351  996
352  534
352  657
352  764
352  772
352  799
352  850
352  891
352  906
352  963
353  441
353  698
353  757
353  855
353  867
353  928
353  939
353  946
354  443
354  640
354  645
354  890
354  893
354  895
354  911
354  936
354  961
354  971
354  987
355  399
355  549
355  621
355  691
355  761
355  770
355  906
355  943
355  978
355  988
356  863
356  925
356  943
356  967
356  973
356  975
356  995
357  485
357  658
357  691
357  821
357  833
357  871
357  945
357  995
357  996
358  462
358  522
358  589
358  658
358  737
358  913
358  968
358  970
359  598
359  702
359  735
359  876
359  915
359  969
359  974
359  976
359  992
359  993
360  499
360  540
360  687
360  781
360  785
360  861
360  931
361  395
361  469
361  482
361  585
361  816
361  887
361  907
361  978
361  995
362  501
362  655
362  752
362  827
362  933
362  967
362  973
362  974
362  997
363  427
363  431
363  650
363  821
363  830
363  888
363  922
363  932
364  455
364  523
364  526
364  579
364  611
364  617
364  812
364  866
364  984
365  388
365  396
365  402
365  487
365  538
365  630
365  646
365  763
365  779
365  848
365  976
366  625
366  644
366  646
366  705
366  713
366  761
366  790
366  837
366  885
366  946
366  996
367  496
367  728
367  832
367  920
367  938
367  962
367  971
367  990
367  992
368  526
368  573
368  612
368  770
368  868
368  903
368  910
368  963
368  996
369  681
369  765
369  864
369  871
369  877
369  926
369  935
369  979
370  752
370  802
370  846
370  919
370  969
371  484
371  532
371  623
371  715
371  851
371  884
371  916
371  946
371  994
372  479
372  618
372  658
372  854
372  867
372  905
372  941
372  972
373  480
373  844
373  874
373  938
373  965
373  966
373  989
374  502
374  518
374  603
374  668
374  686
374  705
374  719
374  780
374  862
374  983
375  778
375  782
375  858
375  902
375  925
375  955
375  976
375  989
376  403
376  477
376  676
376  735
376  830
376  919
376  946
377  412
377  441
377  552
377  563
377  761
377  956
377  981
378  547
378  557
378  592
378  748
378  790
378  827
378  842
378  920
378  940
378  988
379  476
379  501
379  600
379  663
379  729
379  749
379  841
379  926
379  975
379  995
379  999
380  571
380  718
380  772
380  818
380  829
380  919
380  928
380  943
380  983
380  985
381  440
381  650
381  687
381  798
381  806
381  836
381  878
381  896
381  928
381  988
382  563
382  683
382  790
382  810
382  951
382  967
382  973
383  574
383  662
383  837
383  921
383  970
383  987
383  995
384  555
384  614
384  651
384  779
384  822
384  846
384  937
384  954
384  973
385  489
385  590
385  701
385  726
385  818
385  854
385  868
385  963
385  984
386  512
386  523
386  629
386  728
386  850
386  904
386  929
387  418
387  423
387  754
387  759
387  810
387  855
387  989
387  991
388  424
388  656
388  684
388  708
388  822
388  902
388  930
389  607
389  617
389  668
389  681
389  743
389  775
389  791
389  845
389  955
390  864
390  876
390  878
390  884
390  893
390  901
390  943
390  958
390  984
390  996
391  508
391  546
391  628
391  661
391  713
391  848
391  992
391  993
391  995
391  996
392  641
392  645
392  780
392  835
392  929
392  987
392  991
392  998
393  520
393  600
393  637
393  686
393  809
393  838
393  849
393  852
393  968
393  981
394  551
394  582
394  714
394  927
394  976
394  998
394  999
395  437
395  589
395  834
395  835
395  852
395  878
395  879
395  895
395  930
396  594
396  787
396  896
396  909
396  914
396  989
397  404
397  540
397  776
397  790
397  807
397  914
397  965
397  966
397  996
398  496
398  507
398  608
398  611
398  777
398  801
398  899
398  939
398  986
398  997
399  467
399  576
399  696
399  808
399  932
399  953
399  976
399  986
400  465
400  568
400  579
400  806
400  821
400  857
400  896
400  970
400  989
401  429
401  557
401  690
401  787
401  800
401  886
401  916
401  921
401  955
402  439
402  534
402  559
402  877
402  907
402  989
402  990
403  612
403  738
403  849
403  903
403  914
403  949
403  987
403  988
404  411
404  512
404  597
404  706
404  907
404  936
404  946
404  956
404  965
404  996
405  505
405  602
405  708
405  811
405  832
405  873
405  941
406  432
406  533
406  547
406  863
406  943
406  947
406  969
407  420
407  473
407  614
407  679
407  719
407  803
407  891
407  964
407  971
408  437
408  612
408  677
408  703
408  831
408  853
408  958
408  970
408  975
408  995
408  998
409  627
409  763
409  822
409  831
409  879
409  939
409  971
409  986
410  435
410  607
410  949
410  959
410  972
410  976
410  990
410  994
411  515
411  727
411  736
411  745
411  836
411  922
411  986
412  674
412  705
412  745
412  775
412  778
412  839
412  955
412  994
413  526
413  605
413  628
413  767
413  932
413  939
414  706
414  732
414  847
414  865
414  883
414  894
414  903
414  921
414  959
414  982
415  631
415  819
415  826
415  858
415  906
415  930
415  943
415  947
416  562
416  592
416  645
416  649
416  722
416  853
416  879
416  901
416  907
416  978
416  981
417  673
417  676
417  688
417  773
417  809
417  813
417  872
417  915
417  956
418  554
418  605
418  639
418  821
418  849
418  859
418  976
418  989
419  436
419  446
419  449
419  458
419  590
419  748
419  759
419  837
419  872
419  993
420  457
420  752
420  786
420  807
420  813
420  818
420  869
420  919
420  967
421  430
421  479
421  788
421  829
421  887
421  893
421  918
421  952
421  965
421  966
422  603
422  778
422  906
422  945
422  951
422  964
423  732
423  787
423  833
423  858
423  983
423  989
424  451
424  472
424  488
424  490
424  525
424  772
424  802
424  849
424  992
425  444
425  585
425  685
425  755
425  815
425  978
425  994
425  995
426  493
426  613
426  641
426  690
426  709
426  765
426  786
426  800
426  822
426  879
427  458
427  635
427  776
427  973
427  984
427  987
427  995
428  459
428  532
428  562
428  585
428  607
428  667
428  807
428  937
428  960
428  978
429  437
429  484
429  545
429  604
429  605
429  720
429  832
429  927
429  955
429  995
430  704
430  723
430  857
430  882
430  890
430  898
430  943
430  958
431  523
431  694
431  761
431  835
431  890
431  917
431  920
431  992
431  1000
432  639
432  893
432  977
432  985
432  996
433  553
433  563
433  870
433  899
433  925
433  967
433  973
434  549
434  568
434  716
434  852
434  921
434  959
434  981
435  551
435  572
435  753
435  754
435  808
435  859
435  863
435  864
435  926
435  979
435  990
436  646
436  696
436  771
436  789
436  818
436  829
436  866
436  915
436  978
437  569
437  614
437  641
437  697
437  734
437  856
437  885
437  891
437  987
438  577
438  619
438  696
438  801
438  841
438  860
438  862
438  893
438  995
438  996
439  448
439  464
439  871
439  893
439  934
439  985
439  988
439  999
440  454
440  586
440  722
440  806
440  822
440  849
440  923
440  927
440  932
440  954
441  512
441  541
441  697
441  792
441  892
441  960
441  964
441  981
442  653
442  746
442  860
442  920
442  958
442  971
442  989
443  498
443  523
443  528
443  597
443  735
443  839
443  874
443  981
443  987
444  494
444  722
444  755
444  839
444  929
444  978
444  994
444  998
445  504
445  579
445  693
445  729
445  807
445  812
445  830
445  861
445  956
445  978
446  473
446  528
446  557
446  683
446  808
446  921
446  951
446  964
446  979
446  982
446  993
447  465
447  610
447  614
447  841
447  878
447  930
447  977
447  1000
448  481
448  710
448  759
448  762
448  812
448  860
448  869
448  996
449  459
449  499
449  791
449  897
449  920
449  970
449  975
449  983
449  986
450  463
450  491
450  521
450  714
450  719
450  723
450  796
450  839
450  856
450  944
450  949
451  611
451  723
451  766
451  902
451  919
451  1000
452  481
452  566
452  612
452  631
452  846
452  880
452  932
452  966
452  987
452  992
452  993
453  796
453  832
453  874
453  926
453  930
453  980
453  990
453  995
454  501
454  515
454  742
454  778
454  836
454  847
454  878
454  880
454  923
454  926
454  989
455  464
455  473
455  534
455  603
455  654
455  669
455  866
455  891
455  991
456  496
456  497
456  505
456  606
456  621
456  791
456  840
456  883
456  903
456  921
456  939
457  463
457  487
457  517
457  529
457  606
457  829
457  903
457  959
457  972
458  608
458  767
458  918
458  942
458  962
458  973
458  983
458  990
459  562
459  654
459  661
459  825
459  828
459  978
460  518
460  557
460  691
460  713
460  743
460  779
460  834
460  841
460  866
460  944
460  990
461  501
461  721
461  870
461  876
461  913
461  940
461  944
461  973
461  983
461  986
461  994
462  737
462  816
462  840
462  904
462  921
462  950
462  967
462  968
462  983
462  991
462  998
463  502
463  587
463  633
463  692
463  723
463  836
463  929
463  950
463  972
463  994
464  517
464  570
464  572
464  752
464  765
464  825
464  902
464  940
464  981
465  578
465  748
465  850
465  904
465  907
465  996
465  997
465  999
466  530
466  580
466  584
466  646
466  715
466  743
466  750
466  780
466  997
467  692
467  739
467  774
467  788
467  793
467  799
467  832
467  891
467  975
467  982
467  993
468  533
468  621
468  671
468  702
468  766
468  813
468  943
468  947
468  969
468  991
468  994
469  531
469  552
469  586
469  634
469  649
469  722
469  727
469  799
469  907
469  971
469  978
470  475
470  507
470  641
470  678
470  721
470  734
470  769
470  828
470  898
470  971
471  535
471  717
471  809
471  850
471  873
471  878
471  963
471  972
471  983
471  992
471  993
472  586
472  597
472  654
472  785
472  821
472  843
472  934
472  995
473  538
473  734
473  794
473  880
473  900
473  949
473  977
473  978
474  495
474  549
474  574
474  775
474  795
474  835
474  912
474  928
474  933
474  972
474  1000
475  516
475  531
475  652
475  656
475  865
475  872
475  904
475  947
475  999
476  520
476  533
476  727
476  747
476  756
476  769
476  788
476  809
476  956
476  960
476  995
477  507
477  522
477  586
477  642
477  719
477  769
477  815
477  892
477  923
477  942
478  704
478  781
478  819
478  863
478  912
478  935
478  979
478  994
479  777
479  813
479  823
479  915
479  946
479  965
479  984
479  988
479  992
479  996
480  632
480  634
480  701
480  808
480  864
480  926
480  959
480  979
480  997
481  644
481  659
481  694
481  759
481  789
481  828
481  973
481  982
482  488
482  642
482  662
482  783
482  793
482  908
482  931
482  956
482  957
482  961
482  1000
483  506
483  529
483  555
483  627
483  689
483  693
483  804
483  933
483  984
484  630
484  804
484  868
484  898
484  916
484  969
485  768
485  941
485  952
485  966
485  984
485  990
485  996
486  546
486  564
486  640
486  642
486  722
486  754
486  823
486  874
486  974
487  610
487  634
487  655
487  831
487  836
487  950
487  965
487  981
488  545
488  591
488  615
488  751
488  799
488  957
488  961
488  964
488  970
489  565
489  612
489  737
489  843
489  925
489  963
489  982
490  587
490  662
490  769
490  814
490  846
490  965
490  996
491  552
491  728
491  826
491  830
491  845
491  873
491  971
491  972
491  994
492  730
492  811
492  840
492  843
492  923
492  964
492  981
492  999
493  519
493  544
493  605
493  613
493  690
493  800
493  837
493  871
493  953
493  955
493  992
494  503
494  664
494  776
494  792
494  812
494  833
494  979
494  989
494  997
495  580
495  640
495  693
495  768
495  896
495  936
495  985
495  999
496  502
496  559
496  611
496  652
496  796
496  812
496  976
496  983
497  503
497  550
497  638
497  698
497  724
497  812
497  884
497  932
497  954
498  627
498  698
498  736
498  763
498  863
498  923
498  949
498  971
498  977
498  980
499  602
499  647
499  738
499  778
499  913
499  929
499  991
500  520
500  564
500  616
500  622
500  696
500  872
500  958
500  961
500  970
500  975
500  983
500  1000
501  523
501  630
501  758
501  815
501  871
501  940
501  967
502  814
502  870
502  879
502  909
502  994
503  571
503  686
503  707
503  772
503  823
503  952
503  960
503  988
503  995
504  560
504  672
504  706
504  826
504  900
504  970
504  981
505  529
505  578
505  581
505  881
505  941
505  978
505  986
506  551
506  581
506  881
506  882
506  889
506  892
506  903
506  959
506  979
506  999
507  546
507  646
507  804
507  858
507  896
507  931
507  948
508  540
508  613
508  628
508  749
508  801
508  834
508  951
508  987
508  992
509  547
509  635
509  731
509  835
509  862
509  870
509  886
509  948
509  962
509  963
510  608
510  693
510  731
510  757
510  811
510  854
510  896
510  905
510  977
510  987
511  663
511  671
511  677
511  833
511  955
511  983
512  515
512  531
512  618
512  661
512  811
512  850
512  873
512  963
512  990
513  616
513  746
513  808
513  854
513  869
513  881
513  903
513  921
513  959
513  967
514  527
514  575
514  633
514  797
514  888
514  889
514  933
514  990
515  535
515  568
515  755
515  907
515  978
516  561
516  595
516  820
516  917
516  936
516  946
516  952
516  966
516  988
517  584
517  780
517  826
517  881
517  883
517  893
517  938
517  962
517  996
518  531
518  872
518  932
518  974
518  982
518  987
518  992
518  994
518  1000
519  692
519  701
519  708
519  715
519  780
519  781
519  828
519  889
519  950
520  766
520  832
520  892
520  908
520  956
520  961
520  965
520  981
521  566
521  640
521  648
521  732
521  754
521  798
521  925
521  985
522  713
522  842
522  856
522  889
522  913
522  968
522  972
522  980
523  618
523  753
523  757
523  858
523  877
523  891
523  986
524  560
524  600
524  648
524  724
524  764
524  850
524  962
524  981
525  573
525  765
525  779
525  927
525  928
525  931
525  958
525  980
525  997
525  1000
526  618
526  646
526  854
526  877
526  887
526  976
526  997
527  593
527  606
527  837
527  854
527  949
527  979
527  980
527  982
527  990
527  993
528  536
528  642
528  675
528  732
528  894
528  895
528  951
528  992
528  1000
529  583
529  918
529  921
529  945
529  967
529  973
530  716
530  850
530  861
530  890
530  927
530  931
530  999
530  1000
531  741
531  883
531  897
531  944
531  969
531  999
532  601
532  817
532  916
532  919
532  936
532  955
532  956
533  628
533  725
533  819
533  826
533  935
533  947
533  953
533  997
534  682
534  698
534  740
534  768
534  823
534  890
534  938
534  995
534  999
535  657
535  699
535  720
535  811
535  963
535  979
535  980
535  999
536  664
536  757
536  832
536  868
536  909
536  911
536  914
536  935
536  948
536  954
537  733
537  823
537  890
537  894
537  917
537  929
537  958
537  965
537  976
537  983
537  1000
538  650
538  728
538  731
538  838
538  847
538  887
538  922
538  937
538  985
539  569
539  579
539  712
539  871
539  885
539  957
539  972
539  985
540  765
540  809
540  841
540  859
540  960
540  981
540  989
540  994
540  996
541  595
541  680
541  780
541  787
541  839
541  905
541  907
541  959
541  998
542  677
542  779
542  797
542  815
542  825
542  957
542  969
543  743
543  749
543  892
543  897
543  905
543  941
543  960
543  988
543  1000
544  676
544  683
544  738
544  886
544  939
544  962
544  963
545  663
545  723
545  787
545  858
545  955
545  986
545  998
546  855
546  867
546  893
546  901
546  909
546  966
546  984
546  988
547  558
547  597
547  610
547  626
547  635
547  854
547  949
547  986
548  767
548  818
548  835
548  866
548  876
548  917
548  970
548  983
548  999
548  1000
549  563
549  667
549  694
549  701
549  748
549  758
549  862
549  964
550  615
550  619
550  698
550  753
550  793
550  811
550  887
550  898
550  949
550  961
550  1000
551  572
551  768
551  847
551  851
551  910
552  763
552  860
552  873
552  918
552  921
552  923
552  962
552  980
553  761
553  817
553  885
553  891
553  895
553  922
553  950
553  984
554  558
554  568
554  709
554  806
554  847
554  935
554  942
554  967
554  989
555  691
555  694
555  703
555  707
555  763
555  858
555  863
555  871
555  987
555  988
555  990
556  634
556  727
556  767
556  903
556  921
556  938
556  955
556  964
556  976
557  644
557  773
557  872
557  884
557  950
557  977
557  982
557  992
558  592
558  609
558  653
558  667
558  673
558  735
558  817
558  971
558  985
559  574
559  652
559  691
559  753
559  812
559  835
559  928
559  975
559  998
559  1000
560  609
560  770
560  785
560  852
560  900
560  914
560  980
560  988
560  991
560  999
561  582
561  596
561  984
561  987
561  997
562  642
562  649
562  651
562  675
562  804
562  931
562  961
562  978
563  814
563  842
563  901
563  933
563  940
563  951
563  963
563  973
564  641
564  714
564  910
564  934
564  949
564  974
564  985
565  567
565  720
565  763
565  843
565  868
565  873
565  925
565  963
565  993
566  597
566  748
566  753
566  862
566  939
566  953
566  976
566  986
566  997
567  782
567  908
567  910
567  926
567  935
567  979
567  981
567  998
568  650
568  773
568  823
568  916
568  989
569  582
569  671
569  744
569  762
569  932
570  571
570  706
570  818
570  854
570  919
570  957
571  621
571  633
571  685
571  818
571  895
571  930
571  989
572  693
572  752
572  818
572  829
572  885
572  972
573  843
573  850
573  868
573  933
573  949
573  980
573  991
574  581
574  679
574  791
574  853
574  941
574  953
574  970
574  993
575  585
575  664
575  707
575  718
575  726
575  820
575  994
576  588
576  806
576  892
576  945
576  949
576  985
576  989
576  1000
577  607
577  628
577  740
577  901
577  941
577  984
577  998
578  581
578  584
578  633
578  867
578  905
578  949
578  959
578  995
579  608
579  889
579  931
579  938
579  965
579  980
579  991
579  992
580  589
580  681
580  810
580  829
580  851
580  910
580  927
580  944
580  953
580  954
581  852
581  921
581  935
581  936
581  946
581  959
582  586
582  661
582  689
582  750
582  839
582  848
582  941
582  984
582  999
583  612
583  767
583  854
583  855
583  879
583  893
583  894
583  909
583  977
583  987
583  991
584  692
584  701
584  881
584  905
584  967
585  702
585  719
585  798
585  830
585  889
585  907
585  978
585  1000
586  718
586  771
586  778
586  824
586  913
586  988
586  990
587  599
587  783
587  905
587  909
587  963
587  964
587  969
587  980
587  983
587  998
587  999
588  644
588  797
588  803
588  855
588  866
588  897
588  958
588  983
588  996
588  1000
589  616
589  626
589  835
589  837
589  877
589  931
589  946
589  983
590  773
590  792
590  811
590  843
590  868
590  897
590  961
590  963
590  979
590  999
591  592
591  593
591  670
591  697
591  806
591  814
591  883
591  891
591  923
591  989
592  596
592  670
592  705
592  887
592  980
592  983
593  694
593  726
593  849
593  943
593  980
593  983
593  988
593  990
593  1000
594  602
594  604
594  646
594  657
594  685
594  766
594  784
594  834
595  712
595  808
595  809
595  810
595  831
595  849
595  856
595  864
595  979
596  744
596  849
596  924
596  928
596  936
596  945
596  981
596  985
597  793
597  831
597  834
597  875
597  954
597  976
598  769
598  774
598  784
598  801
598  911
598  964
598  968
598  969
598  992
598  993
599  641
599  744
599  837
599  889
599  901
599  913
599  934
599  955
599  973
599  977
600  717
600  772
600  913
600  956
600  970
600  981
600  987
601  702
601  845
601  862
601  887
601  897
601  916
601  955
601  962
601  984
602  637
602  684
602  733
602  811
602  868
602  873
602  891
602  942
602  963
602  972
603  658
603  767
603  783
603  827
603  862
603  913
603  954
604  665
604  699
604  740
604  885
604  886
604  986
604  992
605  697
605  740
605  800
605  828
605  916
605  955
606  648
606  738
606  826
606  898
606  959
606  997
607  619
607  723
607  732
607  775
607  845
607  852
607  932
607  989
607  994
608  660
608  670
608  762
608  977
608  980
608  988
608  990
609  653
609  696
609  774
609  836
609  878
609  942
609  945
609  989
610  683
610  767
610  790
610  795
610  847
610  952
610  967
610  985
610  990
611  637
611  766
611  797
611  843
611  887
611  905
611  914
611  986
611  995
612  718
612  753
612  828
612  879
612  937
612  971
612  985
613  712
613  745
613  904
613  916
613  944
613  955
613  982
614  688
614  862
614  868
614  937
614  939
614  949
615  631
615  793
615  803
615  944
615  955
615  998
616  835
616  839
616  856
616  958
616  959
616  1000
617  635
617  733
617  939
617  954
617  991
618  632
618  736
618  757
618  779
618  786
618  813
618  817
618  931
619  712
619  756
619  788
619  810
619  822
619  864
619  926
619  935
619  979
620  693
620  717
620  739
620  783
620  814
620  931
620  944
620  956
620  964
620  998
621  708
621  813
621  819
621  896
621  914
621  947
621  981
621  996
622  664
622  668
622  705
622  775
622  839
622  845
622  874
622  911
622  962
622  964
622  972
622  984
622  994
623  722
623  769
623  789
623  795
623  876
623  894
623  938
623  942
623  972
623  987
624  644
624  813
624  852
624  870
624  890
624  933
624  973
624  979
624  998
625  661
625  727
625  758
625  809
625  860
625  885
625  950
625  965
625  986
625  996
626  679
626  730
626  744
626  747
626  853
626  949
626  1000
627  709
627  750
627  899
627  939
627  954
627  991
628  739
628  759
628  882
628  932
628  951
628  986
629  645
629  653
629  668
629  707
629  709
629  740
629  928
629  930
629  937
629  974
629  977
630  736
630  830
630  861
630  900
630  956
630  960
630  977
631  654
631  734
631  760
631  816
631  938
631  957
631  991
632  703
632  742
632  759
632  870
632  878
632  952
632  977
633  666
633  696
633  723
633  823
633  839
633  899
633  937
633  972
633  994
634  730
634  804
634  820
634  872
634  924
634  939
634  948
634  976
634  994
634  1000
635  805
635  841
635  859
635  905
635  957
635  966
635  971
635  978
635  986
636  837
636  846
636  873
636  880
636  889
636  911
636  915
636  946
636  982
636  992
636  993
637  721
637  734
637  833
637  929
637  937
637  977
637  979
637  980
637  990
637  991
638  719
638  736
638  764
638  884
638  902
638  908
638  925
638  936
638  961
638  984
639  641
639  707
639  764
639  868
639  899
639  981
639  987
639  991
640  681
640  768
640  798
640  865
640  899
640  927
640  974
640  979
640  987
641  643
641  745
641  747
641  937
641  991
641  994
642  703
642  726
642  769
642  792
642  921
642  929
642  942
642  949
642  984
643  774
643  838
643  842
643  866
643  911
643  921
643  926
643  982
643  984
643  992
644  819
644  836
644  951
644  979
644  985
644  992
644  993
645  669
645  727
645  860
645  942
645  967
645  971
645  982
646  877
646  963
646  979
647  712
647  713
647  751
647  754
647  801
647  905
647  951
647  958
647  982
647  985
647  998
647  1000
648  650
648  670
648  707
648  741
648  755
648  827
648  831
648  923
648  945
648  946
649  661
649  662
649  755
649  804
649  828
649  840
649  884
649  907
649  978
650  655
650  724
650  858
650  969
650  996
651  727
651  736
651  814
651  859
651  905
651  952
651  963
651  976
651  986
651  999
652  658
652  693
652  729
652  757
652  816
652  898
652  919
652  966
652  983
653  836
653  874
653  887
653  917
653  926
653  928
653  931
653  985
653  992
654  799
654  808
654  870
654  884
654  959
654  961
654  970
655  717
655  812
655  954
655  964
655  993
655  998
656  670
656  733
656  780
656  800
656  803
656  904
656  968
656  992
656  998
656  1000
657  677
657  706
657  815
657  850
657  868
657  876
657  963
657  995
658  802
658  805
658  867
658  891
658  905
658  914
658  989
658  992
658  993
659  754
659  782
659  811
659  834
659  946
659  951
659  978
659  979
659  980
659  982
659  992
659  993
660  758
660  773
660  793
660  817
660  834
660  847
660  858
660  900
660  988
661  868
661  895
661  936
661  965
661  996
662  794
662  837
662  853
662  869
662  915
662  922
662  938
662  962
662  970
662  987
663  725
663  757
663  800
663  916
663  955
664  713
664  800
664  809
664  831
664  838
664  888
664  896
664  938
664  962
664  986
665  688
665  693
665  805
665  914
665  948
665  978
665  983
665  986
666  668
666  728
666  834
666  915
666  939
666  947
666  960
666  985
666  994
667  709
667  736
667  779
667  928
667  997
668  718
668  918
668  994
668  1000
669  689
669  700
669  708
669  709
669  884
669  893
669  899
669  929
669  946
669  987
670  724
670  785
670  796
670  824
670  858
670  887
670  950
670  979
671  713
671  770
671  810
671  813
671  819
671  906
671  930
671  967
672  710
672  855
672  877
672  887
672  901
672  924
672  926
672  958
672  983
672  985
673  746
673  867
673  919
673  961
673  963
673  981
674  680
674  751
674  789
674  793
674  816
674  909
674  941
674  990
674  997
674  998
675  705
675  715
675  839
675  943
675  972
675  974
675  979
675  994
676  740
676  759
676  897
676  912
676  920
676  931
676  935
676  971
676  983
676  990
677  678
677  688
677  726
677  828
677  864
677  869
677  917
677  983
677  1000
678  750
678  913
678  928
678  931
678  939
678  975
678  983
678  985
678  991
678  996
679  701
679  764
679  890
679  896
679  928
679  931
679  972
679  978
679  983
679  985
679  1000
680  700
680  701
680  716
680  736
680  777
680  869
680  870
680  877
680  920
680  941
680  969
680  997
681  714
681  745
681  750
681  759
681  768
681  794
681  927
681  966
681  974
682  733
682  823
682  832
682  845
682  889
682  913
682  950
682  952
682  962
682  986
682  987
683  711
683  733
683  739
683  762
683  870
683  954
683  987
683  988
684  690
684  699
684  726
684  772
684  775
684  786
684  802
684  829
684  919
684  941
684  954
685  711
685  805
685  816
685  859
685  867
685  914
685  936
685  990
685  997
685  999
686  742
686  824
686  872
686  880
686  925
686  934
686  990
686  997
687  785
687  900
687  949
687  956
687  967
687  981
687  982
687  993
688  861
688  892
688  894
688  924
688  928
688  998
689  725
689  737
689  777
689  813
689  890
689  943
689  947
689  963
689  968
689  993
690  822
690  829
690  841
690  865
690  882
690  916
690  955
691  821
691  889
691  947
691  996
691  999
692  720
692  739
692  751
692  880
692  890
692  911
692  914
692  944
692  982
692  992
693  745
693  822
693  851
693  953
693  976
693  998
694  731
694  782
694  792
694  893
694  896
694  922
694  982
694  990
694  995
695  746
695  749
695  775
695  782
695  881
695  892
695  903
695  945
695  977
695  997
696  755
696  761
696  855
696  868
696  936
696  950
696  965
696  966
696  993
697  711
697  716
697  752
697  772
697  786
697  802
697  829
697  865
697  875
697  902
697  919
698  857
698  882
698  884
698  945
698  957
698  960
698  969
698  998
699  842
699  853
699  876
699  881
699  925
699  940
699  961
699  973
699  984
699  997
700  708
700  764
700  889
700  929
700  997
701  803
701  858
701  976
701  986
701  997
701  999
702  757
702  825
702  862
702  909
702  930
702  960
702  997
702  998
702  999
703  749
703  779
703  814
703  899
703  958
703  971
703  987
704  726
704  746
704  793
704  857
704  882
704  884
704  892
704  898
704  956
704  957
704  961
704  987
704  992
705  728
705  745
705  834
705  919
705  968
705  972
705  994
706  785
706  792
706  866
706  924
706  981
707  739
707  784
707  794
707  895
707  933
707  942
707  977
707  991
707  993
708  750
708  783
708  841
708  862
708  889
708  935
709  742
709  797
709  891
709  897
709  900
709  942
709  964
709  977
709  988
710  711
710  791
710  832
710  912
710  927
710  928
710  931
710  940
710  970
710  1000
711  717
711  787
711  867
711  897
711  904
711  968
711  969
711  980
711  997
711  999
712  808
712  863
712  906
712  935
712  979
712  998
712  1000
713  774
713  789
713  844
713  849
713  866
713  880
714  811
714  831
714  851
714  856
714  974
714  995
714  999
714  1000
715  732
715  742
715  797
715  840
715  924
715  944
715  953
715  975
715  999
716  771
716  777
716  837
716  890
716  897
716  917
716  954
716  975
716  992
716  1000
717  801
717  840
717  857
717  920
717  953
717  955
717  997
717  999
718  747
718  825
718  873
718  922
718  985
718  989
718  995
719  938
719  954
719  956
719  972
719  994
720  764
720  805
720  830
720  850
720  873
720  963
721  738
721  819
721  875
721  894
721  905
721  929
721  991
722  926
722  937
722  951
722  957
722  978
722  981
723  824
723  847
723  962
723  984
723  994
724  765
724  773
724  793
724  898
724  908
724  946
724  957
724  961
724  995
725  735
725  770
725  813
725  851
725  865
725  906
725  943
725  947
725  989
725  993
726  888
726  918
726  922
726  959
726  983
726  989
727  753
727  760
727  816
727  942
727  953
727  970
727  986
727  1000
728  769
728  845
728  961
728  972
728  994
729  746
729  752
729  792
729  810
729  813
729  931
729  944
729  962
729  981
730  799
730  871
730  879
730  915
730  968
730  969
730  973
730  999
731  786
731  831
731  874
731  886
731  921
731  946
731  954
731  976
731  986
731  996
731  998
732  806
732  818
732  831
732  897
732  923
732  945
732  962
732  985
733  777
733  816
733  831
733  918
733  952
733  954
733  959
733  964
734  766
734  824
734  844
734  845
734  846
734  977
734  988
735  795
735  842
735  865
735  876
735  895
735  930
735  971
735  987
735  999
736  857
736  914
736  939
736  954
737  825
737  924
737  953
737  956
737  958
737  971
737  983
737  993
737  998
737  999
738  748
738  777
738  815
738  862
738  934
738  971
738  987
739  788
739  818
739  838
739  915
739  968
739  975
739  989
739  992
739  993
740  776
740  877
740  917
740  958
740  970
740  978
740  979
740  983
740  993
741  754
741  766
741  846
741  853
741  897
741  916
741  958
741  975
741  983
741  1000
742  774
742  820
742  886
742  894
742  929
742  930
742  937
742  942
742  949
742  986
743  806
743  817
743  945
743  952
743  965
743  985
743  989
743  998
744  885
744  918
744  939
744  941
744  957
744  962
744  968
744  988
744  990
744  995
744  1000
745  885
745  936
745  950
745  965
745  966
745  984
746  841
746  861
746  895
746  924
746  937
746  956
746  968
746  990
746  996
746  997
747  766
747  820
747  843
747  917
747  918
747  928
747  931
747  958
748  765
748  770
748  787
748  794
748  862
748  920
748  996
749  793
749  824
749  843
749  852
749  875
749  886
749  895
749  900
749  936
749  956
749  973
749  981
750  865
750  909
750  968
750  970
750  999
750  1000
751  771
751  816
751  866
751  936
751  951
751  953
751  957
751  982
751  983
751  992
751  1000
752  797
752  829
752  902
752  941
752  943
752  950
752  962
752  979
752  991
753  795
753  859
753  883
753  886
753  888
753  944
753  972
753  976
753  986
753  999
754  771
754  801
754  839
754  853
754  880
754  888
754  911
754  915
755  859
755  861
755  907
755  925
755  934
755  976
755  978
755  991
756  803
756  810
756  915
756  924
756  954
756  956
756  960
756  970
756  976
756  981
756  989
757  804
757  816
757  885
757  916
757  919
757  950
757  978
757  987
758  794
758  810
758  870
758  925
758  933
758  949
758  967
758  973
759  771
759  774
759  904
759  977
759  992
759  993
760  776
760  782
760  799
760  840
760  857
760  882
760  884
760  908
760  928
760  957
760  961
760  965
760  967
760  969
761  867
761  885
761  893
761  895
761  924
761  950
761  963
761  976
761  996
761  998
762  763
762  856
762  859
762  871
762  898
762  948
762  952
762  962
762  970
762  981
762  988
762  999
763  849
763  980
763  987
763  988
764  771
764  779
764  801
764  843
764  850
764  873
764  912
764  963
765  842
765  870
765  876
765  884
765  925
765  933
765  947
765  965
765  967
766  791
766  832
766  853
766  877
766  928
766  975
766  997
766  1000
767  793
767  875
767  924
767  927
767  981
768  772
768  803
768  805
768  876
768  899
768  935
768  974
769  846
769  934
769  965
769  966
769  971
769  980
770  819
770  826
770  905
770  943
770  961
770  965
770  970
770  995
771  871
771  872
771  913
771  927
771  930
771  951
771  982
771  996
772  818
772  845
772  882
772  919
772  937
772  939
773  778
773  795
773  798
773  838
773  857
773  931
773  989
774  789
774  852
774  888
774  951
774  962
774  978
774  983
774  988
774  993
775  811
775  845
775  866
775  888
775  902
775  994
775  997
776  816
776  918
776  933
776  961
776  966
776  988
776  991
776  995
777  825
777  853
777  890
777  896
777  912
777  927
777  934
777  975
777  983
777  1000
778  788
778  797
778  798
778  836
778  932
778  977
778  982
778  989
779  798
779  805
779  830
779  899
779  905
779  914
779  948
779  954
779  957
780  875
780  926
780  939
780  965
780  969
780  994
780  997
781  808
781  863
781  903
781  917
781  955
781  979
781  984
781  991
781  994
782  784
782  797
782  810
782  844
782  863
782  864
782  910
782  926
782  935
782  979
782  998
783  800
783  861
783  894
783  977
783  983
783  999
784  810
784  830
784  863
784  864
784  923
784  926
784  940
784  967
784  971
784  978
784  979
785  809
785  867
785  870
785  915
785  956
785  960
785  963
785  999
786  802
786  813
786  834
786  863
786  919
786  956
786  963
786  985
786  991
787  803
787  823
787  844
787  865
787  945
787  969
787  997
788  789
788  792
788  866
788  880
788  951
788  969
788  982
788  991
788  992
788  993
789  809
789  826
789  834
789  880
789  892
789  925
789  933
789  957
789  982
789  986
789  992
790  837
790  869
790  870
790  903
790  933
790  940
790  947
790  972
790  973
791  901
791  917
791  928
791  931
791  946
791  953
791  985
791  993
791  1000
792  801
792  809
792  830
792  847
792  904
792  960
792  981
793  794
793  842
793  882
793  884
793  939
793  957
793  961
793  967
794  801
794  895
794  935
794  937
794  970
794  971
794  982
794  991
795  879
795  881
795  895
795  930
795  935
795  942
795  948
795  958
795  971
795  980
796  798
796  874
796  904
796  956
796  959
796  968
796  974
796  985
796  989
796  997
796  998
797  840
797  929
797  943
797  956
797  964
797  985
797  998
797  999
798  800
798  805
798  849
798  865
798  985
798  991
798  994
799  802
799  857
799  882
799  884
799  908
799  990
799  992
800  846
800  855
800  865
800  918
800  955
800  977
800  984
800  986
801  818
801  838
801  883
801  888
801  915
801  982
801  993
802  818
802  829
802  902
802  919
802  930
802  968
802  974
802  980
802  992
803  822
803  862
803  919
803  947
803  964
803  968
803  999
804  820
804  822
804  859
804  866
804  902
804  917
804  934
804  948
804  953
804  958
804  986
804  998
805  815
805  854
805  940
805  951
805  968
805  976
805  986
805  998
806  850
806  898
806  899
806  949
806  981
806  983
806  985
806  998
807  848
807  865
807  941
807  946
807  952
807  965
807  973
807  996
808  810
808  821
808  861
808  926
808  959
808  979
808  1000
809  830
809  837
809  846
809  892
809  930
809  936
809  976
809  987
810  821
810  850
810  979
810  998
811  843
811  907
811  963
811  976
811  977
812  816
812  854
812  863
812  886
812  919
812  953
812  974
812  994
813  819
813  826
813  833
813  853
813  906
813  943
813  947
813  971
814  846
814  876
814  879
814  891
814  896
814  917
814  919
814  922
814  930
814  942
814  977
814  982
815  869
815  874
815  878
815  879
815  937
815  950
815  977
815  991
815  997
815  998
816  824
816  937
816  939
816  956
816  976
817  825
817  836
817  847
817  877
817  898
817  911
817  923
817  945
817  968
817  982
817  985
818  902
818  918
818  924
818  947
818  984
818  994
818  1000
819  821
819  826
819  860
819  903
819  906
819  938
819  943
819  947
819  968
819  975
819  999
820  831
820  846
820  859
820  864
820  941
820  959
820  984
820  986
821  823
821  829
821  889
821  896
821  905
821  929
821  940
821  996
822  872
822  905
822  953
822  977
822  996
823  824
823  827
823  875
823  922
823  976
823  990
823  995
824  832
824  833
824  860
824  964
824  977
824  980
824  985
824  988
824  995
825  851
825  896
825  904
825  923
825  944
825  973
825  998
826  845
826  847
826  868
826  886
826  906
826  943
826  947
826  971
826  995
827  842
827  848
827  851
827  925
827  933
827  953
827  967
827  973
827  978
827  980
827  987
827  990
828  829
828  874
828  878
828  881
828  891
828  929
828  937
828  952
828  967
828  978
828  987
829  831
829  862
829  868
829  920
829  937
830  852
830  925
830  956
830  960
830  972
830  996
830  1000
831  854
831  939
831  948
831  956
831  985
831  997
832  860
832  869
832  886
832  934
832  988
832  993
832  995
833  869
833  893
833  922
833  969
833  972
833  981
833  988
833  989
833  990
833  995
833  999
834  911
834  915
834  931
834  950
834  982
834  992
835  844
835  878
835  890
835  897
835  911
835  952
835  958
835  983
836  842
836  887
836  940
836  944
836  953
836  963
836  985
836  991
837  840
837  860
837  871
837  951
837  978
837  988
837  995
838  844
838  847
838  872
838  880
838  882
838  911
838  979
838  980
838  982
838  992
838  993
838  994
839  845
839  854
839  954
839  956
839  957
839  969
839  972
839  994
839  995
839  996
840  903
840  915
840  927
840  931
840  964
840  965
840  990
840  998
841  852
841  861
841  883
841  896
841  903
841  924
841  933
841  960
841  981
841  988
842  870
842  895
842  902
842  967
842  973
842  985
842  988
843  873
843  916
843  929
843  963
843  967
844  847
844  849
844  890
844  908
844  945
844  953
844  979
844  985
844  989
844  990
845  898
845  921
845  955
845  958
845  972
846  869
846  878
846  937
846  949
846  956
846  977
847  887
847  892
847  989
848  855
848  867
848  901
848  954
848  965
848  966
848  972
848  980
848  984
848  993
848  996
849  874
849  887
849  910
849  962
849  982
849  985
849  990
849  1000
850  970
850  995
850  996
851  910
851  927
851  953
851  969
851  974
851  982
852  881
852  882
852  893
852  900
852  960
852  998
853  856
853  880
853  885
853  890
853  897
853  970
853  983
853  986
853  987
853  1000
854  912
854  953
854  962
854  986
855  891
855  910
855  946
855  947
855  948
855  950
855  952
855  965
855  966
855  996
856  871
856  878
856  880
856  882
856  896
856  913
856  915
856  922
856  934
856  979
856  988
856  990
857  877
857  898
857  908
857  922
857  936
857  950
857  957
857  961
857  967
857  986
857  989
858  912
858  926
858  945
858  969
858  985
859  914
859  920
859  922
859  926
859  976
860  863
860  864
860  865
860  902
860  912
860  959
860  962
860  965
860  980
860  988
861  868
861  894
861  905
861  924
861  981
861  991
862  898
862  916
862  920
862  997
862  999
863  895
863  926
863  961
863  979
863  988
863  993
864  926
864  927
864  933
864  935
864  947
864  968
864  979
864  988
865  881
865  909
865  920
865  942
865  966
865  969
865  999
866  897
866  915
866  932
866  977
866  982
866  991
866  992
866  1000
867  906
867  936
867  946
867  950
867  959
867  966
867  971
867  980
867  984
867  996
868  873
868  883
868  887
868  979
869  898
869  922
869  925
869  934
869  938
869  970
869  987
869  988
869  990
870  876
870  901
870  925
870  933
870  967
870  993
871  888
871  913
871  918
871  929
871  960
871  988
871  993
871  997
871  999
871  1000
872  883
872  892
872  915
872  928
872  932
872  951
872  961
872  964
872  971
872  982
872  989
872  992
872  993
872  996
873  885
873  892
873  902
873  947
873  963
873  987
873  995
874  887
874  923
874  948
874  989
874  996
875  888
875  889
875  896
875  918
875  934
875  958
875  962
875  970
875  976
875  985
875  990
875  995
875  997
876  921
876  925
876  933
876  940
876  967
876  973
876  998
877  892
877  904
877  917
877  920
877  937
877  958
877  975
877  983
877  995
877  1000
878  918
878  930
878  948
878  971
878  977
878  982
878  991
878  1000
879  895
879  900
879  906
879  918
879  977
879  990
879  991
879  994
880  883
880  908
880  915
880  932
880  933
880  992
881  883
881  896
881  917
881  921
881  925
881  930
881  959
881  965
882  884
882  897
882  957
882  960
882  984
883  903
883  921
883  945
883  951
883  959
883  966
883  984
883  986
883  999
884  889
884  901
884  929
884  951
884  956
884  957
884  976
884  990
885  901
885  941
885  951
885  965
885  966
885  969
885  984
885  996
886  905
886  909
886  913
886  922
886  948
886  955
886  973
886  976
886  997
886  999
887  889
887  894
887  902
887  923
887  945
887  966
887  973
887  990
887  993
888  905
888  933
888  948
888  962
888  965
888  980
888  988
888  995
889  930
889  945
889  962
889  975
889  988
889  995
889  1000
890  900
890  909
890  917
890  928
890  970
890  974
891  895
891  899
891  905
891  937
891  968
891  974
891  988
891  991
892  900
892  948
892  960
892  981
892  995
893  901
893  918
893  941
893  952
893  973
893  980
893  984
893  996
894  899
894  929
894  932
894  955
894  974
894  987
894  988
894  991
894  994
894  1000
895  903
895  930
895  936
895  949
895  952
895  987
895  997
896  943
896  955
896  980
896  990
897  928
897  959
897  970
897  991
897  1000
898  957
898  978
899  913
899  929
899  930
899  962
899  971
899  974
899  977
899  987
899  992
899  996
900  924
900  927
900  956
900  975
900  984
900  992
901  904
901  941
901  952
901  965
901  966
901  967
901  970
901  982
901  984
901  996
902  951
902  994
903  928
903  934
903  950
903  959
904  906
904  917
904  923
904  926
904  955
904  993
904  997
904  999
905  947
905  954
905  976
905  1000
906  932
906  941
906  943
906  947
906  992
906  997
906  999
907  964
907  967
907  968
907  978
907  986
907  989
907  995
907  998
908  931
908  937
908  942
908  957
908  961
908  987
908  996
908  1000
909  944
909  968
909  972
909  990
909  993
909  997
909  998
909  999
910  927
910  954
910  969
910  974
910  984
910  994
910  996
910  997
911  915
911  932
911  957
911  966
911  992
911  993
911  998
912  917
912  947
912  958
912  975
912  981
912  983
912  990
912  991
912  998
912  1000
913  918
913  933
913  936
913  938
913  941
913  944
913  980
913  990
913  993
914  920
914  924
914  930
914  938
914  953
914  984
914  991
914  992
914  999
915  920
915  932
915  940
915  960
915  973
915  986
915  987
915  993
916  939
916  955
916  974
916  976
916  983
917  948
917  970
917  979
917  990
917  996
918  922
918  945
918  955
918  962
918  966
918  977
918  995
919  940
919  976
919  1000
920  944
920  948
920  964
920  968
920  972
920  977
920  998
921  959
921  992
921  1000
922  934
922  935
922  940
922  972
922  990
922  1000
923  929
923  955
923  963
923  974
923  985
923  997
923  999
924  960
924  973
924  981
924  984
924  994
925  933
925  940
925  973
925  989
926  935
926  957
926  991
927  941
927  960
927  974
927  975
927  985
928  960
928  975
928  993
928  995
928  996
928  1000
929  937
929  946
929  977
929  987
929  989
930  936
930  942
930  969
930  987
930  991
931  935
931  951
931  970
931  983
931  990
931  1000
932  934
932  951
932  957
932  977
932  980
932  982
932  986
932  993
933  938
933  940
933  967
933  973
933  992
934  938
934  963
934  980
934  995
934  999
935  963
935  979
935  982
936  941
936  946
936  948
936  950
936  952
936  954
936  984
936  994
936  996
937  942
937  964
937  966
937  977
937  987
937  994
938  959
938  980
938  982
938  988
938  989
938  992
938  995
939  954
939  956
939  960
939  976
939  986
939  992
939  997
940  943
940  962
940  967
940  969
940  973
940  991
941  952
941  964
941  965
941  966
941  971
941  976
941  995
941  996
942  949
942  958
942  964
942  969
942  974
942  981
942  987
942  991
943  947
943  960
943  961
943  974
943  976
943  988
943  997
944  960
944  963
944  964
944  969
944  997
944  998
944  999
945  948
945  954
945  966
945  989
945  993
945  994
945  997
946  950
946  952
946  976
946  981
946  990
946  996
947  958
947  962
947  975
947  977
947  1000
948  953
948  957
948  958
948  981
948  986
948  998
948  999
949  955
949  991
949  998
950  955
950  959
950  965
950  984
950  996
950  997
951  957
951  970
951  980
951  982
951  990
951  992
951  993
951  999
952  965
952  976
952  982
952  984
952  986
952  991
952  995
952  996
952  999
953  976
953  979
953  984
953  986
954  965
954  976
954  986
954  998
955  978
955  986
955  1000
956  960
956  977
956  981
956  986
957  961
957  975
957  995
958  975
958  1000
959  982
959  988
959  997
960  987
960  998
960  999
960  1000
961  975
961  983
961  1000
962  964
962  980
962  998
963  985
963  990
963  998
964  968
964  977
964  989
964  996
964  998
964  1000
965  966
965  980
965  984
965  990
965  998
966  978
966  990
966  996
967  970
967  973
967  974
967  975
967  978
968  969
968  986
968  989
968  995
968  997
968  998
968  999
969  976
969  983
969  988
969  998
969  999
970  975
970  984
970  1000
971  977
971  987
971  989
971  991
971  996
971  998
972  974
972  987
972  994
973  978
973  990
973  992
974  986
974  991
974  995
975  977
975  980
975  987
975  999
975  1000
976  988
976  991
976  992
976  999
977  983
978  989
978  993
979  987
979  988
979  989
979  991
979  992
979  1000
980  988
980  990
980  995
981  983
981  991
982  986
982  990
982  992
982  993
982  997
982  999
983  1000
984  994
984  996
985  988
985  989
985  994
986  987
986  993
986  997
986  999
987  991
988  990
988  992
988  994
988  995
991  1000
992  993
994  997
994  999
995  997
997  998
997  999
998  999
