1  75
1  213
1  304
1  428
1  596
1  677
1  759
1  818
1  825
2  29
2  462
2  620
2  622
2  644
2  809
2  846
2  904
2  911
3  400
3  430
3  777
3  799
3  879
3  896
3  966
3  971
3  981
4  327
4  755
4  816
4  916
4  947
4  962
4  982
4  987
4  988
5  317
5  682
5  765
5  786
5  826
5  841
5  870
5  907
5  929
6  37
6  114
6  255
6  384
6  410
6  630
6  802
6  803
6  948
7  46
7  181
7  234
7  498
7  607
7  625
7  642
7  798
7  890
8  106
8  230
8  233
8  265
8  605
8  630
8  659
8  803
8  948
9  361
9  900
9  927
9  956
9  977
9  983
9  984
9  990
9  994
10  267
10  351
10  394
10  505
10  564
10  697
10  741
10  843
10  908
11  773
11  820
11  895
11  912
11  927
11  958
11  969
11  983
11  990
12  50
12  89
12  428
12  636
12  723
12  759
12  817
12  818
12  825
13  887
13  952
13  958
13  977
13  980
13  983
13  984
13  990
13  994
14  133
14  406
14  497
14  534
14  562
14  826
14  841
14  922
14  929
15  508
15  867
15  878
15  959
15  989
15  996
15  997
15  998
15  1000
16  60
16  245
16  276
16  296
16  315
16  370
16  531
16  537
16  784
17  188
17  334
17  380
17  640
17  663
17  849
17  888
17  894
17  913
18  488
18  872
18  925
18  958
18  969
18  972
18  977
18  984
18  994
19  110
19  241
19  259
19  339
19  401
19  824
19  874
19  931
19  981
20  198
20  216
20  231
20  589
20  603
20  688
20  717
20  866
20  897
21  61
21  143
21  195
21  479
21  509
21  522
21  706
21  742
21  882
22  214
22  234
22  427
22  431
22  498
22  528
22  625
22  798
22  890
23  79
23  330
23  387
23  450
23  465
23  520
23  772
23  814
23  839
24  106
24  114
24  384
24  413
24  475
24  523
24  630
24  857
24  948
25  143
25  212
25  238
25  392
25  522
25  598
25  706
25  757
25  858
26  167
26  473
26  627
26  657
26  699
26  901
26  902
26  917
26  920
27  375
27  532
27  887
27  946
27  956
27  980
27  983
27  990
27  994
28  77
28  760
28  769
28  899
28  915
28  955
28  968
28  976
28  988
29  40
29  197
29  620
29  644
29  840
29  846
29  911
29  998
30  278
30  434
30  447
30  636
30  677
30  759
30  817
30  818
30  825
31  257
31  266
31  673
31  785
31  795
31  845
31  849
31  868
31  894
32  418
32  455
32  587
32  724
32  749
32  837
32  893
32  914
32  923
33  320
33  356
33  358
33  485
33  660
33  831
33  842
33  850
33  936
34  87
34  114
34  163
34  233
34  427
34  646
34  802
34  857
34  948
35  380
35  516
35  635
35  663
35  735
35  845
35  868
35  894
35  913
36  147
36  205
36  637
36  700
36  791
36  909
36  926
36  942
36  949
37  233
37  413
37  605
37  630
37  646
37  767
37  803
37  948
38  87
38  410
38  492
38  521
38  659
38  767
38  803
38  857
38  948
39  88
39  218
39  438
39  458
39  466
39  639
39  692
39  810
39  829
40  117
40  136
40  721
40  775
40  809
40  840
40  911
40  939
41  422
41  586
41  811
41  855
41  932
41  934
41  952
41  979
41  986
42  236
42  519
42  597
42  763
42  926
42  942
42  944
42  949
42  971
43  385
43  477
43  701
43  812
43  822
43  902
43  917
43  920
43  970
44  203
44  502
44  686
44  826
44  841
44  907
44  922
44  929
44  996
45  72
45  546
45  691
45  736
45  749
45  842
45  850
45  905
45  936
46  119
46  390
46  498
46  528
46  625
46  633
46  778
46  890
47  800
47  935
47  940
47  953
47  961
47  973
47  991
47  992
47  995
48  819
48  888
48  921
48  954
48  973
48  978
48  991
48  992
48  993
49  670
49  679
49  833
49  938
49  963
49  966
49  970
49  971
49  981
50  72
50  112
50  132
50  308
50  756
50  796
50  850
50  905
51  366
51  862
51  960
51  985
51  996
51  997
51  998
51  999
51  1000
52  335
52  338
52  813
52  845
52  849
52  868
52  888
52  894
52  913
53  348
53  873
53  951
53  954
53  973
53  991
53  992
53  993
53  995
54  142
54  262
54  362
54  445
54  505
54  569
54  584
54  741
54  908
55  157
55  349
55  791
55  830
55  898
55  909
55  942
55  944
55  949
56  269
56  330
56  615
56  851
56  867
56  945
56  989
56  999
56  1000
57  332
57  587
57  594
57  634
57  724
57  837
57  893
57  914
57  923
58  204
58  411
58  547
58  624
58  750
58  772
58  814
58  834
58  839
59  149
59  341
59  448
59  618
59  823
59  827
59  852
59  889
59  924
60  340
60  587
60  680
60  724
60  784
60  893
60  914
60  923
61  83
61  195
61  201
61  212
61  598
61  742
61  882
61  893
62  98
62  542
62  661
62  732
62  755
62  769
62  914
62  976
62  987
63  196
63  702
63  794
63  828
63  885
63  928
63  952
63  979
63  986
64  235
64  337
64  348
64  467
64  552
64  751
64  848
64  874
64  931
65  256
65  391
65  407
65  444
65  963
65  966
65  970
65  971
65  981
66  333
66  616
66  871
66  955
66  976
66  980
66  982
66  987
66  988
67  396
67  635
67  662
67  735
67  813
67  845
67  868
67  888
67  913
68  627
68  699
68  701
68  812
68  822
68  901
68  917
68  920
68  949
69  887
69  946
69  969
69  972
69  977
69  983
69  984
69  990
69  994
70  140
70  460
70  547
70  689
70  714
70  737
70  768
70  834
70  883
71  349
71  700
71  735
71  763
71  791
71  898
71  926
71  942
71  949
72  285
72  546
72  691
72  749
72  842
72  905
72  936
73  82
73  891
73  956
73  972
73  980
73  983
73  984
73  990
73  994
74  398
74  443
74  508
74  945
74  985
74  996
74  998
74  999
74  1000
75  213
75  220
75  304
75  636
75  723
75  817
75  818
75  825
76  219
76  485
76  660
76  731
76  736
76  796
76  831
76  905
76  936
77  211
77  754
77  856
77  916
77  947
77  968
77  987
77  988
78  609
78  927
78  956
78  958
78  969
78  983
78  984
78  990
78  994
79  140
79  204
79  221
79  624
79  750
79  839
79  883
79  993
80  782
80  811
80  885
80  910
80  932
80  952
80  979
80  986
80  998
81  251
81  593
81  641
81  700
81  743
81  909
81  942
81  944
81  949
82  307
82  599
82  912
82  927
82  972
82  983
82  990
82  994
83  212
83  479
83  511
83  598
83  706
83  742
83  882
83  982
84  160
84  399
84  462
84  622
84  721
84  840
84  847
84  904
84  911
85  292
85  664
85  676
85  782
85  934
85  939
85  964
85  979
85  986
86  503
86  603
86  672
86  718
86  859
86  864
86  866
86  897
86  1000
87  384
87  410
87  438
87  492
87  802
87  857
87  948
88  223
88  344
88  458
88  466
88  621
88  797
88  810
88  829
89  213
89  447
89  596
89  677
89  723
89  759
89  817
89  818
90  131
90  638
90  648
90  776
90  860
90  955
90  976
90  982
90  987
91  300
91  327
91  368
91  916
91  933
91  955
91  982
91  987
91  988
92  169
92  940
92  945
92  954
92  978
92  991
92  992
92  993
92  995
93  150
93  461
93  474
93  503
93  806
93  859
93  864
93  866
93  897
94  545
94  760
94  807
94  871
94  886
94  899
94  976
94  982
94  987
95  679
95  694
95  869
95  904
95  932
95  937
95  939
95  964
95  986
96  171
96  298
96  351
96  394
96  445
96  453
96  569
96  697
96  908
97  322
97  461
97  725
97  833
97  884
97  896
97  965
97  970
97  974
98  626
98  638
98  899
98  933
98  962
98  968
98  976
98  987
99  730
99  895
99  912
99  958
99  969
99  977
99  983
99  984
99  994
100  141
100  242
100  345
100  402
100  417
100  579
100  729
100  835
100  975
101  627
101  699
101  758
101  812
101  822
101  901
101  902
101  917
101  947
102  345
102  378
102  381
102  579
102  608
102  729
102  750
102  800
102  835
103  166
103  328
103  455
103  537
103  587
103  634
103  784
103  837
103  914
104  233
104  302
104  384
104  693
104  802
104  803
104  826
104  857
104  948
105  422
105  875
105  880
105  919
105  934
105  937
105  964
105  979
105  986
106  230
106  410
106  475
106  693
106  802
106  857
106  948
107  387
107  713
107  772
107  814
107  834
107  839
107  883
107  888
107  976
108  602
108  851
108  876
108  957
108  960
108  989
108  997
108  999
108  1000
109  325
109  488
109  946
109  956
109  969
109  972
109  977
109  980
109  994
110  348
110  543
110  553
110  556
110  751
110  824
110  892
110  931
111  115
111  193
111  309
111  758
111  821
111  901
111  902
111  917
111  920
112  281
112  572
112  756
112  796
112  842
112  850
112  905
112  936
113  339
113  365
113  556
113  675
113  824
113  848
113  860
113  892
113  931
114  230
114  265
114  413
114  693
114  803
114  948
115  590
115  627
115  651
115  821
115  901
115  902
115  917
115  920
116  162
116  620
116  622
116  644
116  775
116  809
116  847
116  904
116  911
117  320
117  611
117  775
117  809
117  840
117  846
117  847
117  904
118  250
118  424
118  579
118  953
118  973
118  991
118  992
118  993
118  995
119  214
119  243
119  359
119  367
119  633
119  778
119  798
119  890
120  708
120  906
120  960
120  975
120  989
120  997
120  998
120  999
120  1000
121  439
121  464
121  550
121  621
121  639
121  692
121  797
121  810
121  829
122  368
122  658
122  755
122  899
122  955
122  968
122  982
122  987
122  988
123  177
123  242
123  378
123  486
123  487
123  579
123  673
123  800
123  835
124  532
124  674
124  891
124  895
124  900
124  927
124  980
124  984
124  990
125  293
125  319
125  643
125  851
125  903
125  960
125  975
125  998
125  1000
126  585
126  719
126  779
126  896
126  950
126  965
126  966
126  971
126  981
127  155
127  243
127  389
127  390
127  633
127  642
127  647
127  798
127  890
128  415
128  559
128  657
128  699
128  812
128  822
128  901
128  917
128  920
129  339
129  348
129  574
129  675
129  751
129  848
129  874
129  892
129  931
130  556
130  838
130  935
130  951
130  953
130  991
130  992
130  993
130  995
131  506
131  754
131  886
131  935
131  947
131  976
131  982
131  988
132  219
132  469
132  691
132  705
132  731
132  756
132  905
132  936
133  347
133  398
133  534
133  826
133  870
133  907
133  922
133  929
134  225
134  415
134  590
134  812
134  821
134  889
134  901
134  902
134  920
135  142
135  804
135  808
135  865
135  940
135  991
135  992
135  993
135  995
136  350
136  620
136  767
136  787
136  809
136  847
136  904
136  911
137  232
137  294
137  335
137  405
137  813
137  868
137  888
137  894
137  913
138  171
138  394
138  504
138  584
138  649
138  655
138  741
138  843
138  908
139  268
139  310
139  539
139  616
139  947
139  955
139  976
139  983
139  987
140  339
140  460
140  689
140  714
140  737
140  750
140  883
141  378
141  381
141  402
141  486
141  487
141  729
141  800
141  835
142  171
142  564
142  649
142  655
142  704
142  843
142  908
143  189
143  206
143  467
143  511
143  757
143  858
143  882
144  586
144  715
144  869
144  934
144  939
144  951
144  964
144  979
144  986
145  305
145  669
145  915
145  963
145  965
145  966
145  970
145  971
145  981
146  550
146  703
146  924
146  953
146  961
146  973
146  991
146  992
146  993
147  369
147  819
147  935
147  941
147  943
147  991
147  992
147  995
148  493
148  707
148  739
148  943
148  961
148  978
148  991
148  992
148  995
149  376
149  540
149  606
149  654
149  788
149  853
149  868
149  924
150  311
150  371
150  617
150  717
150  718
150  859
150  864
150  897
151  310
151  600
151  744
151  808
151  921
151  978
151  991
151  992
151  995
152  364
152  581
152  597
152  743
152  763
152  898
152  926
152  942
152  949
153  611
153  815
153  945
153  957
153  985
153  996
153  998
153  999
153  1000
154  361
154  683
154  946
154  958
154  969
154  977
154  980
154  984
154  994
155  243
155  367
155  431
155  489
155  642
155  778
155  890
155  946
156  927
156  956
156  958
156  969
156  972
156  977
156  983
156  990
156  994
157  364
157  597
157  720
157  830
157  909
157  942
157  944
157  949
158  533
158  696
158  823
158  830
158  898
158  926
158  942
158  944
158  949
159  330
159  520
159  685
159  714
159  737
159  768
159  834
159  839
159  883
160  548
160  622
160  787
160  809
160  840
160  846
160  904
160  911
161  306
161  346
161  514
161  743
161  754
161  807
161  856
161  976
161  988
162  211
162  215
162  336
162  416
162  776
162  856
162  933
162  988
163  255
163  265
163  306
163  523
163  646
163  693
163  857
163  948
164  231
164  513
164  519
164  711
164  743
164  830
164  898
164  909
164  949
165  565
165  815
165  906
165  960
165  985
165  989
165  997
165  998
165  1000
166  185
166  274
166  276
166  332
166  531
166  583
166  620
166  746
167  473
167  651
167  797
167  821
167  822
167  902
167  917
167  920
168  391
168  403
168  430
168  476
168  844
168  963
168  970
168  981
168  998
169  511
169  739
169  961
169  978
169  991
169  992
169  993
169  995
170  518
170  712
170  959
170  985
170  996
170  997
170  998
170  999
170  1000
171  298
171  471
171  649
171  655
171  704
171  908
172  388
172  903
172  957
172  985
172  996
172  997
172  998
172  999
172  1000
173  669
173  950
173  963
173  965
173  966
173  970
173  971
173  980
173  981
174  544
174  623
174  626
174  856
174  916
174  955
174  962
174  982
174  987
175  235
175  341
175  404
175  516
175  538
175  823
175  827
175  853
175  924
176  338
176  663
176  795
176  813
176  845
176  849
176  888
176  913
176  933
177  378
177  402
177  433
177  487
177  579
177  608
177  800
177  835
178  571
178  815
178  906
178  975
178  984
178  996
178  997
178  998
178  1000
179  298
179  353
179  453
179  454
179  569
179  697
179  741
179  843
179  908
180  655
180  771
180  836
180  921
180  941
180  961
180  991
180  992
180  995
181  359
181  367
181  489
181  528
181  642
181  778
181  798
181  890
182  238
182  246
182  352
182  392
182  467
182  479
182  757
182  858
182  882
183  561
183  645
183  715
183  764
183  811
183  952
183  964
183  979
183  986
184  545
184  862
184  867
184  918
184  967
184  989
184  998
184  999
184  1000
185  245
185  296
185  594
185  648
185  680
185  837
185  914
185  923
186  390
186  738
186  900
186  958
186  972
186  977
186  984
186  990
186  994
187  232
187  406
187  534
187  562
187  686
187  786
187  841
187  922
187  929
188  320
188  548
188  721
188  787
188  840
188  847
188  904
188  911
189  195
189  206
189  467
189  479
189  522
189  742
189  858
189  882
190  372
190  401
190  552
190  556
190  751
190  848
190  874
190  892
190  931
191  197
191  620
191  644
191  721
191  775
191  809
191  846
191  904
191  911
192  815
192  890
192  957
192  989
192  996
192  997
192  998
192  999
192  1000
193  262
193  548
193  622
193  721
193  787
193  846
193  904
193  911
194  228
194  703
194  815
194  854
194  951
194  953
194  973
194  991
194  993
195  706
195  742
195  757
195  858
195  882
195  887
196  676
196  793
196  869
196  910
196  919
196  937
196  939
196  964
197  721
197  775
197  787
197  809
197  846
197  847
197  904
197  911
198  231
198  563
198  578
198  717
198  859
198  861
198  864
198  866
198  897
199  561
199  595
199  733
199  770
199  774
199  811
199  919
199  939
199  964
199  986
200  599
200  748
200  782
200  794
200  869
200  910
200  928
200  937
200  952
200  986
201  206
201  392
201  467
201  522
201  598
201  706
201  742
201  858
201  882
202  331
202  449
202  518
202  536
202  957
202  989
202  996
202  997
202  999
202  1000
203  264
203  481
203  497
203  686
203  761
203  786
203  907
203  922
203  929
204  210
204  221
204  535
204  612
204  624
204  713
204  762
204  883
205  377
205  533
205  558
205  830
205  898
205  909
205  926
205  944
205  949
206  352
206  522
206  598
206  742
206  757
206  858
206  882
207  643
207  737
207  801
207  903
207  967
207  989
207  997
207  998
207  999
207  1000
208  258
208  275
208  456
208  525
208  766
208  844
208  852
208  853
208  889
208  924
209  256
209  779
209  838
209  844
209  896
209  915
209  965
209  966
209  971
209  981
210  535
210  612
210  689
210  713
210  737
210  750
210  814
210  839
210  873
211  424
211  470
211  760
211  916
211  962
211  976
211  982
211  988
212  246
212  352
212  511
212  757
212  783
212  858
212  882
213  434
213  596
213  723
213  817
213  818
213  825
213  956
214  234
214  431
214  498
214  633
214  642
214  778
214  798
214  890
215  470
215  514
215  877
215  899
215  933
215  958
215  968
215  976
215  988
216  371
216  578
216  589
216  717
216  806
216  859
216  866
216  897
216  974
217  339
217  372
217  401
217  423
217  553
217  556
217  751
217  874
217  892
217  931
218  223
218  343
218  458
218  464
218  482
218  692
218  797
218  810
218  829
219  425
219  544
219  756
219  796
219  831
219  850
219  905
219  936
220  304
220  325
220  447
220  448
220  636
220  723
220  759
220  825
220  920
221  535
221  547
221  612
221  685
221  737
221  772
221  814
221  834
222  383
222  925
222  927
222  969
222  972
222  977
222  983
222  984
222  990
222  994
223  277
223  464
223  639
223  692
223  721
223  797
223  810
223  829
224  730
224  740
224  758
224  891
224  927
224  956
224  972
224  984
224  990
224  994
225  309
225  699
225  701
225  821
225  822
225  901
225  902
225  917
225  920
226  683
226  740
226  778
226  872
226  891
226  946
226  980
226  984
226  990
226  994
227  609
227  674
227  747
227  790
227  956
227  969
227  980
227  984
227  990
227  994
228  819
228  924
228  940
228  943
228  953
228  961
228  991
228  993
228  995
229  247
229  275
229  606
229  632
229  654
229  823
229  827
229  852
229  889
229  924
230  475
230  492
230  693
230  803
230  857
230  939
230  948
231  371
231  688
231  717
231  718
231  806
231  859
231  864
232  380
232  635
232  640
232  785
232  813
232  845
232  888
232  913
233  255
233  395
233  492
233  605
233  803
233  948
234  243
234  248
234  390
234  625
234  778
234  890
234  942
235  339
235  365
235  372
235  543
235  553
235  848
235  874
235  892
236  284
236  364
236  519
236  533
236  581
236  593
236  696
236  944
236  949
237  369
237  632
237  744
237  961
237  973
237  978
237  991
237  992
237  993
237  995
238  352
238  479
238  706
238  742
238  757
238  858
238  882
238  908
239  257
239  294
239  334
239  335
239  849
239  868
239  888
239  894
239  913
239  922
240  515
240  576
240  674
240  773
240  789
240  969
240  977
240  980
240  990
240  994
241  263
241  401
241  423
241  553
241  824
241  874
241  892
241  931
241  988
242  381
242  402
242  417
242  486
242  673
242  734
242  800
242  835
243  367
243  431
243  633
243  642
243  798
243  890
244  862
244  945
244  975
244  985
244  989
244  996
244  997
244  998
244  999
244  1000
245  274
245  442
245  551
245  594
245  724
245  784
245  837
245  961
246  352
246  467
246  509
246  598
246  742
246  757
246  858
246  882
247  288
247  373
247  766
247  788
247  823
247  827
247  853
247  889
247  924
248  389
248  489
248  498
248  528
248  625
248  633
248  778
248  798
248  890
249  264
249  374
249  562
249  671
249  761
249  765
249  848
249  870
249  922
249  929
250  921
250  941
250  951
250  953
250  973
250  978
250  991
250  993
250  995
251  887
251  912
251  927
251  958
251  972
251  980
251  984
251  990
251  994
252  552
252  726
252  918
252  945
252  957
252  967
252  997
252  998
252  999
252  1000
253  503
253  563
253  578
253  589
253  617
253  806
253  859
253  864
253  866
253  897
254  259
254  329
254  337
254  543
254  824
254  848
254  874
254  892
254  931
254  975
255  384
255  410
255  523
255  605
255  693
255  767
255  948
256  271
256  650
256  665
256  792
256  950
256  965
256  971
256  974
257  294
257  635
257  735
257  785
257  845
257  868
257  888
257  894
258  456
258  570
258  606
258  766
258  788
258  827
258  852
258  853
258  924
259  337
259  365
259  495
259  543
259  556
259  848
259  874
259  931
260  789
260  872
260  900
260  958
260  969
260  977
260  983
260  984
260  990
260  994
261  343
261  399
261  439
261  464
261  621
261  692
261  797
261  810
261  829
261  916
262  644
262  787
262  809
262  840
262  846
262  847
262  904
262  911
263  329
263  337
263  348
263  552
263  573
263  824
263  874
263  892
263  931
264  534
264  761
264  765
264  826
264  870
264  907
264  922
264  929
265  302
265  646
265  659
265  693
265  767
265  917
265  948
266  278
266  662
266  785
266  795
266  813
266  845
266  849
266  894
266  913
267  353
267  504
267  505
267  569
267  584
267  649
267  697
267  704
267  908
268  638
268  886
268  916
268  933
268  955
268  962
268  982
268  987
268  988
269  508
269  861
269  903
269  918
269  930
269  996
269  998
269  999
269  1000
270  576
270  790
270  872
270  891
270  946
270  980
270  983
270  984
270  990
270  994
271  305
271  407
271  833
271  856
271  915
271  965
271  966
271  971
271  981
272  661
272  851
272  867
272  918
272  959
272  985
272  996
272  997
272  998
272  999
273  301
273  365
273  423
273  495
273  543
273  553
273  824
273  874
273  892
273  931
274  296
274  315
274  442
274  531
274  551
274  669
274  724
274  923
275  516
275  538
275  540
275  766
275  788
275  823
275  866
275  924
276  328
276  332
276  494
276  537
276  583
276  631
276  837
276  886
277  438
277  464
277  482
277  621
277  639
277  692
277  797
277  810
277  829
278  304
278  434
278  596
278  636
278  677
278  817
278  818
278  825
279  472
279  650
279  747
279  925
279  969
279  972
279  980
279  983
279  990
279  994
280  286
280  610
280  959
280  975
280  985
280  989
280  996
280  997
280  999
280  1000
281  469
281  588
281  691
281  749
281  756
281  831
281  833
281  850
281  936
282  344
282  363
282  400
282  461
282  501
282  575
282  963
282  966
282  974
282  981
283  297
283  549
283  609
283  918
283  960
283  967
283  996
283  997
283  998
283  999
284  593
284  700
284  791
284  877
284  898
284  909
284  942
284  944
284  949
285  469
285  485
285  499
285  529
285  705
285  736
285  756
285  905
285  936
286  379
286  708
286  759
286  906
286  975
286  996
286  997
286  998
286  999
287  345
287  381
287  417
287  486
287  491
287  608
287  673
287  729
287  800
287  835
288  456
288  538
288  654
288  766
288  822
288  823
288  853
288  889
288  924
289  702
289  733
289  793
289  855
289  928
289  932
289  934
289  937
289  979
289  986
290  567
290  703
290  951
290  961
290  978
290  989
290  991
290  992
290  993
290  995
291  361
291  683
291  773
291  872
291  887
291  956
291  972
291  980
291  983
291  994
292  457
292  586
292  668
292  678
292  828
292  855
292  932
292  972
292  986
293  452
293  518
293  906
293  957
293  960
293  989
293  997
293  999
293  1000
294  338
294  396
294  662
294  663
294  795
294  845
294  913
295  792
295  896
295  915
295  938
295  950
295  953
295  963
295  966
295  971
295  974
296  328
296  468
296  631
296  741
296  893
296  914
296  923
297  945
297  959
297  967
297  975
297  989
297  996
297  998
297  999
297  1000
298  353
298  394
298  655
298  704
298  843
298  908
298  988
299  407
299  430
299  444
299  490
299  665
299  779
299  833
299  950
299  970
299  974
300  506
300  521
300  623
300  708
300  899
300  933
300  947
300  976
300  987
301  391
301  799
301  833
301  950
301  965
301  966
301  970
301  974
301  981
302  395
302  475
302  693
302  767
302  802
302  857
302  948
302  968
303  493
303  507
303  632
303  805
303  935
303  954
303  978
303  991
303  993
303  995
304  636
304  677
304  723
304  817
304  818
304  825
305  408
305  669
305  879
305  963
305  965
305  970
305  971
305  974
306  616
306  754
306  816
306  863
306  871
306  947
306  962
306  987
307  895
307  900
307  925
307  927
307  956
307  972
307  977
307  990
307  994
308  356
308  499
308  613
308  691
308  705
308  796
308  850
308  905
308  936
309  415
309  657
309  701
309  821
309  901
309  902
309  917
309  920
310  368
310  484
310  776
310  860
310  899
310  962
310  982
310  987
311  371
311  474
311  617
311  672
311  717
311  806
311  864
311  866
311  897
312  459
312  878
312  964
312  967
312  985
312  996
312  997
312  998
312  999
312  1000
313  604
313  832
313  941
313  951
313  973
313  991
313  992
313  993
313  995
313  999
314  484
314  544
314  623
314  769
314  886
314  916
314  933
314  968
314  982
314  987
315  340
315  426
315  475
315  524
315  531
315  893
315  914
315  923
316  410
316  413
316  427
316  475
316  630
316  646
316  659
316  693
316  857
316  948
317  347
317  562
317  671
317  786
317  826
317  870
317  907
317  922
317  929
318  414
318  478
318  664
318  770
318  811
318  919
318  939
318  952
318  956
318  979
319  619
319  889
319  918
319  945
319  957
319  996
319  997
319  999
319  1000
320  787
320  809
320  840
320  846
320  847
320  904
320  911
321  346
321  368
321  695
321  732
321  877
321  947
321  962
321  968
321  982
321  988
322  362
322  471
322  504
322  584
322  655
322  697
322  741
322  843
322  908
323  380
323  484
323  776
323  816
323  877
323  886
323  933
323  968
323  982
323  987
324  432
324  629
324  702
324  796
324  811
324  855
324  875
324  934
324  979
324  986
325  448
325  596
325  677
325  723
325  759
325  817
325  818
325  825
326  391
326  656
326  665
326  722
326  955
326  965
326  966
326  970
326  974
326  981
327  648
327  754
327  816
327  947
327  955
327  962
327  968
327  987
328  468
328  580
328  587
328  594
328  893
328  914
328  923
329  339
329  423
329  495
329  552
329  573
329  751
329  931
329  944
330  566
330  624
330  666
330  713
330  714
330  737
330  768
331  549
331  615
331  774
331  975
331  985
331  996
331  997
331  998
331  1000
332  370
332  426
332  494
332  594
332  746
332  893
332  923
333  345
333  626
333  755
333  947
333  968
333  976
333  982
333  987
333  988
334  618
334  635
334  640
334  785
334  813
334  849
334  868
334  888
335  640
335  794
335  813
335  849
335  868
335  888
335  894
336  568
336  607
336  755
336  856
336  860
336  947
336  955
336  987
336  988
337  401
337  543
337  573
337  874
337  892
337  931
338  640
338  785
338  795
338  868
338  888
338  894
338  913
339  365
339  675
339  848
340  370
340  468
340  739
340  784
340  837
340  914
340  923
340  997
341  404
341  538
341  618
341  788
341  823
341  852
341  889
341  924
342  409
342  555
342  726
342  903
342  930
342  975
342  996
342  997
342  999
342  1000
343  399
343  439
343  466
343  482
343  639
343  692
343  797
343  829
344  560
344  669
344  779
344  938
344  963
344  970
344  971
344  981
345  402
345  579
345  608
345  673
345  800
345  835
346  577
346  760
346  791
346  886
346  962
346  982
346  987
346  988
347  412
347  671
347  686
347  841
347  870
347  907
347  922
347  929
348  423
348  495
348  675
348  892
348  931
349  419
349  513
349  597
349  791
349  830
349  909
349  926
349  949
350  582
350  644
350  721
350  775
350  787
350  846
350  847
350  904
350  911
351  394
351  445
351  471
351  697
351  704
351  741
351  843
351  908
352  509
352  522
352  742
352  858
352  882
353  453
353  505
353  655
353  704
353  843
353  849
353  908
354  728
354  805
354  819
354  832
354  935
354  951
354  991
354  992
354  993
354  995
355  906
355  960
355  975
355  985
355  989
355  996
355  997
355  998
355  999
355  1000
356  529
356  691
356  731
356  756
356  796
356  842
356  850
356  936
357  851
357  867
357  903
357  945
357  975
357  989
357  997
357  998
357  999
357  1000
358  485
358  499
358  588
358  691
358  705
358  731
358  736
358  749
358  905
358  936
359  367
359  389
359  390
359  489
359  633
359  642
359  778
359  798
359  890
360  643
360  684
360  930
360  945
360  960
360  974
360  996
360  997
360  998
360  999
360  1000
361  740
361  753
361  773
361  895
361  925
361  983
361  990
361  994
362  445
362  453
362  564
362  569
362  649
362  704
362  741
362  843
362  908
363  601
363  656
363  698
363  722
363  777
363  915
363  970
363  971
363  974
363  981
364  377
364  558
364  700
364  711
364  926
364  942
364  944
364  949
365  495
365  675
365  751
365  824
365  931
365  990
366  398
366  906
366  918
366  959
366  975
366  996
366  997
366  998
366  999
366  1000
367  489
367  498
367  625
367  778
367  798
367  890
368  623
368  638
368  658
368  959
368  968
368  976
368  987
369  480
369  865
369  943
369  953
369  961
369  973
369  992
369  993
369  995
370  494
370  524
370  680
370  784
370  837
370  914
370  923
370  985
371  603
371  672
371  688
371  859
371  864
371  866
371  897
372  543
372  552
372  553
372  556
372  675
372  751
372  824
372  874
373  393
373  516
373  540
373  766
373  788
373  823
373  827
373  852
373  889
373  924
374  406
374  671
374  765
374  786
374  826
374  841
374  870
374  907
374  922
374  929
375  588
375  912
375  946
375  956
375  969
375  977
375  983
375  984
375  990
375  994
376  538
376  540
376  618
376  654
376  766
376  852
376  853
376  889
376  924
376  948
377  696
377  743
377  830
377  898
377  909
377  926
377  929
377  942
377  944
378  402
378  487
378  608
378  673
378  729
378  800
378  835
379  602
379  681
379  687
379  815
379  862
379  903
379  918
379  997
379  998
379  1000
380  574
380  640
380  663
380  735
380  795
380  894
380  913
381  487
381  491
381  608
381  673
381  729
381  800
381  835
382  550
382  585
382  943
382  953
382  954
382  973
382  978
382  991
382  992
382  993
382  995
383  738
383  773
383  790
383  956
383  958
383  969
383  972
383  977
383  980
383  994
384  395
384  427
384  693
384  767
384  948
384  953
385  514
385  627
385  651
385  657
385  758
385  812
385  901
385  902
385  917
385  920
386  470
386  690
386  695
386  754
386  807
386  816
386  916
386  968
386  976
386  987
386  988
387  411
387  520
387  666
387  737
387  766
387  768
387  814
387  839
387  883
388  906
388  930
388  945
388  957
388  960
388  967
388  989
388  996
388  999
388  1000
389  390
389  498
389  528
389  625
389  633
389  642
389  778
389  890
390  489
390  528
390  778
390  798
390  890
391  392
391  441
391  694
391  762
391  777
391  799
391  971
392  467
392  479
392  511
392  706
392  757
392  858
392  882
393  613
393  698
393  719
393  762
393  915
393  950
393  963
393  965
393  974
393  981
394  504
394  584
394  655
394  704
394  741
394  908
395  605
395  630
395  646
395  659
395  802
395  803
395  921
395  948
396  574
396  662
396  735
396  744
396  785
396  795
396  813
396  868
396  913
397  469
397  660
397  691
397  736
397  749
397  756
397  831
397  842
397  850
397  905
397  936
398  421
398  565
398  985
398  996
398  997
398  998
398  999
398  1000
399  438
399  458
399  466
399  639
399  692
399  797
399  810
399  829
400  779
400  792
400  884
400  915
400  950
400  966
400  971
400  974
400  981
401  573
401  675
401  751
401  848
401  892
401  931
402  579
402  608
402  673
402  729
402  835
403  451
403  670
403  777
403  896
403  938
403  965
403  970
403  971
403  974
403  981
404  456
404  540
404  606
404  654
404  766
404  827
404  853
404  889
404  924
405  574
405  640
405  662
405  735
405  795
405  813
405  845
405  888
405  894
405  913
406  534
406  562
406  671
406  765
406  870
406  907
406  922
406  929
407  441
407  476
407  698
407  831
407  938
407  963
407  965
407  970
408  774
408  861
408  878
408  918
408  930
408  959
408  996
408  998
408  999
408  1000
409  421
409  508
409  712
409  774
409  878
409  967
409  989
409  998
409  999
409  1000
410  559
410  646
410  659
410  803
410  948
411  460
411  566
411  689
411  714
411  768
411  772
411  790
411  834
411  883
412  497
412  682
412  761
412  765
412  786
412  841
412  870
412  907
412  922
412  929
413  523
413  605
413  659
413  802
413  803
413  857
413  948
414  572
414  664
414  869
414  885
414  932
414  934
414  947
414  952
414  964
414  986
415  651
415  701
415  758
415  821
415  822
415  902
415  917
415  920
416  514
416  539
416  816
416  856
416  933
416  962
416  976
416  982
416  987
416  988
417  486
417  487
417  491
417  579
417  673
417  729
417  800
417  835
418  494
418  531
418  631
418  680
418  724
418  746
418  837
418  914
418  923
418  984
419  483
419  867
419  876
419  881
419  959
419  989
419  996
419  997
419  999
419  1000
420  463
420  690
420  760
420  776
420  886
420  955
420  962
420  976
420  982
420  987
420  988
421  449
421  549
421  881
421  906
421  985
421  996
421  997
421  998
421  1000
422  595
422  628
422  630
422  710
422  764
422  928
422  952
422  964
422  986
423  556
423  751
423  824
423  835
423  848
423  931
424  550
424  653
424  752
424  935
424  961
424  978
424  992
424  993
424  995
425  469
425  529
425  588
425  660
425  736
425  749
425  831
425  842
425  911
425  936
426  455
426  468
426  531
426  537
426  631
426  634
426  837
426  893
426  914
427  492
427  523
427  630
427  767
427  803
427  857
427  948
428  447
428  601
428  636
428  677
428  723
428  759
428  817
428  818
428  825
429  604
429  744
429  918
429  941
429  953
429  961
429  973
429  991
429  992
429  993
429  995
430  451
430  601
430  719
430  950
430  965
430  971
430  974
430  981
431  489
431  528
431  625
431  642
431  798
431  890
431  981
432  678
432  770
432  919
432  928
432  932
432  937
432  952
432  955
432  964
432  986
433  567
433  744
433  838
433  921
433  943
433  953
433  991
433  992
433  993
433  995
434  448
434  596
434  636
434  677
434  759
434  817
434  818
434  825
435  740
435  747
435  872
435  881
435  887
435  900
435  958
435  977
435  983
435  990
435  994
436  533
436  581
436  641
436  696
436  763
436  830
436  898
436  909
436  926
436  942
436  944
437  674
437  683
437  912
437  925
437  946
437  972
437  977
437  980
437  983
437  990
437  994
438  439
438  458
438  466
438  621
438  797
438  810
438  829
439  482
439  621
439  639
439  692
439  797
439  810
439  829
440  730
440  753
440  887
440  895
440  960
440  969
440  972
440  977
440  980
440  990
440  994
441  523
441  727
441  762
441  950
441  965
441  966
441  970
441  971
441  974
442  551
442  587
442  631
442  634
442  680
442  784
442  837
442  893
442  923
443  450
443  681
443  861
443  891
443  918
443  957
443  985
443  998
443  999
443  1000
444  501
444  667
444  725
444  745
444  879
444  915
444  966
444  971
444  974
445  505
445  564
445  584
445  639
445  655
445  843
445  908
446  536
446  555
446  801
446  876
446  930
446  985
446  989
446  997
446  998
446  999
446  1000
447  636
447  677
447  759
447  802
447  817
447  818
447  825
448  596
448  677
448  723
448  759
448  817
448  818
448  825
449  483
449  684
449  851
449  957
449  975
449  985
449  996
449  997
449  999
450  712
450  906
450  975
450  985
450  989
450  997
450  998
450  999
450  1000
451  665
451  667
451  719
451  896
451  938
451  963
451  965
451  970
451  974
452  454
452  611
452  878
452  881
452  957
452  959
452  997
452  998
452  999
452  1000
453  471
453  505
453  569
453  649
453  697
453  843
453  908
454  536
454  610
454  862
454  918
454  959
454  975
454  996
454  997
454  998
454  1000
455  468
455  524
455  531
455  551
455  680
455  724
455  784
455  789
455  893
456  606
456  654
456  766
456  827
456  852
456  853
456  889
456  924
457  510
457  564
457  586
457  629
457  678
457  694
457  910
457  939
457  952
457  979
457  986
458  466
458  482
458  621
458  797
458  810
458  829
458  960
459  570
459  610
459  867
459  959
459  960
459  989
459  996
459  997
459  998
459  999
459  1000
460  465
460  685
460  713
460  714
460  750
460  768
460  772
460  811
460  883
461  722
461  896
461  915
461  950
461  966
461  970
461  971
461  974
461  981
462  620
462  622
462  644
462  775
462  787
462  840
462  846
462  847
462  904
462  911
463  477
463  769
463  863
463  871
463  877
463  955
463  962
463  968
463  976
463  982
463  988
464  482
464  621
464  692
464  797
464  810
464  829
464  979
465  535
465  547
465  689
465  737
465  750
465  768
465  772
465  814
465  839
465  883
466  639
466  645
466  692
466  797
466  810
466  829
467  479
467  509
467  757
467  858
467  882
468  494
468  551
468  746
468  837
468  893
468  914
468  923
469  485
469  546
469  660
469  756
469  831
469  842
469  850
470  521
470  652
470  695
470  760
470  816
470  863
470  886
470  962
470  987
471  504
471  569
471  584
471  655
471  704
471  741
471  843
471  908
472  720
472  747
472  806
472  820
472  925
472  972
472  977
472  983
472  984
472  990
472  994
473  559
473  590
473  699
473  701
473  758
473  821
473  901
473  902
473  917
473  920
474  503
474  563
474  578
474  617
474  688
474  806
474  859
474  864
474  866
474  897
475  646
475  659
475  802
475  803
475  857
475  948
476  617
476  667
476  762
476  879
476  896
476  963
476  966
476  970
476  971
476  974
477  559
477  657
477  699
477  701
477  758
477  812
477  901
477  902
477  917
477  920
478  679
478  702
478  715
478  733
478  899
478  928
478  932
478  934
478  952
478  979
478  986
479  706
479  742
479  834
479  858
479  882
480  783
480  873
480  940
480  941
480  951
480  954
480  973
480  991
480  992
480  993
480  995
481  534
481  671
481  686
481  761
481  786
481  826
481  841
481  907
481  922
481  923
481  929
482  495
482  621
482  639
482  797
482  810
482  829
483  861
483  918
483  957
483  960
483  967
483  975
483  989
483  998
483  999
483  1000
484  539
484  623
484  863
484  913
484  947
484  962
484  976
484  982
484  988
485  499
485  660
485  713
485  736
485  796
485  850
485  936
486  491
486  608
486  673
486  729
486  779
486  800
486  835
487  491
487  608
487  673
487  729
487  800
487  835
488  719
488  745
488  872
488  912
488  969
488  972
488  977
488  980
488  983
488  994
489  498
489  528
489  642
489  798
489  890
490  492
490  613
490  777
490  833
490  844
490  884
490  963
490  965
490  966
490  974
490  981
491  579
491  608
491  673
491  729
491  800
491  835
491  882
492  605
492  630
492  767
492  802
492  857
492  948
493  752
493  783
493  836
493  854
493  935
493  941
493  953
493  978
493  992
493  995
494  537
494  583
494  634
494  784
494  893
494  914
494  923
495  553
495  675
495  848
495  874
495  892
495  931
496  632
496  819
496  836
496  854
496  940
496  943
496  954
496  978
496  991
496  992
496  993
496  995
497  534
497  562
497  682
497  761
497  826
497  870
497  907
497  922
497  929
498  517
498  633
498  798
498  890
499  588
499  705
499  731
499  749
499  831
499  850
499  905
499  936
500  762
500  844
500  847
500  879
500  915
500  938
500  950
500  963
500  965
500  966
500  970
500  971
501  560
501  656
501  779
501  855
501  879
501  950
501  963
501  966
501  970
501  981
502  682
502  761
502  765
502  786
502  826
502  841
502  870
502  907
502  922
502  929
502  994
503  527
503  578
503  589
503  718
503  806
503  864
503  866
503  897
504  505
504  564
504  697
504  704
504  741
504  846
504  908
505  569
505  697
505  741
505  843
505  974
506  545
506  776
506  860
506  877
506  933
506  955
506  962
506  976
506  982
506  988
507  592
507  739
507  752
507  808
507  836
507  935
507  978
507  991
507  992
507  993
507  995
508  906
508  918
508  957
508  989
508  996
508  997
508  998
508  1000
509  511
509  522
509  598
509  706
509  742
509  757
509  858
509  1000
510  668
510  715
510  748
510  828
510  919
510  932
510  937
510  939
510  964
510  979
510  986
511  598
511  706
511  742
511  757
511  858
511  882
512  709
512  789
512  900
512  927
512  946
512  956
512  958
512  977
512  983
512  984
512  990
512  994
513  533
513  593
513  637
513  696
513  743
513  763
513  830
513  926
513  942
513  949
514  539
514  695
514  769
514  860
514  947
514  976
514  982
514  987
515  891
515  912
515  925
515  946
515  969
515  977
515  980
515  983
515  984
515  990
515  994
516  540
516  654
516  788
516  827
516  852
516  853
516  889
516  924
517  734
517  930
517  960
517  967
517  975
517  985
517  996
517  997
517  998
517  999
517  1000
518  554
518  881
518  903
518  906
518  967
518  985
518  998
518  999
518  1000
519  581
519  700
519  711
519  791
519  830
519  926
519  942
519  944
519  949
520  535
520  566
520  624
520  666
520  685
520  689
520  713
520  834
520  851
521  623
521  754
521  776
521  807
521  856
521  871
521  933
521  968
521  976
522  598
522  706
522  742
522  858
522  882
523  605
523  646
523  659
523  767
523  802
523  948
524  551
524  583
524  680
524  724
524  746
524  784
524  837
524  914
524  923
525  540
525  606
525  618
525  654
525  788
525  823
525  827
525  852
525  853
525  889
525  924
526  558
526  593
526  696
526  700
526  711
526  791
526  898
526  909
526  926
526  944
526  949
526  992
527  712
527  734
527  867
527  918
527  945
527  959
527  960
527  989
527  997
527  999
527  1000
528  625
528  778
528  798
528  890
529  546
529  705
529  731
529  796
529  831
529  842
529  850
529  905
529  936
530  653
530  783
530  854
530  943
530  954
530  961
530  973
530  978
530  991
530  992
530  993
530  995
531  746
531  784
531  893
531  914
531  923
532  683
532  745
532  753
532  956
532  972
532  983
532  984
532  990
532  991
532  994
533  593
533  641
533  909
533  926
533  942
533  944
533  949
534  682
534  786
534  870
534  907
534  922
534  929
535  566
535  605
535  624
535  685
535  750
535  768
535  772
535  834
536  554
536  708
536  861
536  881
536  985
536  989
536  996
536  997
536  999
536  1000
537  594
537  631
537  634
537  746
537  825
537  837
537  893
537  923
538  606
538  618
538  788
538  852
538  853
538  883
538  889
538  924
539  544
539  755
539  799
539  807
539  816
539  899
539  962
539  968
539  988
540  561
540  766
540  788
540  827
540  852
540  924
541  580
541  771
541  804
541  808
541  935
541  941
541  943
541  954
541  973
541  978
541  992
541  993
541  995
542  582
542  661
542  754
542  760
542  856
542  860
542  871
542  886
542  968
542  976
542  987
542  988
543  573
543  824
543  848
543  892
543  931
543  999
544  568
544  616
544  638
544  661
544  776
544  807
544  962
544  987
544  988
545  658
545  760
545  871
545  886
545  899
545  916
545  933
545  947
545  968
545  987
546  731
546  736
546  749
546  756
546  796
546  842
546  850
546  905
546  936
547  566
547  612
547  714
547  750
547  772
547  834
547  839
547  883
547  934
548  620
548  721
548  775
548  809
548  840
548  846
548  847
548  904
548  911
548  938
549  611
549  712
549  808
549  957
549  959
549  989
549  997
549  998
549  999
549  1000
550  865
550  935
550  953
550  954
550  978
550  991
550  992
550  993
550  995
551  583
551  631
551  634
551  746
551  837
551  914
551  923
552  573
552  675
552  751
552  824
552  874
552  892
552  931
553  573
553  675
553  751
553  824
553  848
553  931
554  619
554  814
554  861
554  881
554  967
554  975
554  985
554  997
554  998
554  999
554  1000
555  591
555  610
555  807
555  876
555  959
555  985
555  996
555  997
555  998
555  999
555  1000
556  675
556  824
556  874
556  892
556  931
557  647
557  710
557  748
557  794
557  855
557  875
557  932
557  934
557  937
557  952
557  964
557  979
557  986
558  575
558  597
558  637
558  696
558  700
558  898
558  926
558  942
558  944
558  949
559  590
559  657
559  701
559  812
559  821
559  822
559  901
559  917
559  920
560  575
560  727
560  779
560  879
560  896
560  917
560  938
560  950
560  965
560  970
560  974
561  599
561  702
561  715
561  748
561  780
561  880
561  910
561  932
561  937
561  979
562  686
562  765
562  786
562  841
562  907
562  922
562  929
563  603
563  617
563  672
563  688
563  717
563  806
563  859
563  864
563  866
563  897
564  584
564  649
564  655
564  697
564  741
564  843
564  908
565  611
565  801
565  876
565  967
565  989
565  991
565  996
565  997
565  998
565  999
565  1000
566  666
566  685
566  737
566  768
566  814
566  834
566  839
566  883
567  707
567  728
567  781
567  921
567  940
567  961
567  973
567  986
567  991
567  992
567  995
568  607
568  626
568  856
568  863
568  886
568  933
568  936
568  947
568  955
568  976
568  988
569  649
569  697
569  704
569  843
569  908
570  862
570  945
570  957
570  960
570  975
570  985
570  989
570  996
570  998
570  999
570  1000
571  851
571  896
571  959
571  967
571  975
571  985
571  989
571  996
571  997
571  998
571  999
571  1000
572  629
572  748
572  764
572  811
572  880
572  910
572  928
572  939
572  964
572  979
572  986
573  751
573  824
573  848
573  874
573  892
573  931
574  635
574  662
574  785
574  845
574  849
574  868
574  888
574  894
574  913
575  656
575  667
575  779
575  844
575  963
575  966
575  970
575  971
575  974
575  981
576  887
576  900
576  946
576  958
576  965
576  969
576  972
576  977
576  984
576  990
576  994
577  607
577  616
577  732
577  754
577  769
577  856
577  871
577  955
577  962
577  968
577  982
577  988
578  603
578  718
578  806
578  859
578  864
578  866
578  897
578  997
579  608
579  729
579  800
579  835
580  600
580  752
580  805
580  940
580  951
580  953
580  954
580  991
580  992
580  993
580  995
581  637
581  641
581  763
581  791
581  898
581  909
581  926
581  942
581  949
582  769
582  860
582  871
582  877
582  933
582  947
582  962
582  968
582  976
582  982
582  987
583  594
583  634
583  680
583  746
583  784
583  893
583  914
583  923
584  649
584  655
584  741
584  843
584  959
585  771
585  781
585  854
585  865
585  940
585  951
585  953
585  973
585  992
585  993
585  995
586  599
586  664
586  764
586  811
586  855
586  875
586  885
586  983
586  986
587  680
587  724
587  731
587  784
587  893
587  914
587  923
588  705
588  731
588  749
588  756
588  831
588  905
588  925
588  936
589  672
589  688
589  718
589  806
589  859
589  864
589  865
589  866
589  897
590  651
590  758
590  812
590  821
590  822
590  901
590  902
590  920
590  969
591  705
591  726
591  867
591  876
591  959
591  967
591  989
591  996
591  997
591  998
591  999
591  1000
592  832
592  854
592  863
592  935
592  940
592  943
592  951
592  954
592  973
592  991
592  993
592  995
593  743
593  791
593  898
593  909
593  944
593  949
593  962
594  634
594  680
594  724
594  784
594  893
594  923
595  716
595  793
595  869
595  880
595  910
595  919
595  928
595  939
595  952
595  979
595  986
596  723
596  759
596  817
596  818
596  825
596  840
597  711
597  830
597  909
597  926
597  936
597  942
597  944
597  949
598  706
598  757
598  858
598  882
599  647
599  679
599  764
599  770
599  875
599  885
599  932
599  934
599  937
599  979
600  808
600  865
600  871
600  935
600  943
600  961
600  973
600  978
600  991
600  992
600  993
600  995
601  725
601  727
601  792
601  833
601  879
601  950
601  963
601  965
601  966
601  971
601  974
602  780
602  851
602  861
602  945
602  967
602  975
602  989
602  996
602  997
602  998
602  999
602  1000
603  617
603  672
603  688
603  717
603  718
603  859
603  864
603  866
603  897
604  703
604  744
604  854
604  873
604  940
604  951
604  954
604  973
604  991
604  992
604  993
604  995
605  630
605  767
605  802
605  857
605  948
606  766
606  788
606  823
606  852
606  853
606  889
606  924
607  616
607  690
607  695
607  916
607  955
607  962
607  968
607  976
607  987
607  988
608  729
608  800
608  835
609  747
609  872
609  891
609  925
609  956
609  958
609  980
609  983
609  984
609  990
609  994
610  867
610  930
610  960
610  975
610  985
610  996
610  997
610  998
610  999
610  1000
611  712
611  960
611  985
611  989
611  996
611  997
611  998
611  999
611  1000
612  653
612  713
612  714
612  737
612  768
612  772
612  814
612  834
612  839
612  883
613  670
613  799
613  884
613  915
613  963
613  965
613  966
613  970
613  971
613  974
613  981
614  674
614  848
614  895
614  900
614  927
614  956
614  958
614  969
614  972
614  977
614  980
614  983
614  990
614  994
615  687
615  773
615  876
615  881
615  959
615  960
615  985
615  989
615  996
615  997
615  998
615  1000
616  652
616  807
616  877
616  933
616  968
616  982
616  987
616  988
617  717
617  718
617  806
617  859
617  864
617  866
617  897
618  654
618  788
618  823
618  827
618  852
618  853
618  889
618  924
619  681
619  815
619  878
619  930
619  957
619  967
619  985
619  996
619  997
619  998
619  999
619  1000
620  721
620  775
620  840
620  847
620  904
620  911
621  639
621  692
621  810
621  829
621  988
622  637
622  775
622  787
622  809
622  840
622  846
622  904
622  911
623  690
623  863
623  955
623  962
623  968
623  976
623  987
623  988
624  666
624  685
624  689
624  714
624  768
624  772
624  814
624  839
625  633
625  642
625  778
625  798
625  890
626  676
626  863
626  871
626  877
626  916
626  955
626  968
626  976
626  982
626  988
627  651
627  657
627  758
627  812
627  822
627  901
627  902
627  917
627  920
628  770
628  780
628  781
628  828
628  869
628  875
628  910
628  919
628  932
628  937
628  952
628  979
628  986
629  647
629  680
629  716
629  869
629  875
629  910
629  919
629  928
629  952
629  979
629  986
630  659
630  767
630  802
630  948
631  680
631  724
631  746
631  893
631  914
631  923
631  980
632  771
632  783
632  832
632  935
632  951
632  954
632  973
632  978
632  993
632  995
633  642
633  778
633  885
633  890
634  680
634  746
634  906
634  914
634  923
635  664
635  735
635  785
635  845
635  849
635  868
635  888
635  894
635  913
636  677
636  723
636  759
636  817
636  825
636  973
637  641
637  700
637  743
637  763
637  791
637  898
637  909
637  942
637  944
637  949
638  643
638  648
638  863
638  886
638  899
638  933
638  962
638  968
638  976
638  987
639  692
639  797
639  810
639  829
640  663
640  735
640  845
640  849
640  868
640  888
640  913
640  927
641  711
641  743
641  763
641  898
641  909
641  922
641  926
641  942
641  944
641  949
642  778
642  890
642  931
643  712
643  734
643  881
643  959
643  967
643  985
643  989
643  996
643  997
643  998
643  1000
644  775
644  787
644  809
644  840
644  846
644  847
644  904
644  911
645  676
645  678
645  715
645  748
645  794
645  811
645  855
645  880
645  928
645  934
645  937
645  964
645  979
646  693
646  767
646  802
646  803
646  857
646  948
647  668
647  676
647  694
647  764
647  875
647  880
647  937
647  939
647  964
647  979
647  986
648  690
648  695
648  816
648  856
648  863
648  871
648  886
648  962
648  968
648  982
648  988
649  655
649  697
649  723
649  741
649  843
649  908
650  669
650  670
650  722
650  777
650  833
650  879
650  915
650  950
650  963
650  966
650  970
650  974
650  981
651  657
651  699
651  758
651  812
651  822
651  901
651  902
651  920
651  976
652  661
652  776
652  860
652  871
652  877
652  899
652  916
652  968
652  969
652  976
652  982
652  987
652  988
653  771
653  854
653  873
653  951
653  954
653  961
653  973
653  978
653  991
653  992
653  993
653  995
654  788
654  823
654  852
654  853
654  889
654  924
655  843
655  908
656  698
656  725
656  779
656  799
656  844
656  879
656  950
656  963
656  965
656  974
656  981
657  699
657  758
657  821
657  822
657  902
657  917
657  920
658  661
658  690
658  795
658  856
658  899
658  947
658  955
658  962
658  968
658  976
658  987
658  988
659  693
659  767
659  802
659  857
659  948
660  691
660  705
660  731
660  829
660  831
660  842
660  850
660  905
660  936
661  732
661  816
661  856
661  860
661  899
661  968
661  976
661  982
661  988
662  663
662  735
662  785
662  795
662  813
662  845
662  868
662  888
662  894
663  735
663  785
663  795
663  813
663  849
663  868
663  894
663  913
664  733
664  794
664  855
664  910
664  934
664  937
664  939
664  952
664  964
664  986
665  719
665  792
665  841
665  884
665  938
665  950
665  963
665  965
665  970
665  971
665  974
666  685
666  689
666  713
666  750
666  768
666  772
666  814
666  834
666  839
666  883
667  669
667  736
667  792
667  915
667  950
667  963
667  966
667  970
667  971
667  974
667  981
668  678
668  702
668  715
668  780
668  855
668  869
668  880
668  885
668  937
668  939
668  964
668  986
669  670
669  727
669  896
669  965
669  966
669  971
669  974
669  981
670  727
670  747
670  792
670  844
670  884
670  915
670  970
670  971
670  974
670  981
671  682
671  686
671  761
671  810
671  841
671  870
671  907
671  922
671  929
672  688
672  717
672  718
672  806
672  859
672  864
672  866
672  897
672  967
673  729
673  800
673  835
674  747
674  895
674  927
674  946
674  958
674  972
674  977
674  980
674  983
674  984
674  990
675  848
675  874
675  878
675  892
675  931
676  710
676  780
676  782
676  794
676  828
676  932
676  939
676  952
676  964
676  979
676  986
677  723
677  759
677  817
677  818
677  998
678  694
678  782
678  793
678  811
678  828
678  885
678  910
678  919
678  928
678  934
678  986
679  748
679  782
679  793
679  869
679  875
679  885
679  910
679  934
679  937
679  939
679  979
679  986
680  746
680  893
680  923
681  774
681  861
681  881
681  949
681  957
681  959
681  960
681  989
681  996
681  997
681  998
681  999
681  1000
682  686
682  761
682  765
682  786
682  826
682  841
682  870
682  907
682  922
682  929
683  747
683  753
683  820
683  927
683  956
683  958
683  969
683  980
683  983
683  990
683  994
684  734
684  815
684  867
684  903
684  945
684  957
684  960
684  967
684  985
684  996
684  997
684  998
684  999
684  1000
685  689
685  713
685  714
685  768
685  814
685  834
685  839
685  883
686  765
686  786
686  826
686  841
686  870
686  907
686  922
686  929
687  708
687  851
687  876
687  878
687  906
687  945
687  959
687  975
687  989
687  996
687  997
687  998
687  999
687  1000
688  717
688  718
688  806
688  859
688  864
688  866
688  897
688  997
689  714
689  737
689  750
689  772
689  834
689  839
689  883
690  732
690  816
690  856
690  886
690  916
690  926
690  947
690  962
690  987
690  988
691  731
691  736
691  796
691  842
691  905
691  936
691  954
692  797
692  810
692  829
693  803
693  857
693  948
693  989
694  716
694  733
694  764
694  811
694  869
694  880
694  885
694  934
694  964
694  979
694  986
695  754
695  871
695  877
695  899
695  947
695  955
695  962
695  968
695  976
695  982
696  700
696  711
696  763
696  791
696  830
696  926
696  942
696  944
696  949
697  704
697  843
697  908
697  928
698  725
698  727
698  792
698  879
698  896
698  915
698  938
698  963
698  966
698  971
698  974
698  981
699  812
699  821
699  822
699  901
699  902
699  917
699  920
700  711
700  898
700  900
700  926
700  944
700  949
701  758
701  792
701  812
701  821
701  901
701  902
701  917
701  920
702  780
702  793
702  869
702  875
702  880
702  885
702  919
702  930
702  937
702  964
703  771
703  921
703  940
703  943
703  951
703  953
703  954
703  973
703  991
703  992
703  993
703  995
704  741
704  843
704  908
704  979
705  736
705  796
705  831
705  842
705  850
705  905
705  936
706  757
706  858
706  882
706  993
707  728
707  744
707  781
707  798
707  808
707  865
707  953
707  954
707  961
707  978
707  991
707  992
707  993
707  995
708  851
708  930
708  957
708  967
708  975
708  989
708  996
708  997
708  998
708  999
708  1000
709  895
709  912
709  925
709  946
709  956
709  958
709  969
709  970
709  972
709  977
709  980
709  983
709  984
709  990
709  994
710  748
710  780
710  793
710  855
710  880
710  928
710  934
710  937
710  952
710  964
710  965
710  979
710  986
711  727
711  763
711  898
711  909
711  926
711  942
711  944
711  949
712  774
712  930
712  957
712  975
712  996
712  997
712  998
712  999
712  1000
713  714
713  737
713  750
713  814
713  834
713  883
714  737
714  750
714  772
714  883
715  716
715  764
715  780
715  801
715  811
715  910
715  937
715  952
715  964
715  986
716  770
716  780
716  782
716  869
716  875
716  880
716  932
716  937
716  952
716  964
716  966
716  979
716  986
717  718
717  806
717  859
717  864
717  866
717  897
718  806
718  859
718  864
718  866
718  897
718  963
719  722
719  762
719  777
719  792
719  833
719  938
719  950
719  965
719  970
719  971
719  974
720  745
720  789
720  891
720  895
720  900
720  925
720  927
720  946
720  956
720  977
720  980
720  983
720  984
720  990
720  994
721  787
721  809
721  840
721  846
721  847
721  904
721  911
722  725
722  777
722  879
722  887
722  896
722  938
722  950
722  963
722  965
722  970
722  971
722  981
723  759
723  817
723  818
723  825
724  746
724  784
724  837
724  893
724  901
724  923
725  762
725  779
725  858
725  896
725  938
725  963
725  965
725  966
725  970
725  971
725  981
726  878
726  881
726  959
726  960
726  966
726  967
726  975
726  985
726  989
726  996
726  997
726  998
726  999
726  1000
727  792
727  844
727  884
727  896
727  938
727  950
727  963
727  966
727  970
727  981
728  808
728  836
728  838
728  865
728  921
728  940
728  941
728  951
728  961
728  978
728  991
728  992
728  993
728  997
729  800
729  835
729  990
730  789
730  820
730  887
730  900
730  946
730  956
730  958
730  969
730  972
730  980
730  983
730  984
730  990
730  994
731  736
731  749
731  796
731  831
731  905
731  936
732  754
732  785
732  816
732  860
732  871
732  877
732  886
732  955
732  968
732  976
732  987
732  988
733  780
733  782
733  880
733  919
733  928
733  932
733  939
733  952
733  964
733  967
733  979
733  986
734  876
734  918
734  957
734  959
734  975
734  985
734  989
734  996
734  997
734  998
734  999
734  1000
735  785
735  795
735  849
735  868
735  894
735  913
736  749
736  796
736  831
736  842
736  936
737  750
737  768
737  883
738  753
738  820
738  891
738  900
738  925
738  946
738  956
738  958
738  969
738  977
738  983
738  984
738  990
738  994
738  1000
739  783
739  804
739  805
739  832
739  836
739  873
739  941
739  943
739  954
739  991
739  992
739  993
739  995
740  789
740  853
740  912
740  956
740  958
740  969
740  972
740  977
740  980
740  983
740  984
740  990
740  994
741  843
741  908
742  757
742  858
742  882
742  985
743  763
743  791
743  830
743  898
743  909
743  926
743  942
743  944
743  949
744  752
744  805
744  873
744  941
744  954
744  961
744  973
744  978
744  992
744  993
744  995
745  747
745  790
745  820
745  872
745  891
745  925
745  958
745  969
745  972
745  977
745  980
745  983
745  990
745  994
746  784
746  837
746  893
746  914
746  977
747  891
747  912
747  956
747  969
747  977
747  980
747  984
747  990
747  994
748  794
748  869
748  885
748  910
748  921
748  939
748  952
748  964
748  979
748  986
749  756
749  796
749  831
749  842
749  905
749  936
750  772
750  814
750  834
750  883
751  848
751  874
751  892
751  931
751  978
752  836
752  895
752  921
752  941
752  951
752  954
752  961
752  973
752  978
752  991
752  992
752  993
752  995
753  887
753  895
753  900
753  956
753  958
753  969
753  972
753  980
753  983
753  984
753  986
753  990
753  994
754  955
754  962
754  963
754  976
754  982
754  987
754  988
755  769
755  816
755  860
755  864
755  933
755  955
755  962
755  968
755  976
755  982
755  987
755  988
756  831
756  842
756  850
756  905
756  936
756  957
757  778
757  858
757  882
758  812
758  821
758  901
758  902
758  917
758  920
759  817
759  818
759  825
760  804
760  816
760  916
760  947
760  955
760  962
760  968
760  976
760  982
760  988
761  765
761  786
761  816
761  826
761  841
761  870
761  907
761  922
761  929
762  779
762  879
762  884
762  915
762  963
762  965
762  970
762  971
762  974
762  981
763  791
763  830
763  869
763  926
763  942
763  944
763  949
764  768
764  770
764  782
764  880
764  919
764  934
764  937
764  964
764  979
764  986
765  786
765  826
765  841
765  870
765  907
765  922
765  929
766  823
766  827
766  852
766  853
766  889
766  924
767  802
767  803
767  857
767  948
768  814
768  834
768  839
769  807
769  863
769  871
769  899
769  933
769  947
769  955
769  976
769  987
769  988
770  782
770  855
770  880
770  909
770  919
770  928
770  934
770  939
770  964
770  979
770  986
771  836
771  885
771  921
771  935
771  940
771  941
771  953
771  961
771  973
771  991
771  993
771  995
772  814
772  839
772  883
773  790
773  820
773  891
773  946
773  958
773  972
773  977
773  980
773  983
773  984
773  990
773  994
774  801
774  930
774  945
774  960
774  967
774  975
774  989
774  996
774  997
774  998
774  999
774  1000
775  787
775  809
775  840
775  847
775  904
775  911
775  972
776  793
776  860
776  899
776  947
776  955
776  962
776  968
776  976
776  988
777  792
777  884
777  896
777  915
777  938
777  963
777  965
777  970
777  974
777  981
777  995
778  798
778  890
779  799
779  884
779  965
779  966
779  971
779  974
779  981
780  782
780  828
780  919
780  928
780  932
780  937
780  952
780  964
780  986
781  819
781  838
781  854
781  921
781  935
781  941
781  943
781  951
781  953
781  961
781  978
781  991
781  992
781  993
781  995
782  828
782  855
782  919
782  928
782  952
782  965
782  979
782  986
783  805
783  819
783  838
783  865
783  873
783  935
783  941
783  953
783  978
783  991
783  992
783  993
783  995
784  893
784  914
784  995
785  813
785  849
785  868
785  888
785  894
785  913
786  841
786  870
786  907
786  922
786  929
787  840
787  846
787  847
787  904
787  911
787  930
788  823
788  827
788  853
788  876
788  889
788  924
789  891
789  895
789  912
789  925
789  946
789  969
789  972
789  977
789  980
789  983
789  990
789  994
790  820
790  872
790  891
790  912
790  946
790  969
790  972
790  977
790  980
790  983
790  984
790  990
790  994
791  898
791  909
791  926
791  942
791  944
792  844
792  884
792  938
792  965
792  970
792  974
792  981
793  828
793  855
793  869
793  928
793  932
793  934
793  939
793  952
793  964
793  979
793  986
794  811
794  875
794  885
794  910
794  919
794  928
794  937
794  939
794  952
794  964
794  979
795  813
795  845
795  849
795  868
795  888
795  894
795  913
796  842
796  850
796  905
796  936
797  810
797  829
798  890
799  844
799  884
799  896
799  915
799  938
799  950
799  963
799  965
799  966
799  971
799  974
799  981
800  835
801  861
801  878
801  881
801  918
801  945
801  957
801  960
801  967
801  975
801  985
801  989
801  996
801  998
801  999
802  857
802  948
803  857
803  948
803  972
804  805
804  832
804  873
804  935
804  940
804  943
804  953
804  954
804  961
804  973
804  978
804  991
804  992
804  993
804  995
805  838
805  865
805  940
805  941
805  951
805  954
805  958
805  973
805  978
805  991
805  992
805  993
805  995
806  859
806  864
806  866
806  897
807  863
807  877
807  899
807  916
807  933
807  947
807  962
807  976
807  982
807  987
807  988
808  819
808  838
808  873
808  940
808  943
808  954
808  961
808  973
808  978
808  991
808  992
808  993
809  846
809  847
809  895
809  904
809  911
810  829
811  855
811  880
811  928
811  932
811  934
811  964
812  822
812  901
812  902
812  917
812  920
812  937
813  845
813  849
813  888
813  894
813  913
813  995
814  834
814  839
814  883
815  876
815  903
815  930
815  945
815  957
815  967
815  975
815  989
815  996
815  997
815  998
815  1000
816  877
816  916
816  962
816  982
816  988
817  818
817  825
817  1000
818  825
818  987
819  865
819  873
819  902
819  921
819  941
819  943
819  973
819  978
819  991
819  992
819  993
819  995
820  898
820  912
820  925
820  946
820  956
820  958
820  969
820  972
820  980
820  984
820  990
820  994
821  822
821  901
821  902
821  917
821  920
821  943
822  901
822  902
822  917
822  920
823  827
823  852
823  853
823  889
823  924
824  848
824  874
824  892
824  931
824  993
826  841
826  870
826  907
826  922
826  929
827  852
827  853
827  889
827  912
827  924
828  869
828  875
828  885
828  903
828  928
828  932
828  934
828  939
828  952
828  979
828  986
830  837
830  898
830  909
830  926
830  942
830  944
830  949
831  842
831  850
831  905
831  936
832  854
832  921
832  940
832  941
832  943
832  944
832  951
832  953
832  961
832  973
832  978
832  991
832  992
832  993
832  995
833  844
833  879
833  915
833  938
833  950
833  963
833  965
833  966
833  970
833  971
833  981
834  839
834  883
836  873
836  919
836  921
836  943
836  953
836  954
836  961
836  973
836  978
836  991
836  992
836  993
836  995
837  893
837  914
837  923
838  854
838  865
838  921
838  943
838  953
838  954
838  961
838  973
838  978
838  991
838  992
838  993
838  995
839  883
839  991
840  846
840  847
840  904
840  911
841  870
841  907
841  922
841  929
842  850
842  872
842  905
842  936
843  908
844  879
844  884
844  938
844  950
844  963
844  965
844  966
844  970
844  974
844  981
845  849
845  868
845  888
845  894
845  913
845  935
846  847
846  904
846  911
847  904
847  911
848  874
848  892
848  931
849  868
849  888
849  894
849  913
850  905
850  992
851  906
851  945
851  959
851  967
851  975
851  989
851  996
851  997
851  998
851  999
851  1000
852  853
852  889
852  924
852  950
853  889
853  924
854  940
854  943
854  951
854  954
854  961
854  973
854  976
854  978
854  991
854  992
854  993
854  995
855  869
855  885
855  910
855  919
855  928
855  964
855  979
855  986
856  863
856  877
856  955
856  968
856  976
856  982
856  987
856  988
857  948
857  999
858  882
859  864
859  866
859  897
859  994
860  863
860  871
860  877
860  933
860  947
860  955
860  962
860  968
860  976
860  987
861  878
861  881
861  957
861  959
861  960
861  967
861  985
861  989
861  996
861  997
861  998
861  999
861  1000
862  867
862  906
862  930
862  945
862  957
862  959
862  960
862  967
862  975
862  984
862  985
862  989
862  996
862  997
862  998
862  999
862  1000
863  877
863  886
863  916
863  947
863  955
863  968
863  982
863  987
863  988
864  897
865  921
865  940
865  943
865  951
865  953
865  973
865  978
865  991
865  992
865  993
865  995
866  897
867  875
867  903
867  930
867  959
867  967
867  975
867  985
867  989
867  996
867  997
867  998
867  1000
868  894
868  913
869  932
869  934
869  937
869  952
869  964
869  979
870  907
870  922
870  929
870  964
871  916
871  947
871  955
871  968
871  976
871  982
871  988
872  895
872  900
872  912
872  946
872  956
872  958
872  969
872  977
872  980
872  983
872  984
872  990
872  994
873  935
873  940
873  941
873  953
873  954
873  961
873  973
873  978
873  991
873  992
873  993
873  995
874  892
874  931
874  973
875  880
875  885
875  934
875  937
875  939
875  952
875  964
875  979
875  986
875  999
876  878
876  881
876  903
876  918
876  945
876  957
876  959
876  975
876  989
876  996
876  997
876  999
876  1000
877  886
877  899
877  955
877  962
877  976
877  982
877  988
878  906
878  930
878  960
878  967
878  975
878  985
878  989
878  996
878  997
878  998
878  999
878  1000
879  884
879  938
879  950
879  963
879  966
879  970
879  971
879  981
879  996
880  885
880  910
880  934
880  939
880  943
880  964
880  979
880  986
881  903
881  957
881  959
881  985
881  989
881  996
881  997
881  998
881  999
881  1000
884  892
884  915
884  938
884  961
884  963
884  965
884  966
884  970
884  971
884  974
884  981
885  919
885  932
885  939
885  952
885  964
885  979
885  986
886  933
886  947
886  955
886  962
886  982
886  987
886  988
887  895
887  912
887  925
887  927
887  956
887  958
887  972
887  977
887  980
887  983
887  984
887  990
887  994
888  894
888  913
889  924
891  925
891  927
891  956
891  958
891  969
891  972
891  977
891  980
891  984
891  990
891  994
892  931
892  948
893  914
893  923
894  913
894  990
895  912
895  927
895  946
895  956
895  958
895  969
895  972
895  977
895  990
895  994
896  938
896  950
896  963
896  965
896  966
896  971
896  974
896  981
897  907
897  961
898  909
898  926
898  942
898  944
898  949
899  916
899  933
899  968
899  976
899  982
899  987
899  988
900  912
900  925
900  956
900  958
900  969
900  972
900  980
900  983
900  984
900  990
900  994
901  902
901  917
901  920
902  917
902  920
903  906
903  918
903  945
903  957
903  959
903  960
903  975
903  989
903  996
903  997
903  998
903  999
903  1000
904  911
905  936
905  951
906  930
906  957
906  960
906  967
906  985
906  996
906  997
906  999
906  1000
907  922
907  929
909  926
909  942
909  944
909  949
910  919
910  928
910  932
910  934
910  937
910  939
910  941
910  952
910  964
910  979
910  986
912  927
912  929
912  956
912  958
912  969
912  980
912  984
912  990
912  994
914  923
914  987
915  938
915  950
915  963
915  966
915  970
915  971
915  981
916  933
916  940
916  947
916  955
916  962
916  982
916  987
916  988
917  920
918  959
918  967
918  975
918  985
918  989
918  996
918  997
918  998
918  999
918  1000
919  928
919  932
919  939
919  952
919  964
919  979
919  982
919  986
921  935
921  941
921  943
921  951
921  953
921  961
921  973
921  978
921  991
921  992
921  993
921  995
922  929
925  927
925  956
925  958
925  969
925  971
925  972
925  977
925  980
925  984
925  990
925  994
926  942
926  944
927  946
927  958
927  969
927  972
927  977
927  980
927  983
927  984
927  990
927  994
928  932
928  934
928  939
928  940
928  952
928  964
928  979
930  945
930  959
930  960
930  967
930  975
930  985
930  989
930  996
930  997
930  998
930  999
930  1000
932  937
932  952
932  964
932  977
932  979
932  986
933  947
933  955
933  962
933  968
933  976
933  982
933  987
933  988
934  937
934  939
934  952
934  955
934  979
935  940
935  941
935  951
935  954
935  961
935  973
935  978
935  991
935  992
935  993
935  995
937  964
937  979
937  986
938  950
938  963
938  965
938  966
938  970
938  974
938  981
938  989
939  964
939  979
939  986
940  951
940  953
940  954
940  961
940  973
940  991
940  992
940  993
940  995
941  943
941  951
941  954
941  961
941  968
941  973
941  978
941  991
941  992
941  993
941  995
942  944
942  949
942  999
943  951
943  953
943  978
943  991
943  992
943  993
943  995
944  949
945  960
945  967
945  975
945  985
945  989
945  996
945  997
945  998
945  999
945  1000
946  956
946  958
946  969
946  972
946  977
946  980
946  983
946  984
946  990
946  994
947  955
947  962
947  976
947  982
947  987
950  963
950  966
950  970
950  971
950  974
950  981
951  953
951  954
951  961
951  973
951  978
951  992
951  993
951  995
952  979
952  996
953  954
953  961
953  978
953  991
953  992
953  993
953  995
954  961
954  973
954  978
954  989
954  991
954  992
954  993
954  995
955  968
955  982
955  987
955  988
956  969
956  977
956  980
956  983
956  984
956  990
956  994
957  960
957  967
957  975
957  985
957  989
957  992
957  996
957  997
957  998
957  999
957  1000
958  972
958  980
958  983
958  984
958  990
958  994
959  960
959  967
959  975
959  985
959  989
959  996
959  997
959  998
959  999
959  1000
960  967
960  975
960  985
960  989
960  996
960  997
960  998
960  999
960  1000
961  973
961  978
961  991
961  992
961  993
961  995
962  968
962  982
962  988
962  992
963  965
963  966
963  970
963  974
963  981
964  979
964  986
965  966
965  970
965  971
965  974
965  981
966  971
966  974
966  981
967  975
967  985
967  989
967  996
967  997
967  998
967  999
967  1000
968  982
968  987
968  988
969  972
969  977
969  980
969  984
969  990
969  994
970  971
970  974
970  981
971  974
971  981
972  977
972  980
972  983
972  984
972  990
972  994
973  978
973  991
973  992
973  993
973  995
974  981
975  985
975  996
975  997
975  998
975  999
975  1000
976  982
976  988
977  980
977  982
977  983
977  984
977  990
977  994
978  983
978  987
978  991
978  992
978  993
978  995
979  986
979  994
980  983
980  984
980  990
980  994
982  987
982  988
983  984
983  990
983  994
984  990
984  994
985  989
985  996
985  997
985  999
985  1000
986  998
987  988
989  996
989  997
989  998
989  999
989  1000
990  994
991  992
991  993
991  995
992  993
992  995
993  995
993  996
996  997
996  998
996  999
996  1000
997  998
997  999
997  1000
998  999
998  1000
999  1000
