1  231
1  374
1  398
1  480
1  613
1  754
1  817
1  930
1  962
2  12
2  226
2  250
2  749
2  808
2  900
2  902
2  918
2  992
3  193
3  248
3  454
3  506
3  601
3  880
3  895
3  931
3  956
4  83
4  308
4  593
4  743
4  839
4  886
4  899
4  933
4  997
5  582
5  769
5  881
5  907
5  957
5  961
5  996
5  999
5  1000
6  271
6  337
6  530
6  696
6  772
6  918
6  963
6  985
6  998
7  59
7  167
7  209
7  501
7  600
7  682
7  860
7  960
7  984
8  10
8  673
8  787
8  807
8  853
8  893
8  918
8  925
8  939
9  27
9  94
9  472
9  593
9  679
9  784
9  817
9  960
9  992
10  20
10  513
10  667
10  843
10  888
10  942
10  979
10  996
11  13
11  458
11  466
11  583
11  605
11  835
11  937
11  973
11  997
12  498
12  606
12  656
12  657
12  707
12  920
12  954
12  993
13  366
13  573
13  600
13  619
13  770
13  923
13  967
13  982
14  151
14  152
14  214
14  608
14  701
14  711
14  757
14  837
14  913
15  294
15  327
15  770
15  824
15  832
15  852
15  921
15  969
15  997
16  232
16  261
16  438
16  543
16  661
16  766
16  902
16  911
16  930
17  103
17  384
17  402
17  731
17  762
17  789
17  801
17  985
17  998
18  172
18  265
18  343
18  655
18  675
18  708
18  732
18  774
18  961
19  24
19  70
19  134
19  163
19  364
19  401
19  634
19  964
19  992
20  189
20  266
20  388
20  445
20  535
20  590
20  954
20  955
21  104
21  706
21  834
21  862
21  876
21  893
21  924
21  990
21  1000
22  350
22  477
22  572
22  650
22  749
22  803
22  892
22  903
22  939
23  80
23  133
23  192
23  545
23  774
23  836
23  882
23  958
23  964
24  201
24  388
24  652
24  693
24  913
24  933
24  978
24  981
25  206
25  480
25  572
25  621
25  627
25  714
25  831
25  916
25  967
26  394
26  457
26  556
26  696
26  733
26  939
26  963
26  985
26  998
27  420
27  560
27  587
27  679
27  700
27  949
27  974
27  992
28  183
28  309
28  489
28  588
28  720
28  806
28  862
28  877
28  904
29  40
29  71
29  149
29  601
29  808
29  857
29  943
29  954
29  993
30  145
30  174
30  278
30  350
30  595
30  972
30  981
30  986
30  997
31  97
31  189
31  639
31  660
31  719
31  744
31  865
31  892
31  903
32  73
32  248
32  654
32  787
32  810
32  830
32  915
32  937
32  996
33  213
33  625
33  683
33  809
33  862
33  890
33  903
33  959
33  1000
34  418
34  608
34  656
34  827
34  829
34  892
34  903
34  912
34  999
35  114
35  356
35  507
35  520
35  664
35  701
35  962
35  973
35  978
36  93
36  247
36  266
36  278
36  353
36  698
36  913
36  925
36  973
37  220
37  537
37  582
37  642
37  732
37  743
37  916
37  967
37  999
38  266
38  324
38  428
38  568
38  663
38  676
38  764
38  800
38  996
39  346
39  486
39  755
39  842
39  917
39  923
39  938
39  945
39  965
40  165
40  392
40  452
40  689
40  707
40  708
40  952
40  993
41  42
41  57
41  289
41  531
41  691
41  938
41  983
41  990
41  1000
42  368
42  516
42  724
42  790
42  861
42  930
42  950
42  989
43  129
43  227
43  434
43  599
43  614
43  687
43  749
43  982
43  999
44  274
44  283
44  814
44  838
44  867
44  918
44  931
44  956
44  998
45  386
45  562
45  685
45  811
45  847
45  876
45  958
45  979
45  982
46  183
46  208
46  388
46  486
46  535
46  578
46  738
46  919
46  938
47  178
47  542
47  565
47  587
47  773
47  941
47  990
47  999
47  1000
48  137
48  288
48  609
48  672
48  728
48  739
48  788
48  927
48  965
49  526
49  563
49  612
49  629
49  711
49  730
49  753
49  963
49  998
50  172
50  326
50  332
50  647
50  714
50  750
50  830
50  899
50  961
51  239
51  601
51  640
51  831
51  841
51  915
51  947
51  959
51  966
52  247
52  284
52  340
52  553
52  677
52  807
52  815
52  840
52  959
53  209
53  335
53  437
53  566
53  732
53  735
53  776
53  952
53  988
54  328
54  475
54  683
54  888
54  894
54  955
54  957
54  983
54  999
55  245
55  343
55  344
55  361
55  364
55  605
55  627
55  787
55  997
56  163
56  212
56  242
56  288
56  321
56  620
56  692
56  834
56  870
57  179
57  181
57  606
57  617
57  721
57  891
57  915
57  993
58  471
58  514
58  614
58  684
58  712
58  831
58  919
58  921
58  982
59  94
59  248
59  655
59  675
59  726
59  823
59  835
59  977
60  178
60  313
60  416
60  654
60  738
60  796
60  902
60  989
60  992
61  75
61  239
61  260
61  282
61  818
61  935
61  963
61  985
61  998
62  169
62  363
62  480
62  576
62  670
62  740
62  871
62  963
62  998
63  269
63  306
63  603
63  771
63  813
63  832
63  867
63  964
63  984
64  76
64  82
64  345
64  823
64  879
64  908
64  926
64  984
64  994
65  74
65  135
65  146
65  631
65  734
65  736
65  931
65  991
65  999
66  113
66  370
66  714
66  735
66  796
66  850
66  924
66  953
66  975
67  89
67  498
67  511
67  584
67  624
67  696
67  764
67  898
67  941
68  98
68  99
68  604
68  735
68  809
68  840
68  864
68  955
68  991
69  99
69  159
69  623
69  651
69  778
69  781
69  794
69  967
69  980
70  420
70  587
70  824
70  845
70  889
70  918
70  945
70  957
71  407
71  436
71  510
71  533
71  585
71  641
71  675
71  953
72  311
72  747
72  762
72  897
72  917
72  930
72  948
72  976
72  989
73  92
73  210
73  215
73  326
73  803
73  830
73  842
73  884
74  194
74  357
74  431
74  513
74  622
74  706
74  766
74  967
75  236
75  301
75  801
75  886
75  899
75  928
75  935
75  998
76  84
76  97
76  175
76  481
76  568
76  657
76  816
76  842
77  304
77  615
77  637
77  818
77  828
77  871
77  878
77  965
77  998
78  133
78  225
78  317
78  467
78  553
78  725
78  777
78  976
78  989
79  486
79  652
79  701
79  797
79  848
79  860
79  883
79  933
79  973
80  337
80  395
80  620
80  710
80  725
80  753
80  915
80  993
81  101
81  489
81  725
81  843
81  849
81  927
81  936
81  940
81  989
82  200
82  347
82  490
82  567
82  645
82  822
82  984
82  988
83  228
83  467
83  482
83  579
83  627
83  822
83  885
83  960
84  211
84  309
84  610
84  726
84  868
84  905
84  912
84  914
85  104
85  122
85  227
85  372
85  577
85  770
85  911
85  998
85  1000
86  90
86  727
86  782
86  831
86  861
86  948
86  983
86  999
86  1000
87  231
87  395
87  666
87  755
87  923
87  938
87  958
87  980
87  983
88  243
88  520
88  558
88  581
88  586
88  906
88  929
88  968
88  995
89  561
89  688
89  721
89  812
89  936
89  941
89  992
89  994
90  205
90  726
90  779
90  924
90  946
90  980
90  999
90  1000
91  678
91  787
91  843
91  850
91  858
91  939
91  967
91  994
91  996
92  298
92  302
92  812
92  833
92  858
92  907
92  955
92  996
93  616
93  669
93  735
93  785
93  879
93  916
93  947
93  952
94  115
94  675
94  904
94  960
94  982
94  991
94  994
95  248
95  674
95  843
95  856
95  884
95  918
95  971
95  986
95  996
96  216
96  383
96  399
96  510
96  627
96  652
96  690
96  870
96  883
97  207
97  232
97  321
97  731
97  817
97  932
97  992
98  155
98  300
98  381
98  501
98  957
98  990
98  999
98  1000
99  113
99  461
99  647
99  673
99  685
99  792
99  991
100  142
100  277
100  693
100  706
100  797
100  804
100  837
100  883
100  973
101  497
101  539
101  582
101  862
101  924
101  946
101  968
101  1000
102  163
102  351
102  499
102  638
102  863
102  943
102  951
102  953
102  965
103  383
103  687
103  696
103  772
103  878
103  902
103  985
103  998
104  122
104  425
104  674
104  784
104  911
104  923
104  930
105  198
105  217
105  481
105  720
105  735
105  852
105  855
105  986
105  997
106  372
106  406
106  633
106  736
106  879
106  943
106  951
106  975
106  995
107  290
107  372
107  396
107  522
107  537
107  805
107  894
107  948
107  995
108  383
108  426
108  724
108  734
108  742
108  843
108  893
108  993
108  1000
109  154
109  530
109  810
109  832
109  855
109  864
109  926
109  952
109  988
110  185
110  262
110  397
110  545
110  670
110  857
110  878
110  985
110  998
111  381
111  592
111  645
111  818
111  853
111  854
111  866
111  926
111  950
112  617
112  707
112  800
112  860
112  875
112  896
112  915
112  934
112  993
113  209
113  334
113  685
113  778
113  923
113  928
113  991
114  519
114  630
114  635
114  869
114  880
114  927
114  931
114  956
115  150
115  362
115  676
115  712
115  762
115  788
115  985
115  998
116  236
116  367
116  579
116  627
116  705
116  743
116  786
116  966
116  990
117  317
117  386
117  552
117  621
117  927
117  940
117  989
117  996
117  1000
118  122
118  234
118  425
118  494
118  522
118  523
118  948
118  971
118  995
119  212
119  244
119  788
119  811
119  820
119  917
119  945
119  989
119  994
120  189
120  266
120  403
120  506
120  823
120  875
120  888
120  889
120  893
121  125
121  198
121  371
121  490
121  634
121  694
121  757
121  766
121  935
122  127
122  383
122  773
122  806
122  946
122  992
123  164
123  237
123  414
123  572
123  624
123  667
123  694
123  826
123  989
124  150
124  341
124  388
124  547
124  844
124  871
124  937
124  968
124  995
125  221
125  232
125  246
125  577
125  645
125  738
125  780
125  998
126  420
126  523
126  526
126  650
126  663
126  692
126  749
126  819
126  891
127  178
127  393
127  490
127  571
127  591
127  807
127  889
127  992
128  550
128  676
128  742
128  800
128  843
128  858
128  887
128  937
128  980
129  331
129  353
129  356
129  463
129  640
129  696
129  863
129  978
130  301
130  585
130  775
130  788
130  897
130  927
130  989
130  993
130  998
131  209
131  251
131  549
131  892
131  910
131  938
131  991
131  999
131  1000
132  329
132  492
132  697
132  821
132  919
132  936
132  945
132  999
132  1000
133  225
133  640
133  709
133  775
133  821
133  989
133  993
134  372
134  425
134  662
134  767
134  805
134  824
134  906
134  907
135  357
135  408
135  495
135  585
135  643
135  728
135  898
135  914
136  263
136  626
136  716
136  762
136  772
136  871
136  900
136  963
136  998
137  252
137  533
137  606
137  661
137  745
137  815
137  901
137  932
138  147
138  227
138  251
138  413
138  487
138  947
138  980
138  999
138  1000
139  390
139  752
139  803
139  853
139  887
139  917
139  927
139  989
139  994
140  146
140  282
140  493
140  529
140  651
140  752
140  880
140  958
140  982
141  239
141  297
141  314
141  601
141  644
141  702
141  961
141  964
141  974
142  197
142  298
142  596
142  853
142  858
142  938
142  955
142  996
143  193
143  246
143  398
143  465
143  500
143  602
143  770
143  972
143  997
144  443
144  550
144  703
144  905
144  950
144  952
144  962
144  977
144  995
145  446
145  463
145  504
145  536
145  546
145  749
145  854
145  997
146  212
146  672
146  706
146  739
146  796
146  928
146  997
147  205
147  527
147  713
147  792
147  807
147  931
147  956
147  993
148  203
148  306
148  509
148  515
148  594
148  657
148  676
148  854
148  905
149  524
149  541
149  679
149  689
149  857
149  915
149  993
149  1000
150  521
150  721
150  801
150  886
150  962
150  985
150  998
151  279
151  591
151  839
151  934
151  948
151  954
151  971
151  995
152  513
152  606
152  705
152  788
152  827
152  875
152  920
152  993
153  346
153  486
153  600
153  658
153  746
153  919
153  958
153  980
153  996
154  334
154  388
154  484
154  676
154  776
154  888
154  942
154  996
155  380
155  490
155  681
155  802
155  910
155  990
155  999
155  1000
156  188
156  264
156  297
156  357
156  572
156  678
156  785
156  841
156  970
157  447
157  475
157  870
157  880
157  884
157  893
157  955
157  992
157  996
158  197
158  199
158  787
158  806
158  830
158  884
158  913
158  963
158  996
159  299
159  488
159  831
159  910
159  916
159  970
159  987
159  996
160  234
160  355
160  614
160  655
160  738
160  751
160  819
160  876
160  906
161  276
161  288
161  633
161  671
161  750
161  947
161  953
161  965
161  972
162  226
162  408
162  564
162  621
162  780
162  867
162  956
162  979
162  995
163  655
163  734
163  951
163  957
163  965
163  991
164  179
164  187
164  298
164  310
164  316
164  731
164  846
164  888
165  227
165  499
165  505
165  518
165  801
165  854
165  912
165  923
166  434
166  471
166  478
166  750
166  796
166  940
166  969
166  976
166  989
167  273
167  441
167  523
167  761
167  809
167  948
167  949
167  995
168  446
168  552
168  561
168  623
168  662
168  682
168  788
168  879
168  922
169  576
169  762
169  773
169  782
169  854
169  976
169  985
169  998
170  344
170  552
170  705
170  725
170  846
170  913
170  929
170  981
170  986
171  204
171  457
171  504
171  576
171  589
171  801
171  985
171  988
171  998
172  409
172  456
172  756
172  774
172  907
172  961
172  964
173  230
173  549
173  617
173  724
173  808
173  878
173  954
173  993
173  996
174  325
174  667
174  694
174  741
174  768
174  775
174  820
174  898
175  248
175  250
175  371
175  817
175  827
175  902
175  974
175  989
176  224
176  322
176  748
176  798
176  813
176  952
176  981
176  997
176  999
177  406
177  517
177  598
177  665
177  740
177  909
177  953
177  965
177  972
178  752
178  784
178  793
178  806
178  974
178  992
179  316
179  364
179  422
179  643
179  644
179  918
179  942
180  317
180  442
180  553
180  849
180  887
180  917
180  941
180  981
180  989
181  468
181  472
181  768
181  827
181  828
181  877
181  937
181  993
182  283
182  430
182  450
182  621
182  713
182  778
182  814
182  851
182  936
183  562
183  684
183  876
183  906
183  966
183  969
183  979
184  284
184  426
184  467
184  469
184  596
184  674
184  689
184  893
184  996
185  320
185  365
185  427
185  561
185  629
185  630
185  985
185  998
186  456
186  672
186  866
186  905
186  952
186  962
186  988
186  990
186  994
187  215
187  480
187  830
187  838
187  924
187  942
187  948
187  996
188  225
188  379
188  670
188  678
188  695
188  794
188  927
188  966
189  333
189  470
189  506
189  577
189  674
189  939
190  227
190  421
190  538
190  677
190  705
190  816
190  896
190  959
190  970
191  243
191  392
191  449
191  653
191  725
191  754
191  826
191  861
191  921
192  225
192  265
192  634
192  660
192  734
192  961
192  964
192  979
193  274
193  460
193  867
193  895
193  931
193  956
193  970
194  204
194  255
194  736
194  853
194  892
194  921
194  953
194  991
195  638
195  709
195  782
195  829
195  887
195  940
195  957
195  976
195  989
196  253
196  329
196  443
196  612
196  748
196  831
196  907
196  981
196  997
197  555
197  617
197  850
197  888
197  942
197  955
197  961
197  999
198  214
198  308
198  552
198  602
198  813
198  937
198  996
198  1000
199  203
199  516
199  592
199  653
199  691
199  791
199  826
199  861
199  930
200  238
200  312
200  388
200  521
200  598
200  699
200  825
200  988
200  994
201  654
201  818
201  852
201  872
201  963
201  985
201  988
201  998
201  999
202  213
202  413
202  442
202  496
202  503
202  629
202  760
202  774
202  961
202  964
203  231
203  423
203  574
203  579
203  627
203  822
203  835
203  955
204  370
204  514
204  607
204  658
204  665
204  671
204  783
204  853
205  379
205  589
205  678
205  807
205  907
205  966
205  986
205  995
206  276
206  537
206  612
206  627
206  722
206  732
206  947
206  966
206  983
207  226
207  382
207  385
207  469
207  652
207  752
207  771
207  971
207  992
208  245
208  318
208  511
208  737
208  864
208  935
208  937
208  965
208  997
209  223
209  431
209  609
209  777
209  874
209  975
210  250
210  292
210  364
210  544
210  571
210  661
210  784
210  982
210  992
211  318
211  608
211  743
211  756
211  759
211  923
211  934
211  969
211  986
212  265
212  343
212  611
212  672
212  735
212  745
212  965
213  224
213  325
213  326
213  357
213  721
213  812
213  820
213  941
214  221
214  571
214  608
214  615
214  652
214  776
214  797
214  804
215  447
215  458
215  717
215  843
215  939
215  942
215  971
215  972
216  643
216  677
216  717
216  739
216  751
216  870
216  941
216  953
216  966
217  329
217  841
217  855
217  894
217  914
217  929
217  968
217  971
217  995
218  232
218  491
218  741
218  862
218  866
218  945
218  957
218  991
218  999
218  1000
219  335
219  350
219  710
219  769
219  919
219  946
219  958
219  965
219  979
219  982
220  489
220  526
220  711
220  762
220  802
220  865
220  940
220  963
220  998
221  226
221  385
221  420
221  469
221  499
221  911
221  967
221  997
222  314
222  328
222  367
222  406
222  496
222  702
222  714
222  734
222  964
222  970
223  432
223  612
223  648
223  806
223  846
223  969
223  972
223  981
223  997
224  448
224  567
224  667
224  688
224  706
224  812
224  898
224  941
225  254
225  617
225  811
225  883
225  976
225  989
226  286
226  544
226  767
226  888
226  902
226  1000
227  304
227  535
227  610
227  712
227  946
228  431
228  632
228  633
228  655
228  745
228  783
228  809
228  896
228  991
229  518
229  646
229  821
229  924
229  957
229  973
229  980
229  983
229  984
229  1000
230  303
230  419
230  460
230  634
230  857
230  870
230  875
230  954
230  993
231  251
231  554
231  626
231  694
231  721
231  820
231  941
232  508
232  537
232  748
232  766
232  966
232  992
233  242
233  337
233  450
233  551
233  753
233  915
233  926
233  949
233  954
233  993
234  259
234  363
234  568
234  687
234  906
234  966
234  973
234  982
235  297
235  343
235  516
235  702
235  714
235  803
235  860
235  961
235  964
235  980
236  518
236  618
236  629
236  740
236  848
236  872
236  963
236  998
237  255
237  626
237  755
237  764
237  803
237  898
237  941
237  946
237  951
238  433
238  446
238  664
238  675
238  756
238  928
238  962
238  987
238  988
239  496
239  702
239  734
239  836
239  841
239  876
239  964
240  342
240  367
240  478
240  517
240  716
240  815
240  894
240  923
240  932
240  994
241  566
241  575
241  602
241  664
241  675
241  728
241  810
241  868
241  904
241  975
242  497
242  510
242  551
242  874
242  909
242  961
242  975
242  991
243  349
243  398
243  653
243  658
243  754
243  791
243  899
243  930
244  386
244  390
244  449
244  571
244  743
244  775
244  782
244  832
244  989
245  615
245  798
245  813
245  839
245  972
245  977
245  986
245  1000
246  448
246  542
246  632
246  770
246  779
246  851
246  997
246  1000
247  445
247  496
247  656
247  692
247  891
247  892
247  903
247  1000
248  392
248  787
248  939
248  942
248  947
249  646
249  711
249  734
249  774
249  836
249  848
249  953
249  961
249  964
249  975
250  377
250  633
250  767
250  967
250  974
250  977
250  992
251  753
251  809
251  944
251  971
251  980
251  999
251  1000
252  401
252  667
252  668
252  847
252  851
252  894
252  901
252  917
252  932
253  505
253  552
253  694
253  764
253  812
253  898
253  941
253  969
253  1000
254  747
254  792
254  798
254  927
254  940
254  955
254  976
254  989
254  992
255  624
255  764
255  809
255  812
255  837
255  898
255  941
255  992
256  302
256  649
256  749
256  819
256  829
256  872
256  873
256  891
256  903
256  976
257  264
257  274
257  551
257  704
257  857
257  875
257  954
257  955
257  958
257  993
258  286
258  314
258  328
258  546
258  547
258  832
258  855
258  929
258  978
258  995
259  411
259  565
259  582
259  681
259  767
259  944
259  957
259  990
259  996
260  297
260  326
260  409
260  496
260  531
260  636
260  836
260  964
260  985
261  419
261  496
261  587
261  592
261  720
261  889
261  904
261  911
261  974
262  340
262  379
262  450
262  553
262  778
262  836
262  910
262  970
262  974
263  662
263  758
263  781
263  793
263  799
263  846
263  853
263  921
263  959
264  323
264  401
264  716
264  745
264  838
264  851
264  953
264  970
265  545
265  734
265  819
265  882
265  961
265  963
265  964
266  576
266  593
266  723
266  742
266  939
266  942
267  292
267  473
267  486
267  540
267  574
267  578
267  710
267  935
267  937
267  961
268  565
268  613
268  685
268  693
268  730
268  889
268  910
268  983
268  990
268  999
269  357
269  379
269  421
269  466
269  476
269  781
269  840
269  947
269  974
270  287
270  492
270  590
270  623
270  786
270  881
270  883
270  896
270  986
270  987
271  319
271  548
271  641
271  668
271  706
271  796
271  976
271  991
271  1000
272  416
272  504
272  574
272  759
272  812
272  924
272  940
272  969
272  972
272  986
273  503
273  534
273  735
273  805
273  871
273  948
273  968
273  971
273  995
274  358
274  424
274  447
274  601
274  814
274  880
274  907
275  299
275  548
275  647
275  655
275  782
275  887
275  917
275  923
275  976
275  989
276  463
276  763
276  793
276  796
276  874
276  909
276  941
276  975
277  558
277  730
277  810
277  852
277  894
277  948
277  968
277  971
277  995
278  695
278  797
278  855
278  899
278  913
278  973
278  975
278  978
279  465
279  547
279  550
279  629
279  844
279  855
279  960
279  971
279  995
280  487
280  514
280  568
280  703
280  890
280  945
280  957
280  967
280  979
280  998
281  283
281  392
281  446
281  674
281  796
281  833
281  918
281  942
281  969
281  996
282  355
282  471
282  688
282  798
282  906
282  919
282  946
282  958
283  294
283  519
283  621
283  780
283  828
283  861
283  895
284  542
284  683
284  691
284  709
284  957
284  984
284  990
284  999
285  580
285  686
285  761
285  799
285  860
285  919
285  923
285  935
285  938
285  982
286  358
286  472
286  643
286  761
286  948
286  968
286  971
286  995
287  419
287  633
287  731
287  752
287  889
287  900
287  902
287  932
287  939
288  437
288  587
288  765
288  831
288  850
288  874
288  903
289  347
289  634
289  661
289  738
289  817
289  834
289  902
289  904
289  992
290  345
290  515
290  574
290  610
290  620
290  687
290  700
290  712
290  796
291  544
291  730
291  856
291  886
291  889
291  924
291  957
291  990
291  999
291  1000
292  355
292  454
292  495
292  600
292  816
292  976
292  979
292  985
293  521
293  663
293  738
293  766
293  767
293  784
293  817
293  935
293  948
293  981
294  436
294  505
294  552
294  584
294  605
294  612
294  812
294  969
295  516
295  524
295  559
295  585
295  724
295  757
295  763
295  811
295  930
295  992
296  336
296  405
296  638
296  801
296  825
296  928
296  967
296  984
296  988
296  994
297  413
297  756
297  961
297  964
297  987
297  994
298  412
298  538
298  572
298  742
298  955
298  986
298  996
299  347
299  619
299  810
299  860
299  902
299  919
299  923
299  958
300  451
300  654
300  696
300  772
300  886
300  933
300  985
300  995
300  998
301  530
301  834
301  890
301  910
301  944
301  970
301  999
301  1000
302  479
302  632
302  761
302  802
302  813
302  822
302  972
302  986
303  452
303  513
303  628
303  753
303  875
303  991
303  993
303  997
303  999
304  394
304  438
304  566
304  569
304  620
304  816
304  982
304  997
305  550
305  615
305  640
305  668
305  817
305  933
305  973
305  978
305  980
305  998
306  616
306  704
306  760
306  771
306  921
306  927
306  960
306  994
307  312
307  527
307  544
307  609
307  945
307  969
307  980
307  990
307  999
307  1000
308  741
308  850
308  917
308  920
308  972
308  978
308  986
308  997
309  509
309  552
309  779
309  866
309  887
309  956
309  962
309  984
310  443
310  608
310  698
310  715
310  760
310  791
310  925
310  933
310  943
311  323
311  415
311  558
311  594
311  628
311  769
311  968
311  971
311  995
312  355
312  691
312  697
312  849
312  945
312  989
312  999
312  1000
313  480
313  724
313  754
313  763
313  790
313  904
313  930
313  990
313  997
314  657
314  669
314  714
314  836
314  961
314  964
314  999
315  444
315  515
315  614
315  660
315  746
315  816
315  823
315  842
315  906
315  952
316  377
316  442
316  583
316  800
316  830
316  850
316  939
316  997
317  709
317  782
317  937
317  954
317  975
317  989
317  999
318  339
318  373
318  540
318  632
318  884
318  981
318  986
318  998
319  511
319  671
319  683
319  684
319  823
319  869
319  931
319  943
319  960
320  407
320  637
320  679
320  757
320  872
320  878
320  954
320  985
320  998
321  435
321  631
321  651
321  717
321  738
321  785
321  850
321  991
322  618
322  620
322  709
322  775
322  825
322  897
322  917
322  976
322  989
323  396
323  411
323  733
323  815
323  898
323  901
323  932
323  963
324  383
324  756
324  757
324  912
324  942
324  948
324  955
324  992
324  996
325  508
325  688
325  820
325  865
325  876
325  898
325  941
325  996
326  646
326  716
326  730
326  836
326  961
326  964
327  528
327  939
327  950
327  957
327  983
327  990
327  992
327  999
327  1000
328  330
328  519
328  658
328  713
328  828
328  880
328  934
329  469
329  652
329  701
329  715
329  883
329  925
329  978
330  430
330  453
330  658
330  780
330  792
330  828
330  907
330  920
330  939
331  463
331  512
331  550
331  760
331  837
331  849
331  945
331  973
331  997
332  503
332  557
332  577
332  646
332  653
332  774
332  813
332  961
332  964
333  358
333  415
333  564
333  601
333  607
333  792
333  895
333  931
333  991
334  422
334  669
334  787
334  833
334  873
334  925
334  939
334  996
335  345
335  408
335  586
335  689
335  853
335  874
335  908
335  965
336  342
336  538
336  699
336  754
336  825
336  893
336  912
336  950
336  985
337  441
337  768
337  915
337  920
337  942
337  993
337  995
338  370
338  620
338  651
338  853
338  876
338  901
338  906
338  911
338  923
338  979
339  704
339  711
339  758
339  785
339  856
339  949
339  967
339  981
339  987
340  476
340  652
340  789
340  821
340  896
340  914
340  987
340  999
341  502
341  558
341  585
341  739
341  805
341  843
341  948
341  966
341  995
342  379
342  745
342  847
342  851
342  863
342  887
342  932
342  959
343  511
343  545
343  734
343  865
343  961
343  964
344  395
344  539
344  779
344  851
344  867
344  969
344  995
344  997
345  539
345  726
345  929
345  971
345  984
345  988
345  994
346  481
346  535
346  557
346  846
346  877
346  890
346  912
346  921
347  460
347  557
347  748
347  860
347  938
347  946
347  948
348  396
348  586
348  723
348  918
348  929
348  936
348  948
348  968
348  993
348  995
349  439
349  526
349  654
349  668
349  872
349  878
349  924
349  940
349  998
350  423
350  427
350  601
350  885
350  982
350  986
350  997
351  420
351  479
351  634
351  731
351  861
351  900
351  965
351  974
351  992
352  382
352  459
352  567
352  636
352  680
352  714
352  815
352  847
352  851
352  932
353  455
353  585
353  615
353  695
353  757
353  883
353  895
353  973
353  996
354  636
354  640
354  797
354  802
354  925
354  973
354  978
354  979
354  985
354  986
354  988
355  387
355  741
355  746
355  764
355  897
355  923
355  991
356  695
356  717
356  732
356  757
356  913
356  932
356  933
356  973
356  975
357  604
357  654
357  668
357  793
357  923
357  965
358  519
358  780
358  880
358  899
358  931
358  956
358  962
358  986
359  623
359  799
359  856
359  871
359  922
359  928
359  939
359  949
359  966
359  971
359  989
360  423
360  555
360  596
360  674
360  676
360  756
360  794
360  868
360  963
360  996
360  1000
361  473
361  508
361  705
361  748
361  758
361  770
361  778
361  931
361  969
361  986
362  576
362  654
362  704
362  772
362  816
362  872
362  956
362  957
362  963
362  998
363  402
363  495
363  755
363  861
363  906
363  934
363  958
363  982
363  999
364  372
364  380
364  410
364  577
364  791
364  878
364  974
365  429
365  504
365  580
365  681
365  806
365  912
365  942
365  950
365  960
365  994
366  599
366  657
366  740
366  771
366  838
366  904
366  906
366  938
366  979
366  987
367  463
367  483
367  540
367  702
367  730
367  743
367  822
367  997
368  524
368  653
368  681
368  734
368  741
368  750
368  763
368  826
368  861
368  930
369  428
369  440
369  707
369  718
369  744
369  776
369  809
369  847
369  851
369  924
369  932
370  567
370  616
370  631
370  645
370  926
370  949
370  960
370  988
371  385
371  542
371  589
371  682
371  767
371  773
371  911
371  933
371  992
372  544
372  679
372  862
372  912
372  974
372  992
373  470
373  522
373  567
373  688
373  848
373  904
373  928
373  968
373  988
373  991
374  531
374  608
374  718
374  760
374  797
374  802
374  837
374  883
374  933
374  977
375  392
375  403
375  405
375  538
375  637
375  800
375  858
375  893
375  914
375  962
375  996
376  449
376  461
376  631
376  671
376  736
376  906
376  929
376  942
376  965
376  975
376  991
377  403
377  439
377  499
377  555
377  705
377  858
377  906
377  939
377  996
378  431
378  533
378  543
378  736
378  776
378  790
378  842
378  870
378  871
378  951
378  986
379  635
379  749
379  758
379  943
379  967
379  988
380  410
380  464
380  733
380  738
380  824
380  857
380  900
380  974
380  976
381  464
381  738
381  890
381  952
381  958
381  973
381  980
381  990
381  999
382  459
382  493
382  544
382  733
382  838
382  847
382  863
382  901
382  979
383  451
383  742
383  810
383  889
383  955
383  996
384  390
384  569
384  609
384  709
384  723
384  771
384  848
384  877
384  914
384  928
385  469
385  702
385  738
385  889
385  902
385  959
385  982
385  995
386  434
386  442
386  561
386  751
386  827
386  887
386  897
386  947
387  402
387  407
387  555
387  642
387  651
387  700
387  712
387  862
387  921
387  989
388  584
388  725
388  787
388  884
388  888
389  445
389  503
389  660
389  677
389  695
389  749
389  825
389  829
389  873
389  892
389  999
390  750
390  775
390  780
390  788
390  853
390  897
390  917
390  951
391  418
391  438
391  567
391  650
391  692
391  711
391  819
391  829
391  891
391  938
391  995
392  812
392  833
392  858
392  865
392  942
392  996
393  543
393  647
393  718
393  811
393  831
393  887
393  927
393  940
393  976
393  989
394  600
394  619
394  678
394  745
394  837
394  921
394  938
394  979
394  982
395  551
395  570
395  703
395  737
395  808
395  827
395  915
395  993
396  497
396  558
396  800
396  839
396  901
396  948
396  953
396  995
397  586
397  713
397  740
397  762
397  765
397  772
397  801
397  940
397  985
397  998
398  524
398  559
398  583
398  653
398  729
398  815
398  980
398  990
399  441
399  452
399  543
399  588
399  596
399  729
399  809
399  850
399  876
399  943
400  538
400  588
400  894
400  920
400  922
400  949
400  966
400  967
400  970
400  987
400  1000
401  440
401  516
401  565
401  590
401  815
401  863
401  932
401  963
402  515
402  565
402  610
402  687
402  694
402  943
402  946
402  979
403  414
403  673
403  757
403  843
403  886
403  900
403  955
403  996
404  528
404  730
404  752
404  781
404  794
404  896
404  936
404  980
404  983
404  989
404  999
405  422
405  686
405  710
405  810
405  862
405  893
405  939
405  978
405  996
406  438
406  544
406  583
406  611
406  874
406  956
406  975
406  991
407  485
407  599
407  651
407  788
407  906
407  919
407  923
407  982
408  672
408  859
408  864
408  887
408  943
408  951
408  991
408  999
409  413
409  545
409  774
409  795
409  909
409  932
409  944
409  961
409  964
410  425
410  459
410  700
410  773
410  792
410  824
410  902
410  988
410  992
411  428
411  478
411  611
411  718
411  733
411  835
411  851
411  881
411  983
412  509
412  541
412  581
412  751
412  931
412  942
412  960
412  984
412  988
412  994
413  459
413  503
413  510
413  635
413  702
413  964
413  973
414  495
414  548
414  688
414  700
414  812
414  820
414  898
414  941
414  971
415  483
415  572
415  597
415  807
415  846
415  931
415  949
415  970
415  994
416  428
416  472
416  555
416  766
416  784
416  813
416  906
416  911
416  992
417  468
417  513
417  651
417  743
417  748
417  802
417  934
417  937
417  972
417  996
417  997
418  445
418  614
418  764
418  829
418  865
418  873
418  892
418  894
418  962
419  472
419  587
419  766
419  784
419  878
419  944
419  957
419  992
420  508
420  544
420  619
420  662
420  925
420  927
421  487
421  560
421  663
421  782
421  907
421  919
421  922
421  949
421  959
422  666
422  728
422  780
422  786
422  833
422  918
422  942
422  996
423  458
423  474
423  699
423  720
423  898
423  961
423  986
423  997
424  506
424  559
424  584
424  645
424  787
424  858
424  884
424  893
424  918
424  999
425  508
425  608
425  824
425  959
425  973
425  974
425  982
426  562
426  575
426  583
426  704
426  756
426  787
426  918
426  955
426  958
427  473
427  581
427  679
427  743
427  822
427  963
427  972
427  979
427  997
428  455
428  727
428  733
428  838
428  847
428  851
428  932
429  437
429  566
429  588
429  848
429  855
429  858
429  859
429  926
429  932
429  994
430  527
430  814
430  828
430  867
430  881
430  931
430  938
430  964
430  984
431  655
431  754
431  829
431  832
431  908
431  909
431  1000
432  484
432  518
432  567
432  589
432  682
432  726
432  806
432  879
432  928
432  991
433  612
433  686
433  753
433  759
433  765
433  802
433  813
433  935
433  975
433  978
434  647
434  720
434  769
434  782
434  817
434  887
434  976
434  991
435  448
435  622
435  736
435  862
435  933
435  944
435  953
435  965
435  980
435  991
436  536
436  574
436  630
436  688
436  720
436  722
436  759
436  899
436  938
437  439
437  685
437  690
437  783
437  860
437  868
437  908
437  951
438  460
438  532
438  578
438  653
438  686
438  946
438  982
439  497
439  625
439  740
439  810
439  871
439  963
439  985
439  998
440  730
440  733
440  764
440  771
440  815
440  851
440  863
440  932
440  939
441  544
441  680
441  793
441  809
441  864
441  869
441  943
441  953
442  740
442  818
442  845
442  877
442  940
442  976
442  989
443  458
443  741
443  743
443  793
443  835
443  841
443  937
443  986
444  683
444  751
444  772
444  862
444  910
444  936
444  963
444  990
444  999
444  1000
445  456
445  563
445  656
445  819
445  829
445  865
445  957
446  483
446  720
446  798
446  835
446  897
446  899
446  937
447  535
447  682
447  756
447  801
447  810
447  830
447  888
447  996
448  478
448  710
448  733
448  835
448  935
448  963
448  970
448  981
449  458
449  465
449  513
449  648
449  741
449  759
449  852
449  997
450  477
450  534
450  722
450  914
450  922
450  949
450  968
450  987
451  506
451  596
451  649
451  652
451  756
451  769
451  884
451  918
451  996
452  510
452  513
452  606
452  708
452  915
452  954
452  980
452  993
453  502
453  548
453  611
453  660
453  829
453  838
453  873
453  892
453  903
453  922
454  498
454  532
454  557
454  651
454  901
454  953
454  958
454  979
454  982
455  536
455  647
455  844
455  934
455  965
455  969
455  981
455  986
455  997
456  725
456  769
456  782
456  845
456  849
456  927
456  976
456  989
457  564
457  704
457  716
457  762
457  811
457  886
457  932
457  963
457  998
458  665
458  741
458  781
458  830
458  835
458  972
458  993
459  478
459  517
459  530
459  863
459  901
459  916
459  932
459  947
460  528
460  562
460  666
460  767
460  842
460  916
460  958
460  979
461  523
461  587
461  777
461  793
461  908
461  909
461  922
461  943
461  972
461  994
462  479
462  487
462  660
462  834
462  850
462  933
462  944
462  945
462  974
462  981
462  990
462  999
463  492
463  737
463  748
463  765
463  899
463  934
463  979
464  532
464  559
464  599
464  612
464  666
464  755
464  854
464  919
464  946
464  979
465  649
465  741
465  748
465  758
465  844
465  935
465  962
465  986
465  997
466  480
466  580
466  613
466  730
466  754
466  763
466  861
466  930
466  945
466  974
467  575
467  594
467  682
467  806
467  845
467  868
467  962
467  964
467  977
468  487
468  529
468  564
468  594
468  677
468  704
468  768
468  827
468  954
468  993
469  472
469  634
469  773
469  911
469  944
469  950
469  956
470  593
470  594
470  673
470  712
470  771
470  823
470  856
470  926
470  981
470  988
471  550
471  623
471  698
471  701
471  883
471  913
471  933
471  973
471  978
472  612
472  731
472  732
472  789
472  817
472  974
473  519
473  558
473  602
473  782
473  822
473  903
473  969
473  972
473  997
474  539
474  581
474  622
474  635
474  648
474  676
474  899
474  929
474  969
474  972
474  990
475  514
475  598
475  773
475  881
475  890
475  924
475  944
475  960
475  990
475  1000
476  553
476  665
476  677
476  761
476  794
476  877
476  879
476  896
476  927
476  939
477  650
477  656
477  660
477  742
477  803
477  873
477  887
477  892
477  985
477  993
478  517
478  641
478  677
478  716
478  838
478  890
478  932
479  748
479  827
479  904
479  936
479  944
479  945
479  980
479  990
479  1000
480  524
480  763
480  826
480  861
480  873
480  929
481  532
481  619
481  863
481  876
481  884
481  919
481  921
481  930
481  976
482  537
482  556
482  737
482  789
482  859
482  885
482  934
482  957
482  972
482  986
482  997
483  527
483  536
483  628
483  666
483  705
483  885
483  935
483  957
483  969
484  499
484  661
484  832
484  914
484  950
484  952
484  986
484  988
484  994
484  995
485  547
485  589
485  662
485  669
485  732
485  891
485  903
485  916
485  943
485  970
485  987
486  610
486  702
486  837
486  839
486  921
486  938
486  979
487  651
487  813
487  910
487  944
487  980
487  983
487  1000
488  642
488  653
488  724
488  729
488  791
488  804
488  826
488  861
488  930
488  989
488  999
489  576
489  740
489  818
489  851
489  871
489  886
489  985
489  987
489  998
490  508
490  537
490  738
490  755
490  766
490  773
490  900
490  990
491  541
491  546
491  569
491  849
491  881
491  906
491  917
491  957
491  983
491  999
491  1000
492  549
492  597
492  656
492  669
492  821
492  896
492  949
492  967
492  987
493  562
493  599
493  610
493  702
493  744
493  816
493  923
493  958
493  965
493  996
494  509
494  534
494  539
494  590
494  669
494  826
494  831
494  841
494  843
494  959
494  987
495  620
495  657
495  746
495  806
495  840
495  876
495  960
495  982
496  714
496  836
496  893
496  919
496  957
496  964
497  866
497  910
497  957
497  980
497  983
497  990
497  999
497  1000
498  531
498  569
498  578
498  639
498  681
498  691
498  881
498  957
498  1000
499  530
499  644
499  743
499  912
499  960
499  979
499  988
500  607
500  645
500  653
500  729
500  754
500  790
500  826
500  846
500  854
500  861
500  930
501  583
501  645
501  742
501  854
501  909
501  914
501  960
501  962
501  984
501  985
502  540
502  571
502  742
502  761
502  844
502  897
502  948
502  956
502  971
502  995
503  545
503  646
503  702
503  737
503  746
503  805
503  964
504  622
504  635
504  710
504  835
504  885
504  935
504  937
504  995
505  538
505  590
505  664
505  699
505  773
505  859
505  904
505  922
505  950
506  699
506  833
506  843
506  941
506  955
506  984
506  996
507  559
507  608
507  652
507  883
507  913
507  917
507  925
507  961
507  973
507  978
507  986
508  529
508  672
508  773
508  814
508  817
508  911
509  538
509  582
509  603
509  785
509  895
509  914
509  952
509  962
510  735
510  812
510  850
510  853
510  905
510  955
510  975
511  643
511  671
511  713
511  864
511  869
511  911
511  951
511  965
512  668
512  680
512  693
512  795
512  832
512  875
512  896
512  933
512  973
512  978
512  981
513  606
513  738
513  875
513  920
513  993
514  549
514  560
514  582
514  789
514  922
514  924
514  986
514  1000
515  535
515  610
515  760
515  825
515  876
515  905
515  906
515  975
516  524
516  623
516  791
516  795
516  826
516  930
516  977
517  718
517  783
517  838
517  901
517  926
517  932
517  968
517  988
518  823
518  866
518  905
518  908
518  932
518  938
518  977
518  984
519  828
519  851
519  882
519  895
519  949
519  956
519  986
520  633
520  646
520  828
520  839
520  855
520  894
520  913
520  929
520  968
520  995
521  544
521  663
521  731
521  752
521  767
521  811
521  824
521  889
521  981
522  563
522  573
522  628
522  805
522  935
522  958
522  982
522  989
522  995
523  571
523  573
523  894
523  919
523  928
523  968
523  989
523  995
524  559
524  613
524  763
524  841
524  893
524  901
525  628
525  654
525  659
525  762
525  772
525  818
525  842
525  845
525  963
525  975
525  985
525  998
526  619
526  720
526  762
526  872
526  889
526  963
526  985
526  998
527  556
527  658
527  659
527  702
527  779
527  850
527  931
527  956
528  587
528  647
528  786
528  881
528  890
528  910
528  936
528  937
528  999
529  617
529  704
529  736
529  817
529  827
529  857
529  865
529  875
529  920
529  993
530  536
530  644
530  672
530  848
530  859
530  950
530  994
530  998
531  814
531  834
531  851
531  881
531  945
531  967
531  980
531  999
531  1000
532  568
532  614
532  624
532  794
532  816
532  876
532  952
532  996
532  998
533  595
533  668
533  684
533  751
533  838
533  853
533  909
533  936
533  965
533  972
534  560
534  776
534  786
534  920
534  933
534  949
534  966
534  967
534  970
534  978
535  631
535  659
535  755
535  816
535  955
535  973
535  982
536  774
536  778
536  802
536  804
536  893
536  972
536  997
536  998
537  540
537  554
537  572
537  758
537  807
537  846
537  916
538  593
538  644
538  905
538  950
538  977
538  1000
539  649
539  705
539  737
539  739
539  743
539  779
539  802
539  959
540  710
540  760
540  770
540  852
540  863
540  949
540  972
540  986
541  689
541  715
541  768
541  784
541  808
541  857
541  915
541  920
541  972
541  993
542  565
542  622
542  703
542  773
542  799
542  890
542  936
542  949
542  983
543  585
543  668
543  685
543  862
543  909
543  929
543  931
543  943
543  991
544  752
544  773
544  858
545  599
545  714
545  858
545  918
545  946
545  961
545  995
546  805
546  844
546  855
546  904
546  929
546  968
546  971
546  980
546  985
546  995
547  597
547  691
547  769
547  839
547  875
547  894
547  929
547  995
547  999
548  656
548  660
548  692
548  803
548  829
548  859
548  882
548  885
548  909
549  625
549  670
549  765
549  774
549  900
549  957
549  983
549  999
549  1000
550  652
550  837
550  897
550  913
550  954
550  973
550  978
551  570
551  638
551  688
551  733
551  774
551  808
551  835
551  954
551  993
552  579
552  737
552  747
552  783
552  899
552  937
553  642
553  758
553  785
553  842
553  892
553  987
553  988
553  989
554  624
554  641
554  721
554  764
554  812
554  820
554  833
554  908
554  941
554  952
554  980
555  676
555  760
555  787
555  823
555  858
555  918
555  955
555  968
556  564
556  621
556  713
556  722
556  759
556  814
556  828
556  875
556  895
556  956
557  578
557  669
557  691
557  715
557  816
557  860
557  923
557  958
557  987
558  657
558  665
558  781
558  814
558  968
558  971
558  995
559  724
559  729
559  790
559  826
559  833
559  930
559  969
560  646
560  727
560  792
560  862
560  881
560  936
560  990
560  999
560  1000
561  605
561  635
561  662
561  799
561  831
561  872
561  896
561  966
561  987
562  671
562  767
562  805
562  842
562  906
562  912
562  923
562  982
563  571
563  749
563  761
563  769
563  805
563  873
563  894
563  895
563  929
563  995
564  644
564  677
564  764
564  780
564  814
564  880
564  931
564  956
565  715
565  751
565  893
565  936
565  983
565  999
565  1000
566  592
566  654
566  751
566  779
566  854
566  950
566  952
566  977
566  984
567  597
567  645
567  832
567  868
567  876
567  928
568  592
568  700
568  821
568  842
568  859
568  860
568  921
568  943
569  602
569  821
569  822
569  890
569  898
569  910
569  957
569  990
569  1000
570  576
570  579
570  638
570  641
570  708
570  857
570  884
570  902
570  920
570  954
570  993
571  586
571  591
571  948
571  971
571  993
571  995
572  798
572  807
572  911
572  942
572  959
572  987
573  713
573  889
573  929
573  948
573  963
573  968
573  971
573  995
573  997
573  998
574  666
574  715
574  765
574  799
574  899
574  956
574  969
574  997
575  603
575  648
575  671
575  723
575  950
575  962
575  968
575  974
575  977
575  984
576  711
576  765
576  878
576  952
576  962
576  998
577  649
577  738
577  766
577  767
577  805
577  817
577  894
577  992
578  586
578  666
578  686
578  887
578  901
578  923
578  958
578  982
579  713
579  720
579  770
579  813
579  860
579  891
579  937
579  946
580  639
580  703
580  727
580  874
580  905
580  957
580  980
580  983
580  999
580  1000
581  602
581  651
581  705
581  755
581  798
581  852
581  937
581  946
581  981
582  698
582  727
582  820
582  941
582  983
582  999
582  1000
583  598
583  622
583  632
583  672
583  684
583  975
583  991
584  673
584  810
584  820
584  830
584  846
584  858
584  884
584  942
584  953
585  643
585  665
585  793
585  942
585  975
585  991
586  628
586  691
586  839
586  844
586  895
586  968
586  995
587  661
587  662
587  731
587  974
587  992
588  644
588  713
588  816
588  825
588  962
588  971
588  977
588  988
588  994
589  677
589  722
589  790
589  840
589  967
589  984
589  987
589  998
590  599
590  689
590  722
590  794
590  879
590  922
590  959
590  970
591  769
591  781
591  784
591  839
591  929
591  968
591  971
591  982
591  987
591  995
592  629
592  654
592  696
592  801
592  818
592  878
592  983
592  985
592  998
593  644
593  740
593  751
593  798
593  905
593  914
593  926
593  928
593  991
594  600
594  823
594  824
594  825
594  904
594  914
594  960
594  965
594  991
595  653
595  655
595  668
595  735
595  739
595  766
595  853
595  870
595  906
595  975
595  981
595  991
596  763
596  778
596  859
596  918
596  942
596  955
596  973
596  991
596  996
597  719
597  727
597  740
597  778
597  808
597  841
597  896
597  922
597  966
597  987
598  641
598  685
598  736
598  777
598  794
598  897
598  908
598  943
598  949
598  958
599  608
599  666
599  686
599  816
599  820
599  946
599  1000
600  755
600  820
600  895
600  919
600  923
600  932
600  946
600  982
601  630
601  792
601  880
601  909
601  931
601  956
601  966
602  744
602  779
602  844
602  852
602  921
602  952
602  981
602  986
603  673
603  693
603  699
603  854
603  877
603  914
603  926
603  952
603  987
603  993
603  996
604  655
604  694
604  697
604  777
604  841
604  918
604  950
604  951
604  953
604  975
604  990
604  991
605  649
605  674
605  692
605  710
605  802
605  839
605  869
605  935
605  969
605  981
606  617
606  668
606  708
606  765
606  920
606  938
606  967
606  993
607  648
607  728
607  796
607  827
607  870
607  874
607  908
607  953
607  968
607  975
607  991
608  693
608  715
608  925
608  968
608  978
609  690
609  719
609  726
609  859
609  877
609  928
609  948
609  950
609  984
609  994
610  620
610  705
610  795
610  860
610  876
610  903
610  924
611  643
611  665
611  684
611  793
611  908
611  913
611  940
611  953
611  958
611  966
612  649
612  705
612  824
612  868
612  934
612  937
613  724
613  763
613  790
613  791
613  901
613  907
613  923
613  930
613  955
613  994
614  741
614  746
614  783
614  928
614  938
614  952
614  979
614  991
615  680
615  698
615  718
615  833
615  933
615  944
615  973
615  978
615  981
616  650
616  751
616  771
616  843
616  868
616  902
616  905
616  928
616  940
616  973
616  994
617  808
617  827
617  947
617  954
617  992
617  993
617  997
618  639
618  738
618  819
618  825
618  829
618  865
618  872
618  882
618  891
618  903
618  994
618  995
619  755
619  777
619  822
619  842
619  860
619  979
619  982
619  983
620  642
620  747
620  876
620  883
620  938
620  979
621  659
621  667
621  726
621  840
621  845
621  867
621  895
621  956
622  706
622  771
622  777
622  869
622  885
622  965
622  975
622  977
623  719
623  841
623  879
623  916
623  959
623  975
623  992
623  997
624  688
624  721
624  729
624  764
624  812
624  935
624  941
624  959
624  975
625  632
625  703
625  727
625  808
625  901
625  910
625  970
625  974
625  980
625  990
625  999
626  655
626  667
626  692
626  694
626  732
626  764
626  820
626  898
626  941
626  971
626  984
627  648
627  707
627  822
627  867
627  934
627  982
627  997
628  723
628  761
628  769
628  855
628  921
628  968
628  983
628  995
629  763
629  801
629  813
629  878
629  951
629  981
629  985
629  998
630  792
630  814
630  828
630  867
630  889
630  931
630  956
630  985
630  987
630  989
631  633
631  808
631  845
631  869
631  871
631  908
631  943
631  975
631  991
632  741
632  797
632  798
632  824
632  835
632  937
632  984
632  986
633  717
633  874
633  917
633  928
633  951
633  953
633  965
634  729
634  829
634  889
634  900
634  911
634  992
634  995
635  642
635  799
635  831
635  840
635  947
635  970
635  987
635  995
636  640
636  670
636  709
636  715
636  760
636  797
636  818
636  883
636  925
636  956
636  978
637  696
637  705
637  802
637  818
637  839
637  886
637  956
637  963
637  985
637  992
637  998
638  689
638  708
638  731
638  808
638  810
638  920
638  954
638  983
638  993
639  789
639  803
639  819
639  865
639  873
639  882
639  891
639  903
639  917
639  977
640  652
640  710
640  795
640  804
640  883
640  906
640  973
640  995
641  672
641  860
641  874
641  943
641  965
641  975
641  980
641  992
642  785
642  879
642  907
642  922
642  935
642  970
642  991
642  997
643  665
643  682
643  778
643  870
643  951
643  983
643  991
644  645
644  706
644  808
644  832
644  842
644  952
644  962
645  786
645  828
645  904
645  905
645  984
645  986
646  702
646  714
646  774
646  782
646  836
646  849
646  961
646  995
647  747
647  750
647  849
647  940
647  945
647  969
647  976
647  989
648  705
648  792
648  798
648  909
648  934
648  972
648  989
648  997
648  1000
649  710
649  821
649  925
649  937
649  960
649  972
649  981
649  986
650  656
650  815
650  865
650  882
650  888
650  891
650  892
650  915
650  920
650  961
651  700
651  746
651  923
651  938
651  995
652  837
652  861
652  933
652  944
653  826
653  866
653  925
653  930
653  986
654  752
654  872
654  957
654  985
654  998
655  684
655  687
655  690
655  809
655  908
656  689
656  692
656  716
656  749
656  807
656  882
656  990
657  666
657  772
657  816
657  872
657  876
657  921
657  979
657  982
658  713
658  780
658  803
658  814
658  880
658  898
658  931
658  946
658  956
659  764
659  780
659  792
659  814
659  837
659  851
659  867
659  880
659  895
659  931
659  984
660  721
660  865
660  882
660  891
660  903
660  963
660  997
661  679
661  728
661  862
661  900
661  902
661  974
661  985
661  992
661  998
662  678
662  781
662  955
662  967
662  970
662  976
662  987
662  998
663  684
663  692
663  803
663  865
663  873
663  882
663  891
663  892
663  903
663  918
664  814
664  848
664  856
664  882
664  914
664  960
664  962
664  988
664  994
664  995
664  1000
665  671
665  793
665  822
665  850
665  898
665  968
665  991
666  832
666  890
666  921
666  958
666  979
666  988
667  694
667  812
667  820
667  885
667  898
667  909
667  941
667  983
668  717
668  728
668  842
668  909
668  975
669  718
669  768
669  785
669  907
669  940
669  959
669  966
669  967
670  683
670  703
670  815
670  881
670  889
670  957
670  983
670  990
670  999
670  1000
671  783
671  888
671  908
671  935
671  943
671  950
671  970
672  720
672  847
672  864
672  870
672  943
672  947
673  742
673  756
673  762
673  884
673  893
673  939
673  963
673  978
673  996
674  859
674  888
674  925
674  932
674  942
674  955
674  972
674  996
675  682
675  779
675  841
675  868
675  886
675  928
675  949
675  988
675  994
676  786
676  800
676  833
676  847
676  918
676  996
676  1000
677  785
677  829
677  922
677  949
677  966
677  970
678  781
678  846
678  856
678  879
678  918
678  977
678  984
678  987
678  997
679  729
679  731
679  767
679  852
679  889
679  916
679  974
679  992
680  695
680  715
680  760
680  795
680  829
680  925
680  933
680  966
680  978
680  993
680  997
681  696
681  777
681  822
681  902
681  924
681  944
681  980
681  990
681  999
681  1000
682  823
682  835
682  866
682  868
682  962
682  972
682  994
683  737
683  808
683  834
683  907
683  924
683  964
683  973
683  990
683  1000
684  762
684  853
684  909
684  943
684  959
684  975
684  992
685  717
685  739
685  854
685  953
685  965
685  968
685  991
685  992
686  842
686  906
686  946
686  954
686  956
686  958
686  978
686  979
686  1000
687  721
687  755
687  789
687  860
687  919
687  938
687  943
687  958
687  990
688  694
688  820
688  888
688  890
688  898
688  941
688  993
689  704
689  707
689  758
689  819
689  875
689  920
689  954
689  993
690  706
690  739
690  799
690  874
690  901
690  905
690  910
690  928
690  953
690  975
690  986
690  991
691  882
691  895
691  924
691  980
691  983
691  990
691  999
691  1000
692  811
692  819
692  849
692  863
692  873
692  891
692  903
693  695
693  773
693  817
693  831
693  837
693  883
693  905
693  913
693  973
693  989
694  753
694  791
694  812
694  876
694  898
694  941
695  772
695  795
695  797
695  913
695  915
695  933
695  973
695  974
695  984
696  740
696  771
696  772
696  852
696  916
696  963
696  998
697  703
697  730
697  898
697  899
697  911
697  919
697  924
697  936
697  944
697  945
697  990
697  992
697  1000
698  709
698  760
698  795
698  830
698  837
698  858
698  913
698  918
698  933
698  948
698  993
699  818
699  828
699  926
699  950
699  953
699  975
699  977
699  985
699  988
699  994
700  712
700  746
700  842
700  879
700  880
700  939
700  946
700  979
700  982
701  703
701  777
701  804
701  819
701  837
701  858
701  925
701  933
701  977
701  978
701  1000
702  734
702  961
702  964
702  986
703  843
703  862
703  900
703  927
703  983
703  999
703  1000
704  707
704  875
704  891
704  915
704  920
704  954
704  993
705  759
705  816
705  934
706  739
706  774
706  811
706  814
706  850
706  853
706  864
707  733
707  753
707  768
707  799
707  856
707  915
707  951
707  954
707  993
708  753
708  800
708  808
708  815
708  827
708  868
708  919
708  920
708  951
708  993
709  725
709  768
709  788
709  811
709  885
709  976
709  988
709  989
710  802
710  813
710  937
710  951
710  972
710  999
711  712
711  801
711  818
711  871
711  963
711  974
711  985
711  992
711  998
712  774
712  877
712  921
712  938
712  946
712  969
712  979
712  982
713  780
713  867
713  880
713  895
713  950
713  956
714  734
714  797
714  836
714  840
714  869
714  961
715  757
715  804
715  864
715  883
715  925
715  933
715  936
716  815
716  838
716  847
716  852
716  863
716  898
716  901
716  930
716  932
717  777
717  783
717  796
717  869
717  884
717  939
717  947
717  991
717  997
718  733
718  745
718  778
718  795
718  815
718  838
718  863
718  901
718  932
719  722
719  786
719  807
719  907
719  916
719  922
719  949
719  958
719  962
719  967
719  971
719  984
720  779
720  802
720  852
720  955
720  969
720  986
721  724
721  764
721  793
721  812
721  820
721  898
721  941
722  846
722  907
722  911
722  916
722  934
722  949
722  959
722  962
722  983
723  775
723  803
723  806
723  836
723  904
723  914
723  950
723  952
723  960
723  979
723  988
723  994
724  754
724  762
724  790
724  791
724  805
724  861
724  891
724  930
725  747
725  749
725  845
725  859
725  897
725  927
725  976
725  989
725  994
726  766
726  798
726  800
726  844
726  926
726  928
726  960
726  962
726  977
726  998
727  841
727  854
727  934
727  936
727  945
727  980
727  982
727  988
727  999
727  1000
728  783
728  793
728  796
728  817
728  864
728  869
728  949
728  951
728  975
728  983
729  736
729  754
729  763
729  790
729  791
729  826
729  861
729  890
729  984
730  944
730  954
730  980
730  983
730  990
730  999
730  1000
731  773
731  787
731  829
731  900
731  987
731  992
731  993
732  856
732  879
732  902
732  907
732  913
732  916
732  959
732  967
732  987
733  838
733  863
733  901
733  922
733  932
733  997
734  836
734  908
734  937
734  961
734  964
735  783
735  790
735  796
735  808
735  809
735  870
735  988
735  996
736  746
736  853
736  870
736  948
736  949
736  952
736  975
736  993
737  744
737  798
737  813
737  885
737  927
737  937
737  948
737  981
737  984
738  900
738  974
738  1000
739  857
739  876
739  928
739  951
739  964
739  975
739  988
739  991
740  844
740  870
740  871
740  886
740  985
740  998
741  835
741  934
741  935
741  991
741  992
741  997
742  869
742  888
742  939
742  942
742  943
742  955
742  991
742  996
743  771
743  822
743  879
743  958
743  986
743  997
744  748
744  793
744  813
744  896
744  934
744  935
744  969
744  972
744  978
744  981
744  988
744  997
745  815
745  847
745  848
745  851
745  863
745  881
745  901
745  911
745  932
745  933
746  783
746  923
746  926
746  943
746  946
746  958
746  988
746  998
747  765
747  775
747  827
747  917
747  927
747  936
747  940
747  976
747  977
747  981
747  989
748  757
748  899
748  935
748  967
748  976
748  981
748  993
749  819
749  829
749  865
749  873
749  882
749  996
750  782
750  787
750  788
750  811
750  849
750  873
750  912
750  927
750  940
750  976
750  998
751  848
751  877
751  952
751  960
751  962
751  984
751  998
752  767
752  889
752  902
752  947
752  974
752  985
752  992
752  1000
753  766
753  808
753  837
753  875
753  915
753  920
753  954
753  993
754  791
754  861
754  872
754  907
754  985
754  993
754  999
755  796
755  805
755  862
755  876
755  926
755  938
756  810
756  893
756  922
756  937
756  955
756  965
756  996
757  760
757  795
757  797
757  837
757  925
757  974
757  978
758  789
758  831
758  841
758  852
758  907
758  921
758  966
758  970
758  998
759  770
759  784
759  822
759  855
759  905
759  908
759  958
759  961
759  969
759  997
760  804
760  836
760  925
760  978
760  998
761  825
761  844
761  869
761  894
761  910
761  917
761  968
761  971
761  995
762  871
762  919
762  996
762  998
763  790
763  791
763  819
763  847
763  930
763  961
763  970
764  812
764  909
764  941
764  953
765  779
765  885
765  899
765  917
765  934
765  969
765  981
765  986
765  997
766  824
766  834
766  853
766  900
766  950
766  992
767  817
767  827
767  838
767  974
767  986
767  994
768  827
768  857
768  904
768  914
768  915
768  920
768  962
768  965
768  989
768  993
769  781
769  844
769  855
769  948
769  968
769  971
769  975
769  995
770  788
770  805
770  825
770  857
770  885
770  899
770  969
770  977
770  981
771  946
771  950
771  960
771  977
771  984
771  988
771  994
772  850
772  878
772  886
772  990
772  994
772  997
772  998
773  782
773  889
773  974
773  992
774  830
774  836
774  929
774  961
774  964
775  849
775  855
775  887
775  917
775  919
775  921
775  931
775  940
775  958
775  989
776  777
776  793
776  796
776  807
776  858
776  864
776  869
776  874
776  897
776  908
776  941
776  965
777  869
777  874
777  897
777  916
777  919
777  943
777  991
778  781
778  785
778  786
778  840
778  947
778  959
778  970
778  987
779  899
779  934
779  935
779  981
779  982
779  990
779  997
780  792
780  804
780  883
780  931
780  956
780  994
780  999
781  793
781  841
781  879
781  922
781  945
781  966
781  987
782  845
782  897
782  917
782  970
782  989
783  793
783  809
783  836
783  943
783  967
783  991
783  998
784  814
784  889
784  900
784  910
784  930
784  974
784  977
784  992
785  799
785  913
785  947
785  952
785  960
785  965
785  967
785  982
786  794
786  840
786  896
786  922
786  942
786  944
786  949
786  967
786  978
787  830
787  878
787  891
787  895
787  950
787  969
788  845
788  849
788  877
788  887
788  897
788  976
788  989
788  997
789  794
789  799
789  804
789  823
789  856
789  907
789  947
789  949
789  959
789  966
789  967
790  791
790  826
790  861
790  872
790  896
790  943
790  978
790  991
791  832
791  895
791  915
791  930
791  936
791  994
792  828
792  867
792  880
792  895
792  956
792  972
792  994
793  858
793  864
793  998
794  842
794  846
794  911
794  916
794  947
794  949
794  959
794  976
794  987
795  801
795  837
795  843
795  883
795  913
795  933
795  978
795  996
795  997
796  850
796  869
796  876
796  915
796  953
797  804
797  881
797  913
797  924
797  931
797  940
797  941
797  973
798  835
798  931
798  940
798  969
798  981
798  986
798  997
799  829
799  874
799  896
799  947
799  967
799  970
799  987
799  992
800  810
800  830
800  899
800  918
800  939
800  953
800  954
800  955
800  980
800  996
801  812
801  898
801  963
801  970
801  985
801  987
801  998
802  810
802  935
802  960
802  975
802  986
802  997
803  819
803  865
803  873
803  882
803  891
803  892
803  903
803  926
804  913
804  925
804  938
804  940
804  973
804  976
804  978
804  1000
805  844
805  870
805  894
805  929
805  948
805  971
805  995
806  823
806  826
806  848
806  874
806  877
806  926
806  960
806  976
806  988
806  994
807  856
807  883
807  887
807  916
807  922
807  947
807  967
807  987
807  994
808  857
808  875
808  974
808  993
809  853
809  864
809  874
809  905
809  921
809  942
809  965
809  991
810  844
810  884
810  888
810  918
810  939
810  955
811  845
811  892
811  897
811  917
811  927
811  940
811  972
811  976
811  989
812  955
812  968
813  864
813  931
813  942
813  969
813  972
813  981
814  833
814  867
814  880
814  956
814  983
815  838
815  863
815  867
815  901
815  962
815  988
816  934
816  946
816  960
816  979
816  985
816  998
817  824
817  850
817  902
817  910
817  992
818  872
818  886
818  942
818  963
818  971
818  988
818  998
818  999
819  856
819  873
819  880
819  882
819  903
819  993
820  870
820  898
820  903
820  941
820  946
821  834
821  936
821  944
821  945
821  958
821  962
821  965
821  980
821  983
821  990
821  999
821  1000
822  918
822  922
822  950
822  969
822  981
822  986
823  868
823  872
823  951
823  952
823  977
823  984
823  987
823  994
824  889
824  896
824  911
824  926
824  936
824  957
824  974
824  992
825  832
825  866
825  877
825  880
825  905
825  913
825  926
825  988
825  994
826  854
826  873
826  907
826  930
826  967
826  973
827  857
827  915
827  920
827  954
827  991
827  993
828  854
828  880
828  895
828  900
828  931
828  950
828  956
828  983
829  873
829  903
829  945
829  991
830  834
830  876
830  910
830  939
830  941
830  942
830  996
830  997
831  840
831  878
831  896
831  916
831  922
831  935
831  959
831  967
832  840
832  866
832  905
832  912
832  960
832  977
832  984
832  994
833  836
833  843
833  914
833  918
833  939
833  942
833  955
833  974
833  981
833  996
834  862
834  881
834  894
834  910
834  927
834  936
834  951
834  969
834  980
834  990
834  999
835  846
835  852
835  964
835  972
835  980
835  981
835  990
836  848
836  909
836  912
836  919
836  961
837  840
837  880
837  913
837  973
837  981
838  847
838  851
838  860
838  901
838  932
838  995
839  844
839  899
839  929
839  939
839  948
839  968
839  969
839  971
839  983
839  995
840  856
840  867
840  943
840  947
840  951
840  966
840  967
840  987
841  843
841  879
841  916
841  949
841  959
841  966
841  975
842  921
842  938
842  971
842  979
842  999
843  858
843  893
843  938
843  955
843  996
844  885
844  891
844  929
844  968
844  971
844  995
845  849
845  917
845  926
845  927
845  931
845  934
845  940
845  960
845  976
845  989
846  879
846  891
846  947
846  949
846  966
846  970
846  987
846  999
847  851
847  863
847  901
847  951
847  960
847  987
847  997
847  1000
848  877
848  912
848  928
848  954
848  960
848  977
848  988
848  990
848  1000
849  887
849  917
849  921
849  927
849  938
849  940
849  945
849  989
850  851
850  864
850  909
850  951
850  953
850  965
851  863
851  932
851  944
852  934
852  935
852  939
852  972
852  986
852  989
852  997
852  999
853  869
853  951
853  991
853  993
854  882
854  912
854  914
854  926
854  950
854  960
854  977
854  984
855  894
855  926
855  929
855  948
855  968
855  971
855  973
855  990
855  995
856  907
856  911
856  949
856  959
856  961
856  966
856  967
856  970
856  990
857  866
857  873
857  911
857  915
857  952
857  954
857  959
857  993
858  893
858  939
858  994
858  996
859  868
859  877
859  904
859  926
859  950
859  963
859  973
859  977
859  984
859  988
859  994
860  919
860  921
860  923
860  938
860  958
860  977
861  883
861  930
861  946
861  960
861  986
862  881
862  945
862  966
862  980
862  999
862  1000
863  893
863  901
863  924
863  930
863  983
864  866
864  887
864  908
864  909
864  941
864  954
864  957
864  975
865  882
865  891
865  892
865  903
865  914
865  943
865  994
865  998
866  892
866  896
866  904
866  905
866  914
866  938
866  952
866  975
866  988
866  994
866  999
867  868
867  880
867  895
867  926
867  931
867  956
867  980
867  997
868  869
868  912
868  928
868  935
868  953
868  962
868  977
868  994
868  999
869  874
869  880
869  919
869  929
869  942
869  951
870  904
870  909
870  913
870  926
870  951
870  953
870  976
870  1000
871  872
871  878
871  879
871  882
871  886
871  944
871  963
871  985
871  992
871  998
872  878
872  886
872  924
872  963
872  985
872  993
872  998
873  882
873  891
873  941
873  985
873  998
874  879
874  890
874  892
874  919
874  920
874  947
875  882
875  884
875  915
875  944
875  954
875  966
875  985
875  993
876  946
876  982
877  904
877  912
877  915
877  941
877  950
877  962
877  979
877  994
878  880
878  886
878  909
878  951
878  981
878  983
878  985
878  998
879  896
879  933
879  947
879  970
879  985
879  999
880  895
880  945
881  882
881  884
881  895
881  945
881  962
881  983
881  990
881  999
881  1000
882  891
882  892
882  928
883  925
883  937
883  973
883  974
883  978
884  888
884  893
884  912
884  918
884  955
884  989
884  990
884  996
885  899
885  902
885  934
885  935
885  949
885  956
885  966
885  972
885  981
885  987
885  997
886  892
886  897
886  926
886  964
886  976
886  980
886  985
886  998
887  897
887  917
887  940
887  976
887  984
887  989
888  896
888  933
888  934
888  939
888  942
888  983
888  986
888  996
889  911
889  974
889  987
889  992
890  891
890  908
890  920
890  936
890  944
890  945
890  973
890  980
890  999
890  1000
891  892
891  978
892  903
892  942
892  967
892  1000
893  935
893  939
893  954
893  996
893  999
894  929
894  934
894  948
894  965
894  968
894  971
894  980
894  995
895  911
895  931
895  956
896  907
896  947
896  964
896  970
896  987
897  917
897  927
897  937
897  940
897  976
897  982
897  989
898  941
898  961
899  905
899  925
899  934
899  935
899  997
900  902
900  911
900  957
900  974
900  977
900  987
900  991
900  992
900  996
901  927
901  932
901  944
901  991
902  910
902  911
902  957
902  974
902  976
902  992
903  929
903  961
903  963
903  977
904  928
904  950
904  953
904  955
904  977
904  984
904  988
905  928
905  930
905  932
905  952
905  960
905  977
906  921
906  946
906  958
906  972
906  979
906  983
907  949
907  959
907  966
907  970
907  987
908  909
908  921
908  953
908  965
908  966
908  979
908  980
908  991
908  1000
909  937
909  943
909  951
909  986
909  991
910  944
910  945
910  957
910  976
910  982
910  983
910  999
910  1000
911  934
911  974
911  988
911  992
912  928
912  946
912  952
912  962
912  967
912  971
912  977
912  984
912  988
912  994
913  925
913  928
913  929
913  960
913  978
914  934
914  950
914  962
914  963
914  964
914  977
914  984
914  995
915  954
915  977
915  980
915  983
915  993
915  996
916  945
916  955
916  959
916  964
916  970
916  984
916  987
916  992
916  999
916  1000
917  927
917  940
917  979
917  987
917  989
918  955
918  957
918  996
919  938
919  946
919  958
919  982
920  954
920  956
920  972
920  975
920  978
920  986
920  993
921  938
921  946
921  979
921  982
922  947
922  951
922  966
922  968
922  970
922  987
922  989
922  991
922  993
923  938
923  947
923  951
923  959
923  972
923  982
924  936
924  944
924  956
924  957
924  977
924  980
924  983
924  991
924  999
924  1000
925  927
925  933
925  973
925  978
925  985
925  990
925  991
925  1000
926  928
926  962
926  964
926  977
926  984
926  994
927  940
927  968
927  976
927  989
927  990
928  952
928  994
928  999
929  946
929  948
929  967
929  968
929  971
929  995
929  996
930  937
930  962
930  968
930  981
930  994
931  955
931  956
931  988
932  956
932  978
933  950
933  970
933  973
933  974
933  978
933  998
934  981
934  986
934  987
934  993
934  997
935  937
935  969
935  970
935  986
935  997
936  944
936  945
936  957
936  978
936  980
936  983
936  992
936  995
936  996
936  1000
937  969
937  981
937  994
937  997
938  958
938  971
939  954
939  996
940  976
940  989
940  996
940  998
940  1000
941  970
941  987
942  943
942  996
942  997
943  951
943  954
943  965
943  991
944  967
944  974
944  980
944  983
944  984
944  990
944  999
944  1000
945  949
945  980
945  983
945  989
945  990
945  998
945  999
945  1000
946  958
946  979
946  982
946  993
947  949
947  959
947  964
947  967
947  970
947  973
947  979
947  987
948  965
948  971
948  981
948  995
948  996
948  1000
949  959
949  966
949  987
949  997
950  960
950  972
950  988
950  994
950  997
950  1000
951  953
951  961
951  965
951  974
951  991
952  960
952  962
952  977
952  984
952  987
952  988
952  994
953  961
953  969
953  975
953  984
953  990
953  991
953  999
954  958
954  970
954  993
955  996
955  999
956  976
956  990
957  990
957  999
957  1000
958  962
958  979
958  996
959  966
959  971
959  984
959  993
959  995
959  996
959  999
960  966
960  984
960  988
960  994
961  964
961  985
961  997
962  984
962  988
962  994
963  978
963  979
963  985
963  998
964  989
964  990
964  992
965  975
965  986
965  991
965  1000
966  967
966  982
966  987
966  1000
967  970
967  987
968  971
968  972
968  974
968  995
969  973
969  981
969  994
969  997
969  998
969  1000
970  981
970  996
971  992
971  995
972  982
972  986
972  997
973  978
973  989
974  983
974  992
975  991
975  1000
976  989
976  990
976  993
977  982
977  984
977  988
977  994
978  992
978  996
978  997
979  982
979  984
979  995
980  983
980  990
980  999
981  986
981  992
981  997
982  988
982  994
982  996
983  990
983  999
983  1000
984  988
984  994
984  997
984  998
985  988
985  989
985  995
985  998
986  997
987  988
987  992
987  995
988  994
988  999
990  993
990  998
990  999
990  1000
991  997
992  998
994  996
994  997
995  997
996  999
999  1000
