1  199
1  375
1  657
1  893
1  906
1  934
1  959
1  971
1  994
2  408
2  458
2  464
2  713
2  725
2  780
2  864
2  896
2  970
3  268
3  443
3  597
3  674
3  865
3  868
3  951
3  970
3  997
4  138
4  186
4  829
4  840
4  866
4  937
4  946
4  983
4  986
5  131
5  447
5  526
5  715
5  870
5  884
5  933
5  968
5  982
6  257
6  390
6  509
6  511
6  722
6  943
6  953
6  957
6  983
7  87
7  192
7  250
7  412
7  453
7  521
7  568
7  931
7  999
8  248
8  409
8  513
8  578
8  596
8  760
8  973
8  997
8  998
9  181
9  476
9  588
9  619
9  708
9  895
9  980
9  996
9  1000
10  17
10  324
10  561
10  655
10  785
10  822
10  883
10  919
10  1000
11  214
11  558
11  712
11  879
11  933
11  942
11  954
11  966
11  985
12  439
12  550
12  558
12  771
12  781
12  826
12  892
12  980
12  998
13  548
13  598
13  834
13  863
13  974
13  975
13  984
13  990
13  998
14  25
14  29
14  56
14  306
14  372
14  679
14  811
14  882
14  901
15  50
15  296
15  456
15  712
15  741
15  756
15  867
15  960
15  991
16  77
16  387
16  391
16  457
16  674
16  728
16  844
16  851
16  946
17  187
17  234
17  270
17  333
17  375
17  760
17  871
17  976
18  550
18  732
18  770
18  882
18  887
18  913
18  978
18  998
18  1000
19  58
19  100
19  129
19  313
19  330
19  527
19  581
19  780
19  811
20  116
20  448
20  449
20  497
20  665
20  697
20  767
20  988
20  999
21  162
21  333
21  692
21  855
21  938
21  952
21  963
21  980
21  987
22  225
22  263
22  734
22  806
22  823
22  884
22  888
22  920
22  980
23  556
23  680
23  706
23  729
23  771
23  793
23  908
23  960
23  993
24  34
24  101
24  222
24  349
24  485
24  528
24  693
24  760
24  930
25  509
25  546
25  596
25  682
25  788
25  900
25  946
25  978
26  389
26  494
26  594
26  778
26  872
26  925
26  972
26  985
26  990
27  336
27  504
27  520
27  641
27  643
27  685
27  879
27  883
27  985
28  32
28  73
28  444
28  566
28  629
28  682
28  738
28  843
28  999
29  235
29  378
29  598
29  748
29  806
29  844
29  874
29  931
30  304
30  545
30  626
30  760
30  829
30  952
30  989
30  990
30  998
31  269
31  313
31  388
31  534
31  546
31  571
31  660
31  865
31  968
32  240
32  281
32  364
32  643
32  798
32  850
32  974
32  996
33  272
33  343
33  523
33  566
33  579
33  584
33  617
33  651
33  736
34  343
34  658
34  659
34  749
34  799
34  931
34  955
34  958
35  104
35  685
35  752
35  859
35  874
35  914
35  932
35  973
35  990
36  154
36  511
36  676
36  690
36  754
36  766
36  816
36  987
36  992
37  269
37  321
37  370
37  527
37  622
37  661
37  764
37  948
37  981
38  86
38  103
38  312
38  355
38  636
38  692
38  698
38  794
38  939
39  207
39  345
39  384
39  614
39  827
39  835
39  856
39  894
39  977
40  164
40  302
40  497
40  548
40  618
40  747
40  857
40  908
40  995
41  79
41  87
41  149
41  491
41  504
41  663
41  759
41  955
41  980
42  160
42  344
42  401
42  470
42  494
42  667
42  856
42  924
42  988
43  330
43  575
43  581
43  680
43  754
43  787
43  844
43  897
43  907
44  241
44  446
44  522
44  683
44  716
44  891
44  897
44  955
44  982
45  299
45  533
45  556
45  723
45  782
45  875
45  930
45  992
45  995
46  93
46  224
46  378
46  534
46  677
46  829
46  874
46  939
46  996
47  138
47  180
47  433
47  457
47  673
47  733
47  802
47  829
47  843
48  77
48  89
48  377
48  689
48  701
48  745
48  910
48  915
48  1000
49  142
49  201
49  211
49  445
49  457
49  616
49  732
49  948
49  986
50  312
50  339
50  373
50  614
50  740
50  780
50  990
50  998
51  262
51  345
51  544
51  606
51  823
51  877
51  927
51  963
51  996
52  147
52  233
52  439
52  813
52  883
52  915
52  926
52  938
52  997
53  237
53  397
53  408
53  459
53  512
53  714
53  880
53  907
53  988
54  210
54  655
54  669
54  695
54  749
54  836
54  932
54  953
54  998
55  241
55  290
55  588
55  704
55  789
55  814
55  851
55  929
55  989
56  166
56  362
56  383
56  426
56  645
56  873
56  985
56  995
57  204
57  281
57  803
57  813
57  908
57  911
57  948
57  967
57  990
58  118
58  152
58  414
58  524
58  716
58  753
58  842
58  988
59  84
59  180
59  277
59  321
59  481
59  689
59  816
59  887
59  984
60  589
60  619
60  633
60  768
60  831
60  865
60  892
60  896
60  973
61  292
61  473
61  490
61  630
61  716
61  823
61  864
61  885
61  922
62  202
62  289
62  546
62  715
62  787
62  912
62  974
62  994
62  1000
63  101
63  165
63  279
63  360
63  844
63  864
63  955
63  965
63  971
64  284
64  384
64  708
64  844
64  848
64  912
64  950
64  992
64  996
65  342
65  395
65  397
65  482
65  503
65  525
65  781
65  949
65  963
66  86
66  107
66  109
66  503
66  628
66  660
66  921
66  961
66  996
67  237
67  454
67  542
67  579
67  758
67  818
67  918
67  991
67  999
68  197
68  480
68  568
68  611
68  733
68  838
68  921
68  969
68  986
69  121
69  206
69  231
69  515
69  715
69  772
69  874
69  877
69  952
70  193
70  224
70  420
70  425
70  520
70  678
70  683
70  752
70  982
71  126
71  236
71  625
71  881
71  898
71  942
71  975
71  985
71  986
72  258
72  312
72  475
72  481
72  674
72  794
72  881
72  977
72  997
73  95
73  331
73  618
73  718
73  775
73  776
73  932
73  981
74  82
74  135
74  693
74  697
74  756
74  842
74  902
74  985
74  991
75  117
75  564
75  598
75  643
75  784
75  823
75  826
75  846
75  914
76  123
76  127
76  231
76  470
76  575
76  848
76  943
76  959
76  997
77  128
77  229
77  830
77  845
77  875
77  922
77  943
78  367
78  542
78  672
78  749
78  968
78  975
78  976
78  983
78  988
79  326
79  398
79  436
79  530
79  619
79  878
79  944
79  991
80  343
80  407
80  536
80  618
80  768
80  854
80  962
80  969
80  1000
81  142
81  229
81  329
81  520
81  571
81  572
81  709
81  751
81  941
82  106
82  287
82  497
82  809
82  839
82  913
82  989
82  994
83  188
83  626
83  644
83  647
83  705
83  730
83  855
83  858
83  930
84  226
84  434
84  660
84  752
84  822
84  869
84  875
84  962
85  355
85  512
85  634
85  644
85  744
85  776
85  812
85  817
85  987
86  107
86  811
86  816
86  852
86  871
86  877
86  905
87  182
87  385
87  483
87  493
87  744
87  773
87  987
88  108
88  281
88  352
88  395
88  610
88  733
88  915
88  971
88  985
89  263
89  286
89  418
89  502
89  516
89  532
89  614
89  920
90  318
90  348
90  438
90  717
90  719
90  754
90  888
90  895
90  982
91  110
91  181
91  498
91  730
91  813
91  856
91  871
91  912
91  967
92  243
92  276
92  464
92  558
92  613
92  633
92  707
92  782
92  982
93  147
93  235
93  389
93  421
93  506
93  570
93  701
93  726
94  253
94  259
94  627
94  654
94  691
94  762
94  809
94  840
94  989
95  147
95  236
95  422
95  454
95  547
95  798
95  940
95  972
96  278
96  397
96  834
96  916
96  924
96  953
96  980
96  993
96  998
97  120
97  183
97  453
97  636
97  846
97  875
97  889
97  953
97  997
98  104
98  168
98  326
98  403
98  595
98  703
98  914
98  925
98  994
99  158
99  270
99  717
99  721
99  753
99  816
99  821
99  848
99  858
100  241
100  298
100  355
100  481
100  617
100  641
100  648
100  934
101  287
101  519
101  849
101  905
101  938
101  983
101  986
102  301
102  328
102  558
102  694
102  796
102  878
102  969
102  986
102  994
103  611
103  718
103  774
103  836
103  894
103  898
103  904
103  966
104  152
104  599
104  732
104  734
104  860
104  875
104  909
105  170
105  239
105  240
105  530
105  630
105  741
105  761
105  964
105  967
106  188
106  281
106  336
106  426
106  563
106  668
106  789
106  873
107  513
107  519
107  634
107  749
107  780
107  817
107  900
108  172
108  280
108  475
108  651
108  712
108  742
108  776
108  917
109  231
109  376
109  598
109  603
109  686
109  829
109  891
109  902
110  115
110  322
110  437
110  607
110  795
110  829
110  831
110  910
111  216
111  219
111  345
111  656
111  786
111  790
111  792
111  907
111  996
112  291
112  399
112  625
112  691
112  732
112  882
112  883
112  968
112  988
113  134
113  244
113  492
113  646
113  732
113  811
113  989
113  996
113  999
114  384
114  483
114  595
114  670
114  703
114  795
114  803
114  976
114  977
115  410
115  536
115  723
115  857
115  861
115  891
115  914
115  936
116  317
116  446
116  448
116  732
116  759
116  788
116  860
116  991
117  174
117  436
117  646
117  732
117  882
117  904
117  911
117  950
118  172
118  671
118  697
118  734
118  792
118  969
118  988
118  1000
119  184
119  435
119  534
119  567
119  623
119  637
119  930
119  978
119  999
120  287
120  440
120  488
120  538
120  562
120  711
120  909
120  927
121  179
121  461
121  522
121  524
121  833
121  852
121  864
121  883
122  240
122  481
122  526
122  727
122  790
122  804
122  889
122  991
122  998
123  495
123  498
123  515
123  541
123  660
123  700
123  885
123  922
124  202
124  220
124  257
124  495
124  743
124  849
124  880
124  900
124  965
125  148
125  530
125  807
125  823
125  841
125  885
125  896
125  947
125  1000
126  388
126  400
126  498
126  648
126  750
126  819
126  821
126  986
127  211
127  297
127  473
127  510
127  607
127  803
127  851
127  966
128  403
128  548
128  621
128  707
128  765
128  826
128  850
128  891
129  317
129  385
129  433
129  542
129  824
129  906
129  989
129  993
130  131
130  551
130  603
130  611
130  699
130  776
130  867
130  926
130  989
131  389
131  453
131  583
131  611
131  662
131  671
131  763
132  199
132  451
132  759
132  794
132  854
132  856
132  977
132  988
132  1000
133  363
133  402
133  529
133  711
133  791
133  864
133  913
133  922
133  957
134  449
134  539
134  565
134  582
134  638
134  770
134  780
134  993
135  209
135  266
135  367
135  508
135  899
135  934
135  936
135  969
136  533
136  695
136  724
136  728
136  731
136  742
136  749
136  863
136  958
137  342
137  396
137  442
137  591
137  630
137  679
137  789
137  891
137  931
138  450
138  622
138  770
138  799
138  832
138  834
138  900
139  409
139  648
139  685
139  846
139  848
139  859
139  911
139  944
139  989
140  141
140  309
140  408
140  574
140  858
140  951
140  967
140  984
140  991
141  199
141  268
141  399
141  495
141  502
141  634
141  783
141  994
142  162
142  312
142  429
142  801
142  923
142  958
142  997
143  358
143  416
143  439
143  498
143  640
143  877
143  943
143  985
143  989
144  333
144  468
144  623
144  803
144  818
144  873
144  915
144  925
144  978
145  175
145  177
145  454
145  792
145  841
145  899
145  947
145  989
145  1000
146  262
146  298
146  304
146  313
146  348
146  785
146  899
146  973
146  986
147  521
147  625
147  797
147  970
147  974
147  996
148  224
148  679
148  709
148  738
148  792
148  796
148  960
148  998
149  169
149  257
149  296
149  551
149  572
149  698
149  779
149  941
150  382
150  472
150  831
150  832
150  899
150  918
150  925
150  934
150  948
151  438
151  526
151  635
151  699
151  794
151  849
151  944
151  961
151  965
152  199
152  321
152  450
152  753
152  824
152  923
152  975
153  272
153  550
153  631
153  720
153  777
153  924
153  988
153  990
153  1000
154  289
154  516
154  631
154  726
154  737
154  744
154  956
154  967
155  171
155  226
155  274
155  306
155  371
155  407
155  770
155  835
155  977
156  189
156  217
156  404
156  680
156  719
156  852
156  873
156  933
156  956
157  538
157  643
157  692
157  697
157  723
157  834
157  921
157  932
157  995
158  386
158  434
158  440
158  462
158  752
158  784
158  961
158  998
159  193
159  207
159  754
159  784
159  806
159  851
159  959
159  992
159  996
160  570
160  720
160  727
160  818
160  962
160  969
160  978
160  983
161  252
161  297
161  424
161  492
161  574
161  630
161  659
161  812
161  970
162  739
162  771
162  842
162  883
162  894
162  993
162  998
163  368
163  443
163  529
163  662
163  785
163  817
163  928
163  963
163  990
164  363
164  743
164  821
164  845
164  853
164  899
164  948
164  984
165  199
165  330
165  483
165  761
165  875
165  972
165  981
165  995
166  360
166  472
166  588
166  634
166  652
166  853
166  914
166  934
167  345
167  454
167  486
167  549
167  705
167  952
167  975
167  989
167  991
168  224
168  464
168  520
168  757
168  781
168  804
168  868
168  947
169  360
169  385
169  525
169  527
169  621
169  634
169  914
169  942
170  429
170  505
170  647
170  657
170  682
170  709
170  825
170  873
171  244
171  309
171  557
171  718
171  866
171  890
171  960
171  972
172  424
172  489
172  530
172  674
172  940
172  973
172  976
173  217
173  223
173  646
173  934
173  937
173  948
173  953
173  970
173  990
174  215
174  285
174  335
174  691
174  711
174  952
174  979
174  994
175  203
175  283
175  800
175  836
175  842
175  898
175  958
175  985
176  372
176  642
176  742
176  863
176  903
176  917
176  960
176  980
176  998
177  390
177  608
177  802
177  874
177  938
177  970
177  978
177  990
178  318
178  367
178  740
178  916
178  917
178  925
178  935
178  963
178  974
178  976
179  196
179  229
179  325
179  353
179  478
179  490
179  750
179  842
179  843
180  330
180  398
180  430
180  870
180  926
180  941
180  970
180  998
181  237
181  486
181  544
181  600
181  754
181  799
181  836
181  1000
182  428
182  482
182  492
182  545
182  583
182  779
182  863
182  888
182  991
183  315
183  371
183  560
183  769
183  880
183  881
183  944
183  976
183  993
184  460
184  500
184  503
184  669
184  828
184  870
184  957
184  997
184  999
185  303
185  427
185  704
185  714
185  791
185  836
185  885
185  905
185  968
185  978
186  623
186  643
186  676
186  702
186  737
186  897
186  953
186  955
186  999
187  380
187  571
187  602
187  739
187  762
187  814
187  991
187  992
187  993
188  256
188  388
188  390
188  582
188  782
188  832
188  884
188  996
189  302
189  418
189  515
189  576
189  622
189  681
189  871
189  943
189  953
190  199
190  216
190  562
190  602
190  716
190  807
190  878
190  952
190  964
190  995
191  226
191  276
191  712
191  719
191  724
191  842
191  848
191  905
191  980
191  985
192  493
192  498
192  620
192  755
192  800
192  810
192  884
192  907
192  962
193  332
193  464
193  627
193  720
193  834
193  974
193  983
193  997
194  246
194  294
194  326
194  462
194  663
194  794
194  831
194  859
194  878
194  946
195  357
195  772
195  805
195  848
195  937
195  938
195  959
195  965
195  990
195  994
196  234
196  529
196  699
196  747
196  771
196  806
196  823
196  843
196  991
197  244
197  246
197  378
197  688
197  819
197  826
197  857
197  977
197  993
198  275
198  298
198  443
198  513
198  617
198  833
198  915
198  949
198  966
198  971
199  542
199  682
199  867
199  969
200  374
200  687
200  837
200  860
200  861
200  879
200  896
200  936
200  970
200  982
201  370
201  659
201  688
201  691
201  822
201  857
201  960
201  970
201  981
202  371
202  392
202  682
202  753
202  854
202  877
202  882
202  967
203  385
203  461
203  476
203  535
203  557
203  843
203  866
203  921
203  971
204  230
204  237
204  293
204  638
204  676
204  808
204  872
204  897
204  947
205  244
205  295
205  449
205  501
205  528
205  565
205  578
205  863
205  941
205  976
206  395
206  514
206  530
206  781
206  812
206  883
206  914
206  940
206  996
207  245
207  388
207  477
207  748
207  781
207  963
207  988
207  997
208  212
208  271
208  430
208  467
208  611
208  617
208  665
208  713
208  878
208  974
209  392
209  471
209  535
209  595
209  745
209  769
209  789
209  936
209  977
210  218
210  329
210  609
210  692
210  775
210  834
210  864
210  931
210  990
211  876
211  943
211  948
211  960
211  983
211  984
211  986
211  987
212  227
212  296
212  487
212  604
212  746
212  804
212  852
212  867
212  885
213  273
213  407
213  595
213  697
213  771
213  819
213  910
213  941
213  981
213  1000
214  262
214  456
214  481
214  528
214  610
214  695
214  708
214  770
214  964
215  432
215  559
215  615
215  755
215  877
215  885
215  911
215  984
215  987
216  397
216  485
216  709
216  862
216  878
216  923
216  958
216  978
217  337
217  529
217  589
217  605
217  849
217  880
217  977
217  1000
218  250
218  321
218  784
218  866
218  913
218  922
218  942
218  965
218  999
219  290
219  351
219  380
219  612
219  702
219  786
219  840
219  912
219  998
220  238
220  263
220  446
220  499
220  548
220  612
220  796
220  982
220  1000
221  329
221  332
221  502
221  594
221  619
221  763
221  784
221  927
221  979
221  996
222  352
222  553
222  637
222  677
222  707
222  851
222  861
222  973
222  991
223  336
223  337
223  415
223  562
223  569
223  671
223  718
223  872
223  878
224  651
224  731
224  772
224  873
224  919
224  950
225  252
225  547
225  599
225  647
225  728
225  778
225  853
225  957
225  975
226  336
226  426
226  479
226  699
226  769
226  900
226  914
227  269
227  358
227  432
227  642
227  656
227  662
227  760
227  958
227  963
228  364
228  472
228  496
228  550
228  556
228  727
228  909
228  949
228  953
228  995
229  232
229  335
229  396
229  549
229  565
229  668
229  763
230  523
230  749
230  753
230  846
230  873
230  916
230  923
230  926
230  978
231  355
231  387
231  619
231  724
231  766
231  821
231  977
232  687
232  748
232  756
232  781
232  930
232  932
232  941
232  973
232  976
233  308
233  491
233  635
233  664
233  832
233  863
233  881
233  957
233  965
234  415
234  466
234  492
234  523
234  657
234  667
234  863
234  990
235  352
235  533
235  580
235  595
235  707
235  742
235  893
235  958
236  334
236  501
236  555
236  659
236  784
236  865
236  969
236  989
237  702
237  821
237  842
237  848
237  862
237  918
238  435
238  516
238  560
238  604
238  870
238  882
238  906
238  936
238  982
239  497
239  576
239  657
239  736
239  763
239  797
239  949
239  975
239  997
240  291
240  545
240  848
240  933
240  952
240  997
240  998
241  425
241  569
241  650
241  698
241  717
241  938
241  982
242  297
242  391
242  420
242  597
242  649
242  684
242  706
242  956
242  984
242  993
243  546
243  619
243  634
243  777
243  796
243  829
243  981
243  988
243  1000
244  650
244  680
244  710
244  866
244  937
244  965
245  376
245  518
245  524
245  555
245  600
245  793
245  867
245  914
245  967
246  387
246  510
246  571
246  665
246  676
246  681
246  819
246  901
247  313
247  530
247  531
247  664
247  717
247  898
247  952
247  956
247  973
247  979
248  294
248  713
248  728
248  746
248  747
248  848
248  947
248  964
248  979
249  362
249  403
249  459
249  724
249  843
249  853
249  959
249  980
249  983
249  998
250  341
250  507
250  607
250  893
250  912
250  960
250  977
250  979
251  265
251  470
251  607
251  613
251  672
251  733
251  742
251  861
251  896
251  932
252  346
252  552
252  632
252  722
252  888
252  953
252  963
252  988
253  505
253  534
253  543
253  555
253  655
253  710
253  924
253  971
253  973
254  381
254  384
254  783
254  863
254  869
254  887
254  923
254  934
254  955
254  992
255  360
255  649
255  685
255  838
255  940
255  947
255  955
255  961
255  997
255  1000
256  258
256  465
256  472
256  547
256  672
256  762
256  890
256  906
256  986
257  500
257  628
257  662
257  709
257  816
257  921
257  977
258  475
258  506
258  775
258  821
258  875
258  895
258  995
258  997
259  281
259  334
259  376
259  627
259  636
259  649
259  708
259  889
259  991
260  320
260  499
260  586
260  673
260  691
260  818
260  824
260  935
260  990
260  1000
261  329
261  484
261  722
261  744
261  755
261  819
261  931
261  990
261  991
261  998
262  377
262  404
262  710
262  740
262  962
262  999
262  1000
263  422
263  680
263  745
263  888
263  958
263  965
263  989
264  330
264  410
264  534
264  590
264  751
264  821
264  879
264  936
264  938
264  989
265  286
265  579
265  587
265  661
265  801
265  897
265  898
265  921
265  944
266  281
266  372
266  591
266  674
266  867
266  889
266  894
266  924
266  945
267  324
267  421
267  585
267  629
267  644
267  803
267  810
267  829
267  943
267  949
268  510
268  541
268  660
268  687
268  743
268  899
268  921
268  951
269  293
269  330
269  604
269  627
269  870
269  967
269  973
270  360
270  437
270  558
270  847
270  854
270  863
270  987
270  992
271  346
271  567
271  639
271  796
271  898
271  952
271  975
271  980
271  999
272  361
272  465
272  574
272  662
272  776
272  895
272  918
272  952
273  347
273  563
273  581
273  751
273  771
273  863
273  865
273  873
273  884
274  294
274  316
274  317
274  381
274  501
274  771
274  971
274  983
274  998
275  415
275  466
275  726
275  790
275  817
275  868
275  933
275  966
275  979
276  575
276  597
276  741
276  743
276  797
276  839
276  855
276  886
277  316
277  541
277  555
277  642
277  708
277  903
277  954
277  981
277  988
278  406
278  439
278  445
278  681
278  759
278  786
278  824
278  901
278  959
279  396
279  725
279  752
279  764
279  840
279  874
279  909
279  923
279  976
280  530
280  671
280  724
280  808
280  827
280  853
280  971
280  985
280  996
281  420
281  627
281  977
281  999
282  313
282  561
282  570
282  622
282  668
282  759
282  794
282  861
282  950
282  996
283  488
283  674
283  721
283  796
283  806
283  841
283  859
283  965
283  972
284  364
284  419
284  501
284  618
284  773
284  824
284  856
284  876
284  987
285  575
285  646
285  706
285  779
285  839
285  840
285  910
285  962
285  991
286  384
286  641
286  654
286  805
286  909
286  967
286  983
286  984
287  303
287  679
287  691
287  742
287  769
287  805
287  972
288  318
288  374
288  396
288  432
288  482
288  637
288  715
288  737
288  925
288  961
289  328
289  399
289  441
289  615
289  637
289  832
289  884
289  981
290  576
290  652
290  817
290  901
290  932
290  941
290  970
290  990
291  429
291  503
291  560
291  657
291  786
291  797
291  904
291  954
292  334
292  365
292  379
292  556
292  708
292  729
292  812
292  826
292  894
293  460
293  566
293  660
293  712
293  830
293  963
293  967
293  993
294  318
294  475
294  684
294  726
294  917
294  934
294  994
295  491
295  629
295  703
295  705
295  807
295  930
295  962
295  968
295  991
296  446
296  615
296  689
296  703
296  875
296  891
296  899
297  330
297  481
297  510
297  534
297  583
297  775
297  971
298  542
298  594
298  653
298  748
298  832
298  893
298  928
299  349
299  502
299  712
299  740
299  760
299  846
299  861
299  963
299  996
300  534
300  560
300  565
300  626
300  736
300  746
300  817
300  850
300  944
300  990
301  332
301  362
301  497
301  568
301  614
301  803
301  857
301  904
301  995
302  364
302  515
302  519
302  659
302  937
302  947
302  962
302  966
303  358
303  402
303  450
303  597
303  811
303  980
303  989
303  999
304  451
304  730
304  736
304  847
304  897
304  908
304  989
304  1000
305  352
305  370
305  414
305  537
305  619
305  730
305  776
305  797
305  933
305  946
306  495
306  653
306  744
306  834
306  851
306  908
306  940
306  975
307  431
307  466
307  567
307  569
307  736
307  866
307  867
307  903
307  957
307  997
308  493
308  625
308  627
308  725
308  810
308  821
308  838
308  899
308  944
309  373
309  491
309  504
309  605
309  845
309  848
309  955
309  968
310  338
310  340
310  431
310  639
310  670
310  696
310  705
310  709
310  756
310  824
311  368
311  447
311  483
311  520
311  540
311  673
311  810
311  927
311  952
311  983
312  469
312  508
312  609
312  662
312  720
312  958
313  438
313  581
313  652
313  765
313  960
314  421
314  624
314  637
314  734
314  744
314  840
314  897
314  925
314  962
314  998
315  339
315  363
315  494
315  608
315  738
315  815
315  827
315  881
315  956
316  317
316  361
316  653
316  721
316  726
316  765
316  827
316  909
317  373
317  470
317  500
317  698
317  981
317  983
318  358
318  416
318  683
318  883
318  982
318  990
319  324
319  348
319  406
319  507
319  781
319  882
319  943
319  957
319  988
319  995
320  583
320  639
320  718
320  785
320  787
320  840
320  844
320  885
320  951
321  327
321  449
321  493
321  503
321  728
321  831
322  396
322  440
322  711
322  804
322  836
322  857
322  912
322  950
322  1000
323  455
323  478
323  600
323  630
323  758
323  814
323  857
323  925
323  964
323  999
324  435
324  588
324  727
324  778
324  798
324  941
324  988
324  1000
325  361
325  750
325  774
325  861
325  884
325  918
325  934
325  971
325  983
325  995
326  349
326  510
326  617
326  727
326  803
326  849
326  972
326  997
327  341
327  641
327  701
327  796
327  825
327  856
327  909
327  922
327  962
327  990
328  576
328  606
328  620
328  738
328  838
328  880
328  891
328  970
328  985
329  352
329  616
329  844
329  891
329  931
329  955
329  992
330  455
330  601
330  927
330  994
331  398
331  422
331  448
331  480
331  539
331  668
331  685
331  917
331  923
331  954
332  425
332  543
332  545
332  667
332  850
332  903
332  967
332  974
333  349
333  627
333  777
333  963
333  968
333  969
333  970
333  974
334  400
334  507
334  572
334  708
334  862
334  964
334  994
334  998
335  389
335  422
335  643
335  800
335  934
335  955
335  984
335  992
335  998
336  374
336  701
336  858
336  913
336  971
336  976
336  983
337  472
337  649
337  664
337  727
337  825
337  857
337  973
337  977
337  988
338  515
338  553
338  665
338  705
338  789
338  824
338  841
338  847
338  861
338  943
339  351
339  360
339  451
339  714
339  754
339  783
339  862
339  943
339  968
340  362
340  440
340  698
340  744
340  812
340  915
340  937
340  945
340  965
340  990
341  510
341  665
341  808
341  815
341  963
341  967
341  982
341  997
341  1000
342  494
342  631
342  644
342  736
342  785
342  880
342  901
342  996
342  999
343  518
343  545
343  728
343  785
343  905
343  961
343  974
343  1000
344  404
344  481
344  604
344  635
344  726
344  732
344  746
344  789
344  852
344  856
345  382
345  414
345  577
345  693
345  721
345  922
345  991
346  474
346  569
346  579
346  799
346  902
346  947
346  969
346  975
346  1000
347  362
347  490
347  695
347  767
347  885
347  889
347  916
347  926
347  956
347  964
348  594
348  642
348  659
348  713
348  751
348  938
348  946
348  985
349  497
349  916
349  976
349  987
349  992
349  997
349  998
350  554
350  557
350  727
350  758
350  768
350  852
350  926
350  948
350  957
350  982
350  992
351  442
351  469
351  516
351  519
351  556
351  814
351  901
351  941
351  999
352  805
352  845
352  852
352  987
352  995
352  999
353  375
353  427
353  445
353  511
353  521
353  748
353  783
353  952
353  959
353  993
354  629
354  678
354  729
354  762
354  800
354  870
354  943
354  970
354  976
354  982
354  992
355  621
355  660
355  726
355  746
355  865
355  927
355  977
356  582
356  590
356  694
356  781
356  782
356  833
356  878
356  880
356  886
356  959
356  985
357  494
357  549
357  586
357  616
357  806
357  885
357  920
357  939
357  976
357  1000
358  580
358  690
358  775
358  787
358  845
358  972
358  989
359  400
359  579
359  592
359  663
359  668
359  684
359  832
359  931
359  934
359  958
359  962
360  684
360  701
360  907
360  950
360  962
361  371
361  388
361  624
361  701
361  842
361  847
361  890
361  999
362  363
362  365
362  767
362  779
362  879
362  996
363  366
363  422
363  542
363  839
363  893
363  980
363  984
364  366
364  450
364  540
364  549
364  696
364  919
364  992
365  409
365  519
365  602
365  793
365  826
365  868
365  933
365  935
365  968
366  547
366  776
366  793
366  939
366  954
366  958
366  976
366  983
366  999
367  373
367  612
367  808
367  864
367  905
367  910
367  926
367  978
368  464
368  617
368  701
368  716
368  750
368  780
368  817
368  928
368  935
369  420
369  431
369  485
369  536
369  538
369  600
369  793
369  834
369  869
369  953
369  1000
370  576
370  659
370  774
370  814
370  925
370  926
370  973
370  978
371  454
371  647
371  658
371  667
371  751
371  826
371  902
372  433
372  465
372  523
372  727
372  738
372  851
372  913
372  945
373  633
373  635
373  647
373  811
373  920
373  941
373  1000
374  597
374  762
374  833
374  917
374  936
374  978
374  985
374  986
375  429
375  633
375  639
375  850
375  904
375  996
375  997
375  998
376  479
376  480
376  494
376  533
376  549
376  695
376  741
376  855
377  437
377  563
377  566
377  622
377  632
377  697
377  736
377  869
377  906
378  444
378  469
378  500
378  597
378  653
378  669
378  683
378  943
379  569
379  600
379  689
379  703
379  716
379  722
379  745
379  796
379  887
379  1000
380  386
380  423
380  437
380  499
380  740
380  784
380  837
380  897
380  979
381  648
381  668
381  804
381  852
381  871
381  924
381  945
381  968
381  981
382  420
382  482
382  653
382  690
382  816
382  853
382  909
382  955
382  999
383  459
383  462
383  562
383  593
383  603
383  878
383  923
383  925
383  937
383  982
384  518
384  577
384  607
384  917
384  927
384  963
385  565
385  638
385  689
385  731
385  919
385  941
385  975
386  497
386  656
386  715
386  807
386  892
386  952
386  983
386  988
386  1000
387  552
387  686
387  703
387  719
387  792
387  888
387  957
387  974
388  465
388  542
388  847
388  898
388  923
388  991
389  472
389  513
389  701
389  738
389  964
389  985
389  995
390  495
390  556
390  568
390  808
390  810
390  921
390  948
390  949
391  453
391  565
391  874
391  902
391  908
391  938
391  963
391  968
391  1000
392  518
392  729
392  895
392  913
392  927
392  950
392  967
392  985
392  987
393  531
393  719
393  723
393  726
393  784
393  785
393  803
393  826
393  930
393  987
393  1000
394  511
394  561
394  565
394  705
394  773
394  911
394  950
394  973
394  987
394  990
394  995
395  507
395  708
395  831
395  865
395  941
395  958
395  989
395  993
396  564
396  683
396  692
396  940
396  977
396  999
397  438
397  452
397  611
397  633
397  759
397  897
397  997
398  483
398  593
398  737
398  903
398  951
398  964
398  977
398  994
399  446
399  571
399  807
399  811
399  825
399  861
399  973
399  976
400  640
400  684
400  692
400  780
400  842
400  864
400  893
400  934
401  603
401  677
401  687
401  699
401  820
401  822
401  852
401  914
401  922
401  983
402  575
402  664
402  672
402  714
402  835
402  868
402  874
402  931
402  996
403  504
403  594
403  637
403  702
403  797
403  816
403  879
403  911
404  468
404  604
404  700
404  868
404  872
404  945
404  954
404  988
405  425
405  476
405  676
405  795
405  842
405  876
405  919
405  949
405  960
405  987
405  996
406  479
406  506
406  537
406  843
406  865
406  870
406  935
406  946
406  969
407  576
407  580
407  686
407  740
407  741
407  778
407  810
407  848
408  444
408  750
408  800
408  806
408  816
408  821
408  877
408  918
409  580
409  755
409  809
409  860
409  898
409  928
409  951
409  965
410  515
410  814
410  816
410  826
410  903
410  918
410  939
410  940
410  984
411  413
411  441
411  725
411  752
411  755
411  805
411  848
411  884
411  954
411  979
411  985
412  469
412  505
412  523
412  627
412  680
412  743
412  885
412  924
412  972
412  981
413  461
413  557
413  572
413  721
413  742
413  766
413  844
413  953
413  958
413  990
414  472
414  478
414  586
414  658
414  771
414  790
414  950
414  992
415  541
415  568
415  582
415  620
415  735
415  782
415  925
415  988
416  417
416  580
416  623
416  759
416  768
416  870
416  894
416  982
416  986
417  569
417  715
417  802
417  876
417  926
417  942
417  960
417  961
417  974
417  994
418  478
418  606
418  833
418  848
418  870
418  882
418  888
418  927
418  961
419  531
419  546
419  580
419  739
419  756
419  760
419  893
419  962
419  989
419  999
420  487
420  615
420  631
420  813
420  850
420  915
421  426
421  642
421  678
421  798
421  856
421  942
421  976
421  999
422  452
422  485
422  713
422  729
422  943
422  989
423  552
423  560
423  758
423  822
423  834
423  868
423  873
423  882
423  962
423  999
424  680
424  756
424  815
424  877
424  937
424  952
424  991
424  995
424  997
425  473
425  798
425  842
425  848
425  987
425  990
425  992
426  655
426  855
426  988
426  991
426  994
426  995
426  999
427  656
427  684
427  757
427  769
427  811
427  908
427  956
427  979
427  993
428  512
428  595
428  614
428  791
428  797
428  802
428  843
428  865
428  983
428  991
429  578
429  631
429  671
429  739
429  769
429  886
429  974
430  498
430  647
430  827
430  889
430  893
430  902
430  911
430  983
430  997
431  465
431  522
431  655
431  760
431  820
431  859
431  985
431  994
432  508
432  611
432  771
432  929
432  950
432  960
432  966
432  995
433  525
433  586
433  774
433  784
433  804
433  901
433  933
433  973
434  448
434  524
434  723
434  735
434  834
434  857
434  907
434  989
434  993
435  632
435  811
435  854
435  956
435  969
435  986
435  998
435  1000
436  456
436  486
436  590
436  595
436  600
436  780
436  790
436  850
436  997
437  589
437  677
437  832
437  843
437  894
437  995
437  996
438  646
438  865
438  935
438  965
438  979
438  993
438  996
439  473
439  532
439  564
439  636
439  846
439  876
439  990
440  453
440  554
440  562
440  563
440  813
440  837
440  863
440  898
441  467
441  475
441  687
441  825
441  912
441  961
441  965
441  978
441  993
441  994
442  452
442  531
442  612
442  621
442  744
442  774
442  789
442  854
442  901
442  998
443  485
443  707
443  726
443  780
443  887
443  920
443  954
443  956
443  998
444  628
444  798
444  868
444  872
444  911
444  933
444  987
444  995
444  999
445  558
445  601
445  694
445  783
445  954
445  963
445  981
445  986
445  996
446  505
446  740
446  926
446  939
446  952
446  983
446  995
447  526
447  608
447  724
447  822
447  829
447  870
447  880
447  906
447  963
447  982
448  467
448  713
448  818
448  901
448  915
448  923
448  948
448  999
449  642
449  781
449  856
449  895
449  948
449  978
449  980
449  994
450  574
450  664
450  730
450  769
450  814
450  829
450  912
450  993
451  565
451  671
451  677
451  687
451  829
451  848
451  916
451  970
451  977
452  476
452  499
452  556
452  593
452  672
452  907
452  928
452  954
452  993
453  507
453  587
453  723
453  823
453  875
453  997
453  999
454  505
454  672
454  864
454  880
454  891
454  996
454  999
455  683
455  697
455  710
455  747
455  879
455  883
455  888
455  994
455  998
455  1000
456  547
456  567
456  748
456  820
456  870
456  871
456  891
456  948
456  949
457  473
457  474
457  539
457  553
457  556
457  671
457  693
457  977
457  992
458  546
458  598
458  599
458  677
458  704
458  724
458  803
458  864
458  876
458  913
458  969
459  515
459  778
459  823
459  842
459  863
459  945
459  970
459  984
459  992
460  579
460  585
460  742
460  743
460  751
460  847
460  885
460  898
460  962
460  998
461  639
461  703
461  903
461  922
461  949
461  966
461  974
461  993
461  994
462  511
462  640
462  815
462  825
462  899
462  927
462  972
462  995
462  996
463  564
463  605
463  845
463  851
463  905
463  909
463  915
463  943
463  953
463  968
463  997
463  1000
464  799
464  803
464  834
464  881
464  896
464  974
464  975
465  564
465  683
465  694
465  764
465  883
465  909
465  987
466  488
466  543
466  554
466  648
466  786
466  871
466  938
466  941
466  966
467  612
467  693
467  750
467  800
467  821
467  846
467  847
467  963
467  979
468  606
468  733
468  757
468  836
468  845
468  846
468  884
468  915
468  978
468  994
469  476
469  666
469  719
469  855
469  868
469  916
469  923
469  938
470  496
470  543
470  715
470  841
470  851
470  963
470  985
470  1000
471  531
471  638
471  665
471  703
471  822
471  866
471  907
471  936
471  937
471  976
471  982
472  527
472  547
472  678
472  796
472  807
473  574
473  643
473  777
473  886
473  889
473  959
473  997
474  522
474  561
474  644
474  742
474  891
474  916
474  931
474  953
474  970
474  983
475  631
475  670
475  700
475  767
475  827
475  908
475  992
476  587
476  588
476  652
476  737
476  783
476  906
476  995
477  522
477  529
477  587
477  629
477  780
477  799
477  811
477  876
477  890
477  940
477  1000
478  512
478  775
478  827
478  872
478  902
478  933
478  942
478  954
479  571
479  664
479  729
479  762
479  884
479  938
479  942
479  954
479  956
480  522
480  570
480  674
480  788
480  851
480  871
480  915
480  926
480  985
481  575
481  703
481  874
481  983
481  998
482  495
482  593
482  783
482  793
482  852
482  856
482  907
482  984
483  698
483  717
483  875
483  939
483  967
483  995
483  996
484  508
484  535
484  586
484  621
484  735
484  819
484  907
484  913
484  944
484  983
484  990
485  782
485  816
485  872
485  879
485  881
485  921
485  978
486  491
486  706
486  767
486  793
486  801
486  873
486  917
486  925
486  941
487  578
487  626
487  662
487  686
487  747
487  794
487  866
487  887
487  929
487  996
488  575
488  808
488  861
488  878
488  901
488  902
488  904
488  953
488  973
489  491
489  656
489  667
489  673
489  727
489  818
489  846
489  852
489  886
489  924
489  946
490  630
490  666
490  722
490  835
490  837
490  855
490  868
490  950
490  978
491  533
491  545
491  597
491  835
491  838
491  979
492  657
492  746
492  893
492  895
492  935
492  975
492  983
492  995
493  570
493  612
493  698
493  843
493  869
493  880
493  906
493  943
494  773
494  774
494  786
494  793
494  993
494  999
495  699
495  792
495  925
495  933
495  991
495  994
496  514
496  525
496  562
496  737
496  747
496  823
496  878
496  879
496  965
496  984
497  620
497  693
497  794
497  886
497  900
498  619
498  727
498  875
498  916
498  971
498  997
499  536
499  654
499  728
499  777
499  791
499  875
499  911
499  992
500  509
500  672
500  706
500  733
500  787
500  908
500  937
500  987
501  573
501  640
501  779
501  858
501  922
501  929
501  947
501  982
502  679
502  696
502  803
502  832
502  967
502  981
502  984
502  995
503  609
503  692
503  704
503  725
503  954
503  973
503  994
504  508
504  536
504  582
504  596
504  643
504  647
504  933
504  947
505  800
505  831
505  839
505  909
505  930
505  975
505  983
506  584
506  642
506  715
506  792
506  794
506  837
506  910
506  988
506  1000
507  553
507  581
507  878
507  905
507  952
507  953
507  986
508  605
508  614
508  666
508  693
508  873
508  944
508  974
509  546
509  580
509  646
509  762
509  796
509  807
509  811
509  895
509  994
510  644
510  757
510  785
510  846
510  865
510  981
511  540
511  576
511  695
511  872
511  951
511  976
511  992
512  551
512  644
512  812
512  863
512  865
512  936
512  968
512  979
513  630
513  819
513  857
513  888
513  909
513  934
513  935
513  994
514  596
514  610
514  616
514  764
514  809
514  881
514  887
514  915
514  981
514  1000
515  661
515  731
515  882
515  901
515  986
516  543
516  612
516  647
516  688
516  717
516  855
516  862
516  982
517  577
517  623
517  636
517  822
517  850
517  868
517  909
517  936
517  947
517  949
517  996
517  997
518  565
518  596
518  649
518  658
518  780
518  955
518  985
518  995
519  624
519  626
519  676
519  730
519  789
519  828
519  864
519  1000
520  704
520  715
520  740
520  802
520  820
520  861
520  935
520  970
521  551
521  677
521  696
521  854
521  871
521  945
521  948
521  956
521  972
521  991
522  622
522  734
522  855
522  868
522  906
522  972
522  991
523  629
523  902
523  924
523  926
523  938
523  955
523  989
523  997
524  558
524  590
524  669
524  790
524  823
524  834
524  929
524  972
524  999
525  624
525  672
525  673
525  681
525  760
525  814
525  914
525  945
525  951
526  578
526  683
526  717
526  817
526  876
526  908
526  957
526  982
526  987
527  531
527  582
527  583
527  718
527  759
527  780
527  807
527  897
527  985
528  568
528  654
528  669
528  718
528  729
528  888
528  907
528  957
528  979
528  993
529  636
529  646
529  806
529  837
529  913
529  917
529  927
529  940
530  594
530  640
530  843
530  845
530  977
530  980
531  585
531  648
531  682
531  791
531  835
531  914
531  915
532  613
532  775
532  798
532  819
532  890
532  893
532  894
532  928
532  958
532  992
532  998
533  592
533  741
533  776
533  883
533  933
533  960
533  964
533  979
534  699
534  752
534  900
534  926
534  967
534  981
535  718
535  757
535  770
535  899
535  932
535  964
535  973
535  974
535  975
535  977
536  608
536  675
536  840
536  869
536  876
536  927
536  980
536  992
537  579
537  628
537  651
537  751
537  842
537  898
537  905
537  918
537  973
537  992
537  994
538  779
538  787
538  800
538  852
538  896
538  908
538  938
538  959
538  987
538  996
539  597
539  749
539  769
539  931
539  958
539  964
539  970
539  971
539  974
539  981
540  587
540  661
540  684
540  729
540  813
540  910
540  921
540  923
540  979
540  989
541  547
541  672
541  752
541  818
541  861
541  873
541  970
541  979
541  987
542  837
542  897
542  909
542  967
542  977
542  990
543  586
543  594
543  680
543  727
543  763
543  778
543  862
543  938
544  567
544  774
544  804
544  805
544  880
544  914
544  918
544  964
544  974
544  981
544  995
545  551
545  748
545  766
545  776
545  857
545  952
545  980
546  802
546  896
546  897
546  969
546  990
546  1000
547  686
547  712
547  717
547  892
547  912
547  927
548  744
548  815
548  831
548  908
548  919
548  920
548  943
548  991
548  993
549  568
549  674
549  734
549  788
549  877
549  904
549  974
549  993
550  698
550  796
550  854
550  860
550  871
550  876
550  899
550  995
550  1000
551  564
551  660
551  707
551  851
551  859
551  949
551  953
551  998
552  594
552  746
552  786
552  862
552  887
552  969
552  981
552  984
552  988
552  1000
553  637
553  697
553  754
553  788
553  793
553  919
553  923
553  931
553  934
554  604
554  648
554  800
554  923
554  940
554  945
554  956
554  962
554  976
554  992
555  651
555  726
555  810
555  819
555  892
555  981
555  989
555  998
555  999
556  694
556  735
556  948
556  981
556  995
557  558
557  604
557  695
557  716
557  727
557  828
557  845
557  924
557  945
558  614
558  649
558  658
558  824
558  847
559  569
559  768
559  814
559  824
559  873
559  961
559  975
559  984
559  987
559  992
559  998
559  999
560  725
560  812
560  830
560  836
560  888
560  939
560  964
560  968
561  673
561  730
561  740
561  769
561  806
561  924
561  959
561  971
561  986
562  618
562  748
562  783
562  875
562  903
562  956
562  1000
563  665
563  775
563  784
563  825
563  920
563  964
563  969
563  974
563  981
564  688
564  734
564  923
564  943
564  973
564  984
564  988
565  662
565  812
565  982
565  999
566  615
566  731
566  787
566  830
566  885
566  892
566  902
566  932
566  972
567  569
567  787
567  817
567  838
567  921
567  967
567  990
567  995
568  600
568  763
568  773
568  900
568  943
568  996
569  701
569  718
569  908
569  960
569  994
570  592
570  694
570  839
570  879
570  912
570  917
570  978
570  980
571  779
571  812
571  837
571  838
571  918
571  976
571  985
572  597
572  655
572  663
572  713
572  750
572  779
572  902
572  985
572  996
573  578
573  643
573  649
573  710
573  763
573  819
573  830
573  866
573  872
573  974
573  989
573  997
574  716
574  766
574  770
574  837
574  864
574  921
574  950
574  977
575  640
575  767
575  807
575  822
575  900
575  957
576  624
576  659
576  820
576  831
576  961
576  969
577  690
577  704
577  742
577  834
577  921
577  967
577  987
577  996
577  999
577  1000
578  827
578  890
578  932
578  951
578  994
578  996
578  997
579  587
579  696
579  703
579  783
579  842
579  898
580  610
580  706
580  728
580  900
580  932
580  968
581  629
581  741
581  817
581  839
581  926
581  935
581  979
581  991
582  599
582  828
582  847
582  937
582  968
582  984
582  985
583  929
583  935
583  942
583  957
583  994
583  995
583  996
583  997
584  636
584  752
584  782
584  792
584  881
584  903
584  911
584  920
584  983
584  999
584  1000
585  645
585  747
585  857
585  865
585  900
585  920
585  928
585  946
585  973
585  980
586  679
586  838
586  897
586  979
586  993
586  996
586  997
587  590
587  635
587  778
587  839
587  889
587  901
587  997
588  606
588  722
588  743
588  966
588  988
588  989
588  991
588  1000
589  745
589  778
589  866
589  900
589  909
589  920
589  971
589  980
589  989
589  999
590  702
590  714
590  760
590  785
590  820
590  859
590  937
590  997
591  616
591  631
591  645
591  664
591  827
591  837
591  891
591  931
591  951
591  973
591  980
592  697
592  721
592  728
592  770
592  787
592  837
592  864
592  873
592  958
592  999
593  634
593  734
593  846
593  859
593  906
593  929
593  961
593  969
593  970
594  853
594  906
594  909
594  981
594  991
594  1000
595  650
595  865
595  930
595  951
595  971
595  991
595  993
596  664
596  794
596  886
596  889
596  934
596  949
596  974
596  976
596  984
597  712
597  748
597  769
597  925
597  999
598  813
598  868
598  913
598  937
598  940
598  977
598  982
598  986
598  991
599  664
599  733
599  742
599  895
599  906
599  955
599  982
599  990
599  994
599  999
600  611
600  650
600  793
600  804
600  872
600  898
600  976
601  604
601  710
601  754
601  761
601  798
601  805
601  815
601  872
601  894
601  914
601  948
601  973
602  655
602  669
602  686
602  752
602  836
602  882
602  884
602  896
602  925
602  946
602  993
603  660
603  716
603  718
603  728
603  845
603  855
603  940
603  941
603  953
603  958
604  638
604  688
604  739
604  748
604  945
604  996
605  712
605  725
605  754
605  791
605  912
605  921
605  946
605  993
605  999
605  1000
606  701
606  798
606  881
606  905
606  910
606  968
606  984
606  992
606  998
607  741
607  753
607  836
607  867
607  881
607  893
607  955
607  982
607  986
608  633
608  795
608  805
608  828
608  897
608  927
608  931
608  959
608  984
608  995
609  707
609  716
609  733
609  765
609  795
609  820
609  891
609  899
609  951
609  958
609  974
610  613
610  664
610  695
610  743
610  884
610  887
610  915
610  941
610  956
610  966
611  620
611  632
611  780
611  874
611  890
611  902
612  656
612  678
612  808
612  870
612  956
612  982
612  991
613  673
613  705
613  791
613  868
613  874
613  960
613  966
613  990
613  995
613  1000
614  662
614  795
614  871
614  971
614  973
614  986
614  996
615  635
615  752
615  757
615  807
615  822
615  839
615  906
615  979
615  998
616  639
616  653
616  717
616  749
616  778
616  898
616  955
616  958
616  983
617  659
617  735
617  876
617  886
617  889
617  891
617  993
617  997
618  682
618  706
618  736
618  746
618  849
618  853
618  910
618  926
618  979
619  694
619  777
619  778
619  903
619  910
619  997
620  623
620  764
620  787
620  837
620  950
620  952
620  974
620  985
620  998
621  634
621  641
621  689
621  710
621  726
621  735
621  742
621  887
621  934
622  700
622  802
622  833
622  908
622  932
622  955
622  966
622  985
623  713
623  912
623  915
623  916
623  934
623  963
623  985
623  990
624  652
624  710
624  732
624  782
624  791
624  895
624  901
624  917
624  985
625  758
625  761
625  776
625  854
625  858
625  885
625  892
625  950
625  962
625  1000
626  719
626  772
626  869
626  919
626  959
626  975
626  981
626  982
626  989
627  703
627  825
627  924
627  947
627  960
627  997
628  722
628  783
628  893
628  897
628  908
628  932
628  957
628  963
628  980
628  991
629  694
629  709
629  719
629  870
629  876
629  931
629  995
630  724
630  766
630  801
630  830
630  858
630  860
630  929
631  658
631  691
631  709
631  786
631  979
631  986
631  993
632  675
632  684
632  734
632  825
632  867
632  888
632  956
632  960
632  967
632  976
633  771
633  867
633  901
633  949
633  963
633  986
633  998
633  999
634  816
634  928
634  956
634  957
634  979
634  982
635  651
635  755
635  790
635  911
635  919
635  949
635  966
635  985
636  759
636  791
636  870
636  871
636  925
636  946
636  992
637  765
637  766
637  828
637  839
637  934
637  980
637  999
638  675
638  710
638  903
638  907
638  915
638  916
638  946
638  951
638  1000
639  820
639  824
639  942
639  946
639  959
639  962
639  980
639  982
640  673
640  722
640  905
640  939
640  943
640  953
640  986
640  1000
641  770
641  814
641  865
641  883
641  898
641  950
641  964
641  971
641  998
642  681
642  730
642  867
642  887
642  966
642  987
642  997
643  777
643  821
643  849
643  895
643  974
644  668
644  722
644  739
644  892
644  897
644  935
644  975
645  674
645  720
645  777
645  809
645  845
645  886
645  889
645  930
645  931
645  961
645  997
646  716
646  744
646  781
646  876
646  882
646  991
646  999
647  648
647  657
647  735
647  859
647  863
647  959
648  667
648  746
648  757
648  857
648  924
648  989
649  659
649  697
649  764
649  841
649  883
649  947
649  975
650  678
650  728
650  768
650  839
650  862
650  870
650  946
650  966
650  967
650  982
651  672
651  784
651  881
651  907
651  919
651  934
651  950
651  988
652  665
652  681
652  767
652  789
652  829
652  980
652  989
652  991
652  994
653  663
653  696
653  823
653  829
653  853
653  892
653  978
653  987
654  762
654  795
654  834
654  849
654  856
654  859
654  896
654  960
654  979
654  993
655  770
655  853
655  914
655  932
655  935
655  972
655  976
656  730
656  819
656  824
656  883
656  918
656  938
656  984
656  986
657  733
657  757
657  798
657  856
657  874
657  920
657  991
658  720
658  731
658  824
658  878
658  885
658  913
658  914
658  975
658  983
659  665
659  681
659  683
659  809
659  879
660  663
660  678
660  714
660  784
660  816
660  997
661  675
661  763
661  808
661  887
661  923
661  930
661  960
661  972
661  991
661  992
661  999
662  670
662  763
662  770
662  887
662  974
662  997
663  729
663  772
663  840
663  866
663  900
663  930
663  955
663  978
663  998
664  748
664  985
664  989
664  993
664  996
665  789
665  794
665  819
665  822
665  856
665  930
666  782
666  835
666  843
666  881
666  921
666  924
666  927
666  941
666  951
666  977
666  992
666  996
667  706
667  764
667  770
667  842
667  868
667  879
667  925
667  945
667  991
668  679
668  764
668  811
668  878
668  931
668  942
668  954
668  984
669  690
669  791
669  813
669  875
669  884
669  924
669  949
669  979
669  981
670  694
670  700
670  715
670  775
670  912
670  943
670  950
670  951
670  963
670  976
670  1000
671  707
671  812
671  820
671  827
671  896
671  927
671  954
671  970
672  747
672  750
672  826
672  936
672  937
673  726
673  810
673  838
673  843
673  895
673  973
673  985
674  798
674  904
674  943
674  945
674  966
674  999
675  686
675  762
675  818
675  880
675  894
675  919
675  931
675  955
675  957
675  970
675  999
676  730
676  774
676  789
676  814
676  844
676  891
676  892
676  985
676  998
677  690
677  747
677  867
677  950
677  951
677  969
677  976
677  998
678  750
678  768
678  776
678  886
678  905
678  982
678  995
678  998
679  786
679  894
679  907
679  914
679  925
679  945
679  954
679  981
680  725
680  736
680  765
680  840
680  852
680  889
680  945
681  802
681  926
681  977
681  985
681  987
681  991
681  993
681  998
682  716
682  740
682  757
682  786
682  807
682  811
682  828
682  905
683  694
683  768
683  830
683  913
683  928
683  962
684  690
684  760
684  766
684  799
684  832
684  860
684  982
685  862
685  924
685  937
685  950
685  953
685  966
685  968
685  986
685  990
685  995
686  797
686  813
686  825
686  890
686  900
686  907
686  949
686  965
687  859
687  904
687  907
687  911
687  927
687  950
687  963
687  988
687  997
688  725
688  839
688  859
688  913
688  935
688  949
688  962
688  974
688  991
688  995
689  815
689  865
689  941
689  951
689  965
689  972
689  981
689  986
689  990
690  816
690  858
690  891
690  964
690  967
690  968
690  971
690  978
691  839
691  844
691  880
691  918
691  920
691  954
691  983
691  1000
692  697
692  725
692  752
692  866
692  962
692  970
692  972
692  990
693  790
693  854
693  924
693  926
693  937
693  954
693  985
693  1000
694  748
694  949
694  967
694  981
694  983
695  775
695  845
695  881
695  890
695  899
695  903
695  973
696  702
696  894
696  906
696  922
696  924
696  955
696  978
696  994
696  995
696  1000
697  830
697  906
697  958
697  988
697  1000
698  767
698  794
698  852
698  878
698  943
698  973
698  980
698  998
699  785
699  806
699  824
699  872
699  918
699  922
699  930
699  952
699  953
700  740
700  744
700  848
700  853
700  963
700  966
700  982
700  986
700  987
700  988
700  991
701  734
701  832
701  867
701  934
701  961
701  993
702  778
702  793
702  823
702  840
702  862
702  887
702  907
702  929
702  988
702  1000
703  717
703  838
703  895
703  972
703  995
704  707
704  808
704  827
704  865
704  883
704  905
704  969
704  975
704  982
704  984
705  773
705  783
705  831
705  959
705  964
705  967
705  968
705  994
705  997
706  890
706  900
706  903
706  979
706  987
706  989
706  992
706  998
707  766
707  849
707  891
707  902
707  910
707  911
707  938
708  775
708  808
708  859
708  909
708  959
708  965
708  982
708  994
709  711
709  725
709  778
709  793
709  857
709  859
709  923
709  1000
710  772
710  773
710  830
710  893
710  944
710  945
710  984
711  802
711  877
711  883
711  896
711  905
711  951
711  961
711  982
711  986
711  989
711  996
712  724
712  830
712  906
712  946
712  949
712  957
712  985
713  728
713  736
713  754
713  821
713  886
713  903
713  904
713  979
714  720
714  759
714  801
714  820
714  833
714  871
714  930
714  937
714  983
714  984
715  848
715  891
715  897
715  983
715  988
715  1000
716  811
716  882
716  969
716  999
717  743
717  775
717  820
717  948
717  977
717  982
718  913
718  923
718  932
718  954
718  981
718  985
719  721
719  862
719  874
719  888
719  909
719  929
719  936
719  986
720  738
720  794
720  801
720  816
720  850
720  851
720  875
720  893
720  971
721  739
721  766
721  799
721  815
721  854
721  860
721  883
721  933
721  986
722  764
722  914
722  942
722  947
722  963
722  988
722  990
723  741
723  749
723  765
723  844
723  859
723  921
723  930
723  960
723  978
723  985
724  770
724  798
724  805
724  851
724  939
724  959
724  966
725  765
725  773
725  828
725  871
725  914
725  969
726  737
726  844
726  964
726  988
726  993
727  779
727  900
727  909
727  945
727  965
728  775
728  797
728  814
728  989
728  993
729  750
729  839
729  866
729  925
729  940
729  955
729  973
729  980
730  762
730  768
730  818
730  875
730  935
730  993
730  996
731  738
731  758
731  788
731  841
731  848
731  859
731  865
731  911
731  977
731  981
731  999
732  753
732  807
732  881
732  882
732  946
732  956
732  989
732  997
733  784
733  818
733  899
733  955
733  968
733  972
733  976
733  992
734  795
734  824
734  903
734  950
734  969
734  981
734  991
735  756
735  795
735  809
735  811
735  825
735  846
735  850
735  962
735  968
735  976
736  861
736  925
736  933
736  951
736  952
736  972
736  986
737  872
737  907
737  918
737  956
737  964
737  975
737  982
737  993
737  994
737  998
738  773
738  919
738  928
738  929
738  961
738  988
738  992
738  998
738  999
739  771
739  782
739  798
739  813
739  873
739  895
739  904
739  952
739  965
739  987
740  763
740  787
740  849
740  919
740  964
740  997
741  756
741  813
741  816
741  880
741  897
741  916
741  991
741  997
742  766
742  782
742  849
742  931
742  974
743  771
743  871
743  890
743  915
743  943
743  957
743  992
743  994
744  831
744  917
744  943
744  951
744  980
744  991
745  746
745  802
745  816
745  833
745  834
745  875
745  887
745  907
745  928
745  992
745  997
745  998
746  857
746  883
746  884
746  933
746  935
746  946
746  995
747  762
747  804
747  822
747  867
747  951
747  978
747  986
747  989
748  791
748  860
748  933
748  966
748  983
749  795
749  861
749  877
749  888
749  931
749  958
749  965
749  998
750  801
750  855
750  872
750  881
750  938
750  939
750  983
751  790
751  800
751  801
751  821
751  918
751  951
751  956
751  958
751  959
751  962
752  784
752  888
752  923
752  934
752  955
753  804
753  811
753  852
753  876
753  882
753  928
753  962
753  975
753  993
753  998
754  790
754  889
754  899
754  902
754  941
754  944
754  990
755  756
755  759
755  858
755  862
755  880
755  896
755  929
755  948
755  957
755  959
755  961
756  816
756  922
756  935
756  960
756  965
756  967
756  984
756  998
757  768
757  793
757  815
757  860
757  862
757  963
757  988
757  991
758  835
758  844
758  865
758  868
758  908
758  910
758  918
758  935
758  941
758  983
758  988
759  846
759  877
759  892
759  911
759  920
759  995
759  999
760  774
760  862
760  928
760  973
760  974
760  997
760  1000
761  827
761  851
761  861
761  889
761  939
761  961
761  967
761  970
761  987
761  990
761  991
761  995
761  996
761  997
762  775
762  830
762  868
762  935
762  985
762  991
762  1000
763  781
763  800
763  828
763  830
763  948
763  968
763  974
763  989
764  767
764  923
764  936
764  947
764  969
764  988
764  989
764  995
764  1000
765  766
765  804
765  883
765  886
765  891
765  933
765  952
765  958
765  959
765  989
766  835
766  851
766  913
766  956
766  958
766  979
767  778
767  863
767  869
767  890
767  900
767  907
767  928
767  949
767  959
768  815
768  823
768  866
768  870
768  901
768  908
768  973
768  982
769  808
769  830
769  874
769  936
769  959
769  967
769  971
769  977
770  912
770  951
770  968
770  974
770  994
771  797
771  815
771  832
771  972
771  993
771  999
772  798
772  810
772  822
772  913
772  922
772  930
772  932
772  950
772  962
772  967
772  971
772  994
773  796
773  797
773  836
773  912
773  932
773  957
773  970
773  977
773  985
774  814
774  872
774  901
774  918
774  924
774  978
774  980
774  982
774  993
775  790
775  842
775  986
775  993
776  850
776  858
776  884
776  903
776  952
776  971
776  984
777  862
777  876
777  886
777  916
777  920
777  921
777  932
777  945
777  968
777  997
778  810
778  920
778  929
778  959
778  992
779  788
779  838
779  858
779  892
779  961
779  964
779  983
779  985
779  996
780  799
780  829
780  929
780  987
780  995
781  881
781  908
781  936
781  938
781  946
781  980
781  997
782  811
782  826
782  877
782  930
782  964
782  970
782  985
783  862
783  863
783  869
783  925
783  990
783  994
783  995
784  890
784  916
784  996
784  997
785  846
785  853
785  892
785  894
785  941
785  946
785  953
785  977
785  993
786  794
786  884
786  905
786  954
786  957
786  972
786  981
786  993
786  995
787  885
787  912
787  919
787  950
787  971
787  992
787  994
787  997
788  798
788  803
788  822
788  841
788  865
788  874
788  922
788  928
788  937
788  956
788  961
788  984
789  794
789  874
789  893
789  918
789  923
789  926
789  945
789  972
790  840
790  847
790  866
790  889
790  924
790  956
790  988
790  998
791  805
791  926
791  938
791  942
791  953
791  956
791  961
791  965
792  808
792  915
792  919
792  929
792  948
792  951
792  956
792  969
792  984
792  992
792  998
793  858
793  869
793  935
793  993
793  994
793  999
794  846
794  899
794  935
794  997
795  818
795  835
795  890
795  914
795  918
795  975
795  980
795  986
795  998
796  845
796  887
796  930
796  969
796  988
796  999
796  1000
797  802
797  813
797  835
797  888
797  893
797  918
797  982
797  999
798  866
798  922
798  948
798  984
799  832
799  853
799  886
799  891
799  901
799  942
799  976
799  986
799  989
799  996
800  801
800  859
800  879
800  918
800  952
800  976
800  992
800  996
801  842
801  847
801  860
801  869
801  897
801  898
801  958
801  963
801  969
801  979
802  837
802  895
802  898
802  936
802  939
802  985
802  986
802  996
803  860
803  907
803  922
803  929
803  935
803  966
803  990
804  805
804  823
804  845
804  853
804  894
804  989
804  998
804  999
805  812
805  822
805  827
805  895
805  906
805  936
805  978
805  984
806  843
806  900
806  924
806  936
806  941
806  950
806  971
806  976
806  994
807  817
807  881
807  882
807  909
807  947
807  979
807  989
808  830
808  831
808  857
808  858
808  861
808  895
808  937
809  841
809  879
809  880
809  887
809  892
809  910
809  960
809  963
809  969
809  988
809  997
809  1000
810  863
810  871
810  930
810  933
810  959
810  962
810  980
810  988
810  999
811  970
811  997
812  831
812  896
812  912
812  933
812  951
812  971
812  985
812  998
813  815
813  913
813  919
813  933
813  935
813  952
813  961
813  980
814  875
814  896
814  901
814  915
814  917
814  922
814  988
815  843
815  900
815  921
815  937
815  946
815  985
815  994
815  996
816  823
816  978
816  1000
817  832
817  881
817  928
817  932
817  934
817  939
817  945
817  949
817  987
818  835
818  912
818  948
818  949
818  950
818  952
818  957
818  975
818  977
819  866
819  881
819  896
819  957
819  968
819  980
819  983
819  999
820  868
820  877
820  913
820  922
820  923
820  977
820  980
820  983
820  999
821  847
821  878
821  898
821  939
821  962
821  965
821  966
822  825
822  853
822  902
822  938
822  993
823  863
823  925
823  971
823  994
823  1000
824  940
824  949
824  963
824  973
824  986
824  989
825  929
825  937
825  959
825  970
825  979
825  983
825  984
825  987
825  999
826  856
826  894
826  902
826  929
826  946
826  949
826  968
826  972
826  978
826  982
827  896
827  902
827  905
827  911
827  947
827  958
827  960
827  971
828  849
828  867
828  878
828  928
828  938
828  944
828  947
828  958
828  959
828  978
828  989
828  992
829  893
829  921
829  939
829  940
829  965
829  987
829  993
830  853
830  858
830  936
830  960
830  964
830  980
830  995
831  899
831  946
831  950
831  958
831  966
831  988
831  991
831  993
832  834
832  890
832  911
832  934
832  976
832  983
832  1000
833  845
833  866
833  883
833  891
833  941
833  944
833  954
833  965
833  987
833  988
833  991
833  992
833  998
834  894
834  929
834  961
834  978
834  979
835  870
835  904
835  936
835  959
835  980
835  984
835  989
835  992
835  997
836  864
836  868
836  871
836  890
836  931
836  932
836  951
836  966
836  972
836  988
837  838
837  916
837  925
837  928
837  930
837  941
837  950
837  992
838  851
838  873
838  879
838  884
838  939
838  962
838  977
838  991
838  995
839  914
839  916
839  952
839  979
839  980
839  993
839  995
840  875
840  910
840  911
840  920
840  940
840  945
840  946
840  955
840  970
841  842
841  892
841  908
841  910
841  948
841  961
841  965
841  969
841  988
841  992
841  998
841  1000
842  868
842  918
842  962
843  871
843  878
843  881
843  950
843  978
843  982
844  849
844  904
844  916
844  929
844  975
844  979
844  983
844  996
844  999
845  849
845  869
845  902
845  930
845  965
845  992
845  994
846  890
846  943
846  946
846  970
846  982
846  996
846  998
847  871
847  879
847  894
847  898
847  918
847  939
847  954
847  955
847  957
847  989
848  863
848  893
848  944
848  1000
849  867
849  886
849  897
849  923
849  931
849  956
849  975
849  989
850  852
850  854
850  859
850  860
850  889
850  940
850  974
850  984
850  987
850  997
850  1000
851  908
851  910
851  947
851  960
851  986
851  987
852  941
852  945
852  947
852  950
852  990
852  993
853  914
853  924
853  947
853  964
853  976
853  994
854  869
854  899
854  910
854  935
854  940
854  947
854  986
854  988
854  993
854  1000
855  879
855  880
855  884
855  905
855  914
855  922
855  926
855  930
855  975
855  978
855  990
855  993
856  865
856  915
856  920
856  945
856  946
856  953
856  970
856  987
856  1000
857  860
857  909
857  910
857  911
857  948
857  960
857  998
858  876
858  889
858  903
858  914
858  917
858  964
858  976
858  992
858  1000
859  880
859  945
859  953
859  973
859  999
860  909
860  940
860  954
860  960
860  972
860  979
860  981
860  997
860  1000
861  929
861  931
861  946
861  965
861  986
861  989
861  994
862  875
862  948
862  966
862  981
862  990
862  991
862  995
863  877
863  885
863  912
863  937
863  998
864  885
864  934
864  951
864  956
864  961
864  965
864  984
864  990
864  994
864  1000
865  934
865  954
865  986
866  903
866  911
866  933
866  936
866  947
866  961
867  897
867  904
867  911
867  920
867  944
867  977
867  983
867  989
868  878
868  918
868  973
868  977
869  889
869  919
869  938
869  959
869  960
869  983
869  984
869  987
869  988
869  992
869  998
870  871
870  892
870  912
870  916
870  953
870  982
870  988
871  902
871  927
871  946
871  970
872  883
872  914
872  951
872  954
872  971
872  972
872  984
872  990
872  996
873  883
873  886
873  890
873  920
873  926
873  978
873  986
873  994
874  903
874  923
874  931
874  932
874  946
874  970
874  977
874  979
875  886
875  906
875  974
875  997
876  898
876  905
876  926
876  940
876  959
876  971
876  980
876  991
877  879
877  913
877  921
877  927
877  944
877  947
877  965
877  970
877  987
878  886
878  889
878  945
878  970
878  982
878  999
879  891
879  917
879  931
879  950
879  981
879  985
879  987
880  916
880  917
880  926
880  957
880  958
880  978
880  985
881  887
881  888
881  983
881  996
882  888
882  902
882  911
882  919
882  940
882  960
882  962
882  975
882  986
883  913
883  963
883  987
884  898
884  904
884  912
884  931
884  945
884  954
884  976
885  928
885  939
885  964
885  975
885  983
885  989
885  990
885  999
886  916
886  966
886  972
886  979
886  985
886  992
886  996
887  910
887  923
887  947
887  952
887  957
887  964
887  969
888  944
888  957
888  982
888  983
888  984
888  986
888  996
889  942
889  962
889  974
889  975
889  976
889  996
890  903
890  920
890  933
890  962
890  968
890  975
890  981
891  931
891  989
891  992
892  913
892  926
892  936
892  938
892  939
892  982
892  987
892  988
892  993
893  911
893  927
893  931
893  936
893  961
893  980
893  995
893  999
894  896
894  919
894  920
894  935
894  940
894  941
894  953
894  998
894  999
895  896
895  906
895  916
895  961
895  979
895  981
895  988
895  995
895  1000
896  902
896  916
896  952
896  966
896  981
896  996
896  999
897  901
897  920
897  935
897  939
897  944
898  910
898  927
898  939
898  955
898  968
899  916
899  941
899  953
899  961
899  964
899  968
899  977
899  997
900  909
900  911
900  928
900  960
900  961
900  965
900  992
901  942
901  947
901  962
901  975
901  987
901  989
901  1000
902  915
902  920
902  921
902  968
902  988
903  929
903  942
903  972
903  981
903  990
903  994
903  1000
904  913
904  927
904  928
904  932
904  945
904  966
904  970
904  973
904  977
904  996
904  997
904  999
905  927
905  934
905  941
905  949
905  987
905  992
905  993
905  996
906  908
906  951
906  979
906  981
906  982
906  984
906  994
906  999
907  942
907  959
907  962
907  975
907  997
907  1000
908  926
908  968
908  986
908  987
908  994
908  996
909  972
909  978
909  987
909  990
910  932
910  934
910  939
910  969
910  987
910  988
910  999
910  1000
911  942
911  957
911  984
911  999
912  956
912  957
912  964
912  967
912  971
912  976
912  982
913  923
913  954
913  973
913  988
913  995
914  955
914  960
914  987
915  941
915  955
915  958
915  959
915  974
915  981
915  997
916  917
916  937
916  950
916  959
916  985
917  925
917  926
917  929
917  945
917  947
917  954
917  962
917  963
917  969
917  978
917  992
918  943
918  955
918  974
918  999
919  930
919  955
919  962
919  963
919  977
919  989
919  993
919  996
919  1000
920  941
920  956
920  969
920  971
920  974
921  927
921  945
921  949
921  970
921  981
921  985
921  995
922  933
922  955
922  956
922  969
922  973
922  974
922  978
922  998
923  973
923  989
923  992
924  935
924  939
924  947
924  948
924  988
924  989
924  994
925  930
925  948
925  978
925  985
925  996
926  978
926  998
926  1000
927  932
927  935
927  944
927  991
927  993
928  929
928  942
928  955
928  967
928  972
928  976
928  984
928  992
929  956
929  959
929  980
929  991
929  992
929  994
930  946
930  967
930  976
930  978
930  985
931  958
931  991
932  937
932  940
932  943
932  960
932  994
932  999
933  954
933  971
933  979
933  981
933  993
933  998
934  939
934  946
934  967
934  998
935  952
935  958
935  984
936  957
936  963
936  966
936  977
936  978
936  986
936  994
936  995
937  942
937  943
937  981
937  985
937  987
937  991
937  994
937  995
938  939
938  940
938  942
938  980
938  987
938  992
938  994
938  999
939  942
939  963
939  968
939  980
939  987
939  996
940  945
940  949
940  954
940  979
940  980
940  987
940  992
940  996
941  953
941  968
942  945
942  948
942  953
942  960
942  966
942  972
942  976
942  987
942  990
942  991
943  964
943  970
943  972
943  986
943  991
944  946
944  949
944  954
944  958
944  959
944  962
944  967
944  975
944  978
944  984
944  986
944  988
944  994
944  997
945  948
945  966
945  990
946  968
946  993
947  966
947  969
947  971
947  986
947  988
947  1000
948  952
948  954
948  985
948  991
948  994
948  999
949  957
949  961
949  972
949  983
949  986
949  990
949  996
950  954
950  964
950  969
950  975
951  967
951  971
951  973
951  979
951  984
951  990
952  959
952  973
952  999
952  1000
953  961
953  964
953  968
953  970
953  979
953  984
953  992
954  965
954  995
954  997
955  967
955  984
955  992
955  998
956  961
956  965
956  978
956  981
956  992
956  998
957  976
957  983
957  989
957  998
957  999
957  1000
958  961
958  977
958  986
958  989
958  991
959  980
959  995
959  999
960  972
960  976
960  989
960  990
960  996
960  997
961  979
961  988
961  989
961  992
961  999
962  963
962  980
962  999
963  970
963  978
963  990
963  996
963  1000
964  967
964  971
964  973
964  976
964  984
964  986
964  992
965  973
965  977
965  984
965  989
965  991
965  997
965  998
966  971
966  987
966  990
966  991
966  992
966  994
966  999
967  981
967  985
967  987
967  991
968  974
968  975
968  979
968  990
969  987
969  988
969  992
969  998
969  999
969  1000
970  993
970  994
970  1000
971  974
971  976
971  990
971  993
971  995
971  996
972  974
972  983
972  986
972  990
972  994
972  995
972  996
973  981
973  985
974  980
974  994
974  995
975  984
975  990
975  991
975  993
975  995
975  997
975  998
975  1000
976  985
976  993
977  983
977  988
977  990
977  991
977  997
978  982
978  988
978  990
979  992
979  993
979  997
980  989
980  994
980  999
981  991
981  998
982  984
982  985
982  990
983  987
983  989
983  996
983  997
983  999
984  986
984  988
984  997
984  998
985  998
986  990
986  992
986  995
986  996
986  997
986  999
986  1000
987  989
987  995
987  996
988  993
988  1000
990  994
990  995
990  996
991  994
992  998
993  995
993  996
993  999
993  1000
994  995
995  996
996  997
996  998
997  999
998  1000
