1  150
1  212
1  384
1  611
1  696
1  734
1  839
1  905
1  936
2  243
2  272
2  352
2  534
2  673
2  743
2  754
2  826
2  903
3  186
3  188
3  697
3  712
3  834
3  850
3  891
3  918
3  939
4  136
4  206
4  476
4  694
4  700
4  874
4  877
4  968
4  983
5  188
5  418
5  422
5  500
5  613
5  875
5  891
5  939
5  986
6  680
6  721
6  744
6  780
6  791
6  857
6  912
6  964
6  967
7  74
7  489
7  580
7  955
7  968
7  995
7  996
7  997
7  1000
8  110
8  291
8  430
8  633
8  810
8  905
8  909
8  936
8  966
9  130
9  590
9  702
9  738
9  873
9  899
9  925
9  931
9  937
10  248
10  298
10  300
10  323
10  594
10  844
10  941
10  964
10  988
11  289
11  409
11  625
11  778
11  879
11  890
11  913
11  961
11  989
12  397
12  494
12  840
12  952
12  970
12  972
12  974
12  990
12  997
13  183
13  314
13  347
13  705
13  923
13  928
13  958
13  986
13  998
14  60
14  145
14  780
14  927
14  929
14  961
14  976
14  986
14  988
15  16
15  52
15  295
15  627
15  860
15  995
15  996
15  997
15  1000
16  71
16  422
16  492
16  629
16  821
16  977
16  987
16  994
17  75
17  144
17  249
17  334
17  658
17  802
17  963
17  983
17  993
18  159
18  228
18  290
18  425
18  490
18  507
18  787
18  879
18  956
19  130
19  150
19  220
19  258
19  771
19  816
19  937
19  964
19  968
20  68
20  458
20  561
20  566
20  686
20  865
20  876
20  977
20  994
21  26
21  51
21  417
21  484
21  922
21  924
21  983
21  989
21  993
22  204
22  894
22  943
22  962
22  990
22  995
22  996
22  997
22  1000
23  66
23  285
23  594
23  730
23  751
23  860
23  949
23  989
23  993
24  262
24  596
24  664
24  805
24  818
24  892
24  982
24  998
24  999
25  105
25  460
25  554
25  576
25  617
25  834
25  891
25  933
25  939
26  421
26  605
26  615
26  716
26  731
26  815
26  914
26  981
27  411
27  430
27  552
27  748
27  832
27  890
27  897
27  957
27  981
28  259
28  352
28  434
28  646
28  754
28  826
28  883
28  903
28  955
29  222
29  308
29  388
29  400
29  516
29  622
29  760
29  807
29  851
30  88
30  261
30  453
30  561
30  564
30  599
30  833
30  917
30  980
31  73
31  170
31  449
31  460
31  707
31  814
31  834
31  906
31  951
32  115
32  221
32  370
32  399
32  615
32  905
32  961
32  983
32  993
33  642
33  861
33  910
33  926
33  971
33  978
33  979
33  984
33  985
34  116
34  344
34  585
34  676
34  805
34  897
34  919
34  934
34  947
35  238
35  259
35  309
35  646
35  673
35  737
35  799
35  903
35  940
36  173
36  262
36  626
36  766
36  832
36  891
36  901
36  939
36  951
37  57
37  120
37  596
37  613
37  759
37  783
37  815
37  820
37  859
38  101
38  185
38  231
38  472
38  640
38  661
38  682
38  855
38  947
39  159
39  447
39  581
39  770
39  776
39  838
39  858
39  966
39  994
40  639
40  668
40  670
40  692
40  794
40  832
40  878
40  893
40  973
41  305
41  729
41  933
41  940
41  945
41  978
41  979
41  984
41  985
42  215
42  235
42  277
42  419
42  719
42  756
42  787
42  862
42  905
43  282
43  360
43  590
43  767
43  788
43  873
43  925
43  931
43  958
44  331
44  470
44  472
44  491
44  565
44  613
44  759
44  768
44  859
45  133
45  162
45  596
45  597
45  683
45  690
45  918
45  998
45  999
46  81
46  450
46  520
46  572
46  652
46  876
46  977
46  990
46  994
47  132
47  195
47  263
47  310
47  346
47  812
47  908
47  950
47  962
48  68
48  471
48  693
48  747
48  772
48  837
48  887
48  902
48  930
49  450
49  576
49  849
49  948
49  969
49  991
49  996
49  997
49  1000
50  277
50  477
50  894
50  944
50  991
50  995
50  996
50  997
50  1000
51  66
51  223
51  230
51  392
51  879
51  910
51  937
51  989
52  201
52  555
52  640
52  801
52  822
52  840
52  972
52  992
53  243
53  250
53  444
53  448
53  481
53  719
53  838
53  839
53  909
54  138
54  283
54  391
54  554
54  730
54  764
54  812
54  836
54  962
55  243
55  383
55  532
55  716
55  741
55  827
55  890
55  957
55  981
56  110
56  461
56  490
56  551
56  719
56  734
56  787
56  838
56  909
57  120
57  125
57  279
57  565
57  568
57  727
57  925
57  993
58  66
58  158
58  391
58  523
58  555
58  831
58  902
58  962
58  984
59  257
59  268
59  464
59  659
59  732
59  821
59  946
59  949
59  977
60  294
60  557
60  741
60  875
60  927
60  967
60  970
60  988
61  648
61  650
61  679
61  925
61  952
61  970
61  990
61  992
61  997
62  192
62  332
62  386
62  562
62  599
62  879
62  983
62  993
62  997
63  304
63  371
63  474
63  493
63  499
63  739
63  779
63  850
63  976
64  182
64  483
64  545
64  667
64  692
64  844
64  929
64  953
64  964
65  415
65  803
65  812
65  831
65  853
65  874
65  902
65  916
65  955
66  103
66  165
66  715
66  804
66  908
66  949
67  69
67  438
67  482
67  678
67  729
67  873
67  931
67  937
67  943
68  311
68  354
68  747
68  830
68  887
68  896
68  930
69  205
69  729
69  767
69  835
69  899
69  914
69  931
69  937
70  268
70  326
70  515
70  612
70  639
70  681
70  893
70  994
70  995
71  306
71  464
71  534
71  596
71  792
71  941
71  977
71  994
72  277
72  337
72  512
72  660
72  780
72  829
72  872
72  914
72  981
73  393
73  619
73  760
73  836
73  866
73  917
73  980
73  996
74  95
74  429
74  912
74  921
74  969
74  991
74  996
74  1000
75  192
75  572
75  664
75  923
75  961
75  963
75  989
75  993
76  204
76  455
76  458
76  561
76  709
76  942
76  946
76  968
76  994
77  114
77  140
77  960
77  965
77  987
77  991
77  995
77  997
77  1000
78  416
78  440
78  695
78  781
78  814
78  875
78  918
78  939
78  945
79  394
79  566
79  576
79  632
79  709
79  777
79  864
79  892
79  999
80  228
80  243
80  352
80  548
80  646
80  672
80  799
80  837
80  903
81  92
81  579
81  761
81  765
81  804
81  869
81  895
81  904
82  177
82  256
82  604
82  726
82  911
82  971
82  979
82  984
82  985
83  514
83  599
83  635
83  894
83  943
83  991
83  995
83  996
83  1000
84  436
84  515
84  521
84  538
84  624
84  692
84  807
84  848
84  973
85  507
85  719
85  726
85  752
85  770
85  810
85  838
85  864
85  905
86  108
86  154
86  320
86  473
86  521
86  579
86  804
86  869
86  904
87  121
87  533
87  543
87  641
87  921
87  944
87  995
87  996
87  1000
88  148
88  677
88  757
88  828
88  836
88  920
88  980
88  986
89  373
89  795
89  828
89  944
89  948
89  955
89  996
89  997
89  1000
90  500
90  554
90  637
90  768
90  814
90  939
90  945
90  951
90  986
91  160
91  257
91  278
91  520
91  722
91  825
91  946
91  952
91  994
92  416
92  506
92  652
92  736
92  765
92  869
92  895
92  904
93  102
93  283
93  485
93  594
93  751
93  758
93  772
93  928
93  931
94  579
94  609
94  630
94  736
94  804
94  875
94  895
94  904
94  999
95  218
95  476
95  506
95  630
95  765
95  809
95  895
95  904
96  234
96  342
96  384
96  481
96  560
96  862
96  909
96  936
96  956
97  249
97  465
97  608
97  737
97  927
97  995
97  996
97  997
97  1000
98  194
98  479
98  725
98  733
98  745
98  920
98  970
98  972
98  992
99  432
99  570
99  880
99  952
99  954
99  965
99  970
99  990
99  992
100  118
100  225
100  410
100  606
100  695
100  818
100  912
100  927
100  976
101  163
101  216
101  546
101  586
101  682
101  807
101  851
101  987
102  147
102  187
102  388
102  764
102  819
102  831
102  867
102  916
103  126
103  391
103  473
103  537
103  581
103  764
103  916
103  962
104  142
104  230
104  399
104  913
104  929
104  961
104  976
104  989
104  993
105  265
105  439
105  554
105  654
105  662
105  781
105  901
105  918
106  183
106  210
106  381
106  574
106  725
106  822
106  858
106  982
106  998
107  455
107  475
107  743
107  865
107  898
107  944
107  960
107  997
107  1000
108  126
108  154
108  218
108  435
108  736
108  869
108  904
108  987
109  168
109  298
109  428
109  486
109  865
109  874
109  884
109  935
109  968
110  304
110  490
110  609
110  611
110  815
110  862
110  905
111  583
111  616
111  675
111  793
111  861
111  933
111  971
111  984
111  985
112  307
112  358
112  654
112  659
112  712
112  814
112  875
112  918
112  986
113  189
113  637
113  680
113  698
113  779
113  844
113  941
113  967
113  988
114  177
114  577
114  960
114  991
114  995
114  996
114  997
114  1000
115  209
115  256
115  445
115  910
115  963
115  983
115  989
115  993
116  444
116  499
116  611
116  726
116  862
116  905
116  963
116  966
117  292
117  508
117  695
117  744
117  854
117  855
117  941
117  953
117  988
118  363
118  372
118  463
118  692
118  774
118  844
118  920
118  967
119  212
119  445
119  813
119  907
119  910
119  913
119  922
119  983
119  993
120  279
120  539
120  591
120  689
120  738
120  926
120  999
121  390
121  433
121  636
121  734
121  894
121  995
121  996
121  997
122  171
122  492
122  506
122  790
122  818
122  982
122  986
122  998
122  999
123  299
123  421
123  530
123  593
123  638
123  710
123  741
123  857
123  981
124  174
124  224
124  410
124  772
124  812
124  878
124  902
124  950
124  960
125  227
125  544
125  640
125  650
125  763
125  975
125  990
125  992
126  165
126  463
126  494
126  751
126  764
126  853
126  950
127  180
127  528
127  631
127  745
127  823
127  880
127  952
127  990
127  992
128  350
128  671
128  691
128  827
128  930
128  932
128  986
128  998
128  999
129  231
129  413
129  473
129  522
129  546
129  760
129  824
129  851
129  855
130  168
130  340
130  874
130  884
130  900
130  935
130  993
131  545
131  641
131  654
131  813
131  923
131  924
131  954
131  983
131  993
132  285
132  339
132  376
132  410
132  853
132  863
132  916
132  949
133  194
133  508
133  531
133  927
133  929
133  967
133  976
133  988
134  217
134  448
134  564
134  610
134  653
134  655
134  828
134  886
134  980
135  278
135  288
135  497
135  685
135  773
135  876
135  941
135  974
135  994
136  567
136  771
136  816
136  874
136  910
136  915
136  935
136  968
137  393
137  514
137  564
137  690
137  836
137  863
137  920
137  966
137  980
138  147
138  187
138  224
138  348
138  389
138  734
138  823
138  902
139  379
139  511
139  578
139  582
139  713
139  861
139  870
139  984
139  993
140  651
140  770
140  782
140  955
140  991
140  995
140  997
140  1000
141  491
141  539
141  565
141  610
141  727
141  738
141  806
141  859
141  958
142  356
142  404
142  417
142  606
142  666
142  780
142  998
142  999
143  300
143  447
143  531
143  813
143  882
143  912
143  967
143  976
143  988
144  274
144  299
144  757
144  863
144  906
144  917
144  920
144  980
145  543
145  588
145  820
145  929
145  995
145  996
145  997
145  1000
146  220
146  486
146  700
146  771
146  778
146  915
146  935
146  936
146  968
147  253
147  485
147  511
147  736
147  860
147  902
147  916
148  167
148  697
148  770
148  871
148  970
148  972
148  990
148  992
149  442
149  471
149  483
149  542
149  584
149  640
149  837
149  912
149  930
150  521
150  718
150  798
150  816
150  900
150  935
150  968
151  368
151  485
151  679
151  880
151  918
151  954
151  970
151  990
151  992
152  195
152  233
152  733
152  740
152  896
152  911
152  954
152  972
152  992
153  217
153  633
153  752
153  796
153  921
153  995
153  996
153  997
153  1000
154  387
154  528
154  736
154  804
154  895
154  904
154  918
155  225
155  489
155  720
155  921
155  995
155  996
155  997
155  999
155  1000
156  282
156  320
156  338
156  438
156  635
156  743
156  977
156  994
156  996
157  238
157  347
157  381
157  606
157  982
157  986
157  998
157  999
157  1000
158  224
158  257
158  387
158  751
158  812
158  853
158  950
158  962
159  611
159  646
159  750
159  810
159  909
159  956
159  995
160  247
160  406
160  492
160  689
160  709
160  865
160  905
160  994
161  422
161  449
161  467
161  589
161  620
161  697
161  823
161  868
161  891
162  533
162  885
162  932
162  979
162  986
162  991
162  998
162  999
163  409
163  526
163  548
163  625
163  915
163  983
163  989
163  993
164  169
164  319
164  658
164  802
164  864
164  913
164  923
164  989
164  993
165  210
165  803
165  908
165  949
165  950
165  962
165  977
166  636
166  905
166  943
166  955
166  960
166  975
166  995
166  996
166  1000
167  195
167  231
167  840
167  843
167  849
167  907
167  972
167  990
168  387
168  407
168  682
168  798
168  915
168  935
168  968
169  459
169  532
169  660
169  748
169  750
169  815
169  914
169  981
170  374
170  680
170  755
170  861
170  959
170  979
170  984
170  985
171  202
171  294
171  381
171  701
171  781
171  928
171  998
171  999
172  281
172  322
172  327
172  403
172  670
172  878
172  973
172  998
172  999
173  605
173  660
173  750
173  758
173  857
173  890
173  979
173  981
174  187
174  234
174  446
174  764
174  853
174  914
174  949
174  977
175  282
175  621
175  644
175  767
175  806
175  925
175  937
175  950
175  989
176  393
176  650
176  701
176  840
176  885
176  928
176  965
176  982
176  999
177  372
177  784
177  916
177  933
177  959
177  978
177  985
178  306
178  552
178  723
178  779
178  897
178  919
178  934
178  947
178  997
179  761
179  818
179  841
179  922
179  947
179  991
179  995
179  997
179  1000
180  347
180  357
180  404
180  710
180  800
180  903
180  982
180  999
181  344
181  457
181  651
181  714
181  748
181  775
181  885
181  998
181  999
182  550
182  607
182  614
182  656
182  775
182  912
182  967
182  988
183  350
183  663
183  749
183  800
183  937
183  998
183  999
184  254
184  371
184  474
184  715
184  723
184  749
184  831
184  934
184  988
185  413
185  581
185  760
185  807
185  854
185  855
185  967
185  979
186  596
186  666
186  790
186  882
186  965
186  982
186  998
186  999
187  223
187  391
187  408
187  949
187  962
187  974
188  207
188  659
188  870
188  901
188  906
188  945
188  987
189  383
189  463
189  667
189  698
189  770
189  780
189  927
189  976
190  250
190  384
190  592
190  695
190  776
190  867
190  905
190  909
190  936
191  233
191  519
191  712
191  834
191  901
191  906
191  945
191  980
191  987
192  270
192  289
192  724
192  872
192  983
192  989
192  993
193  255
193  496
193  568
193  610
193  783
193  792
193  831
193  859
193  994
194  880
194  910
194  970
194  972
194  975
194  990
194  992
195  745
195  840
195  970
195  988
195  990
195  992
196  307
196  364
196  559
196  830
196  943
196  969
196  995
196  996
196  1000
197  628
197  700
197  718
197  877
197  884
197  900
197  915
197  943
197  968
198  320
198  397
198  457
198  479
198  640
198  669
198  975
198  990
198  992
199  353
199  374
199  642
199  801
199  890
199  971
199  979
199  984
199  985
200  248
200  300
200  414
200  550
200  558
200  707
200  791
200  807
200  988
201  236
201  408
201  582
201  733
201  801
201  907
201  990
201  992
202  666
202  723
202  864
202  892
202  932
202  945
202  998
202  999
203  217
203  390
203  468
203  784
203  827
203  959
203  971
203  984
203  985
204  883
204  944
204  957
204  969
204  991
204  995
204  997
205  292
205  680
205  753
205  927
205  929
205  964
205  976
205  988
206  340
206  540
206  598
206  877
206  884
206  887
206  900
206  962
207  215
207  290
207  581
207  696
207  770
207  804
207  909
207  956
207  966
208  219
208  332
208  448
208  572
208  621
208  806
208  820
208  873
208  925
208  937
209  305
209  574
209  676
209  684
209  690
209  881
209  986
209  998
209  999
210  530
210  535
210  632
210  704
210  753
210  888
210  889
210  926
211  217
211  244
211  366
211  538
211  828
211  833
211  863
211  917
211  971
211  980
212  406
212  743
212  769
212  942
212  974
212  975
212  987
212  994
213  237
213  407
213  877
213  884
213  915
213  935
213  954
213  968
213  985
213  991
214  233
214  529
214  735
214  743
214  910
214  948
214  959
214  977
214  987
214  994
215  609
215  611
215  676
215  719
215  810
215  862
215  957
215  977
216  427
216  437
216  638
216  731
216  741
216  809
216  928
216  957
216  981
217  223
217  280
217  708
217  863
217  866
217  980
218  422
218  473
218  765
218  804
218  869
218  895
218  904
218  936
219  650
219  731
219  788
219  822
219  843
219  954
219  972
219  975
219  992
220  472
220  476
220  694
220  816
220  874
220  900
220  915
220  968
221  454
221  553
221  651
221  684
221  689
221  864
221  948
221  998
221  999
222  239
222  437
222  516
222  586
222  615
222  661
222  851
222  854
222  855
223  653
223  655
223  662
223  757
223  762
223  920
223  980
224  391
224  677
224  908
224  949
224  950
224  962
224  991
225  294
225  643
225  964
225  967
225  973
225  976
225  988
225  993
226  364
226  484
226  495
226  548
226  813
226  834
226  872
226  879
226  989
226  993
227  301
227  497
227  573
227  646
227  673
227  799
227  826
227  903
227  931
228  301
228  434
228  672
228  799
228  826
228  903
228  942
228  978
229  328
229  430
229  466
229  547
229  595
229  605
229  660
229  811
229  829
229  914
230  755
230  791
230  879
230  909
230  922
230  983
230  989
230  993
231  472
231  682
231  760
231  807
231  854
231  855
231  1000
232  626
232  654
232  672
232  697
232  766
232  814
232  859
232  875
232  951
232  976
233  534
233  571
233  604
233  635
233  691
233  946
233  994
234  555
234  746
234  758
234  797
234  803
234  853
234  867
234  916
235  289
235  327
235  362
235  668
235  706
235  848
235  878
235  893
235  973
236  483
236  542
236  584
236  637
236  837
236  887
236  896
236  930
236  989
237  718
237  874
237  877
237  900
237  915
237  918
237  921
237  929
237  935
238  258
238  434
238  573
238  583
238  672
238  673
238  754
238  903
239  353
239  603
239  604
239  685
239  797
239  865
239  942
239  987
239  994
240  250
240  491
240  592
240  696
240  719
240  824
240  909
240  936
240  956
240  966
241  308
241  413
241  586
241  661
241  682
241  823
241  824
241  851
241  855
241  961
242  291
242  559
242  767
242  796
242  894
242  898
242  995
242  996
242  997
242  1000
243  573
243  673
243  754
243  799
243  851
243  903
244  300
244  541
244  550
244  778
244  873
244  882
244  964
244  976
244  988
245  475
245  531
245  859
245  929
245  941
245  953
245  964
245  967
245  976
245  988
246  391
246  678
246  823
246  880
246  892
246  907
246  954
246  975
246  990
246  992
247  308
247  465
247  529
247  561
247  616
247  741
247  821
247  946
247  974
248  463
248  508
248  707
248  791
248  882
248  919
248  929
248  953
249  392
249  503
249  524
249  647
249  658
249  866
249  924
249  993
250  444
250  578
250  674
250  770
250  776
250  862
250  936
251  289
251  382
251  392
251  548
251  844
251  898
251  931
251  983
251  989
251  993
252  414
252  759
252  782
252  943
252  955
252  991
252  995
252  996
252  997
252  1000
253  346
253  555
253  764
253  902
253  916
253  950
253  954
253  962
253  990
254  278
254  488
254  499
254  852
254  897
254  919
254  934
254  947
254  975
255  570
255  584
255  591
255  613
255  689
255  727
255  738
255  783
255  859
256  328
256  436
256  618
256  675
256  911
256  978
256  984
256  985
257  412
257  529
257  674
257  732
257  945
257  946
257  987
258  416
258  816
258  828
258  877
258  884
258  915
258  956
258  968
259  412
259  434
259  573
259  646
259  805
259  826
259  903
259  986
260  414
260  729
260  921
260  969
260  977
260  991
260  995
260  996
260  997
260  1000
261  330
261  599
261  662
261  704
261  708
261  742
261  886
261  917
261  980
262  360
262  375
262  600
262  836
262  870
262  875
262  906
262  951
263  267
263  309
263  321
263  411
263  415
263  537
263  538
263  803
263  962
264  356
264  433
264  520
264  574
264  690
264  714
264  749
264  790
264  992
264  999
265  466
265  489
265  588
265  642
265  687
265  911
265  959
265  978
265  979
266  283
266  485
266  537
266  758
266  772
266  902
266  949
266  950
266  993
266  998
267  309
267  346
267  403
267  446
267  720
267  831
267  853
267  950
267  965
268  303
268  316
268  362
268  522
268  575
268  681
268  817
268  973
269  285
269  701
269  866
269  881
269  938
269  958
269  982
269  986
269  998
269  999
270  480
270  595
270  645
270  748
270  750
270  756
270  811
270  832
270  981
271  419
271  470
271  491
271  539
271  565
271  613
271  689
271  759
271  859
271  970
272  279
272  470
272  496
272  539
272  591
272  738
272  759
272  859
272  940
273  376
273  544
273  717
273  820
273  926
273  995
273  996
273  997
273  998
273  1000
274  440
274  742
274  757
274  858
274  866
274  871
274  920
274  980
274  992
275  322
275  603
275  623
275  884
275  942
275  946
275  959
275  974
275  987
275  994
276  292
276  363
276  619
276  626
276  774
276  819
276  953
276  967
276  976
276  986
277  337
277  532
277  750
277  829
277  890
277  957
277  981
278  401
278  604
278  799
278  948
278  974
278  987
278  994
279  406
279  496
279  568
279  738
279  759
279  783
279  797
280  291
280  501
280  693
280  747
280  837
280  887
280  922
280  930
280  943
281  312
281  403
281  436
281  583
281  692
281  846
281  898
281  973
281  999
282  293
282  678
282  835
282  873
282  899
282  925
282  931
283  309
283  509
283  578
283  594
283  619
283  867
283  908
284  359
284  478
284  686
284  760
284  776
284  810
284  839
284  956
284  966
284  996
285  309
285  353
285  389
285  408
285  461
285  730
285  797
286  292
286  373
286  433
286  454
286  571
286  795
286  841
286  996
286  997
286  1000
287  505
287  607
287  715
287  765
287  826
287  897
287  919
287  934
287  947
287  1000
288  569
288  670
288  802
288  821
288  876
288  974
288  977
288  987
288  994
289  318
289  526
289  545
289  837
289  989
289  993
290  425
290  592
290  610
290  734
290  774
290  776
290  839
290  966
291  388
291  483
291  587
291  693
291  699
291  896
291  930
292  669
292  720
292  831
292  927
292  963
292  988
293  771
293  790
293  827
293  865
293  932
293  982
293  986
293  998
293  999
294  570
294  680
294  774
294  819
294  927
294  929
294  953
295  545
295  792
295  894
295  936
295  960
295  969
295  996
295  997
295  1000
296  360
296  427
296  482
296  553
296  590
296  702
296  835
296  899
296  925
296  931
297  313
297  386
297  578
297  664
297  793
297  933
297  959
297  971
297  979
297  991
298  541
298  558
298  592
298  680
298  941
298  964
298  967
298  988
299  421
299  427
299  595
299  638
299  857
299  920
299  957
299  981
300  463
300  853
300  929
300  967
300  978
300  988
301  352
301  613
301  646
301  672
301  799
301  826
301  903
301  993
302  425
302  547
302  685
302  691
302  821
302  842
302  876
302  948
302  970
302  994
303  530
303  631
303  632
303  724
303  746
303  753
303  762
303  889
303  964
304  523
304  527
304  549
304  552
304  897
304  919
304  934
304  947
305  417
305  584
305  675
305  793
305  930
305  971
305  978
305  985
306  497
306  561
306  659
306  722
306  773
306  948
306  974
306  994
307  319
307  872
307  923
307  924
307  961
307  963
307  989
307  993
308  465
308  622
308  807
308  808
308  851
308  854
308  855
309  564
309  764
309  949
309  950
309  997
310  567
310  580
310  861
310  885
310  911
310  940
310  979
310  985
310  992
311  458
311  587
311  603
311  821
311  893
311  976
311  977
311  987
311  994
312  521
312  608
312  639
312  670
312  692
312  763
312  893
312  945
312  973
313  379
313  560
313  718
313  938
313  959
313  971
313  978
313  979
313  985
314  725
314  775
314  827
314  864
314  955
314  971
314  986
314  998
314  999
315  529
315  534
315  562
315  652
315  705
315  711
315  769
315  794
315  946
315  994
316  454
316  502
316  515
316  639
316  670
316  817
316  893
316  973
316  983
317  458
317  547
317  569
317  691
317  709
317  767
317  842
317  949
317  987
317  994
318  375
318  524
318  625
318  813
318  923
318  963
318  977
318  989
318  993
319  400
319  435
319  592
319  778
319  932
319  963
319  993
319  998
320  504
320  840
320  843
320  970
320  975
320  990
320  992
321  473
321  570
321  823
321  907
321  952
321  970
321  975
321  990
321  992
322  515
322  566
322  709
322  722
322  781
322  842
322  977
322  987
323  535
323  551
323  631
323  683
323  713
323  825
323  888
323  889
323  912
324  356
324  365
324  576
324  597
324  671
324  690
324  858
324  965
324  982
324  999
325  381
325  399
325  459
325  514
325  564
325  662
325  828
325  833
325  880
325  980
326  424
326  436
326  462
326  639
326  670
326  706
326  817
326  893
326  973
327  575
327  670
327  692
327  706
327  846
327  871
327  907
327  989
328  411
328  427
328  660
328  731
328  745
328  811
328  857
328  981
329  470
329  645
329  794
329  800
329  833
329  836
329  863
329  917
329  920
329  980
330  551
330  704
330  752
330  825
330  826
330  888
330  889
330  926
330  962
331  407
331  416
331  476
331  486
331  798
331  876
331  877
331  900
331  968
332  382
332  423
332  435
332  758
332  923
332  961
332  983
332  993
333  370
333  462
333  526
333  813
333  910
333  913
333  961
333  984
333  989
333  996
334  820
334  843
334  894
334  898
334  921
334  991
334  995
334  997
334  1000
335  399
335  524
335  526
335  545
335  923
335  924
335  983
335  989
335  993
335  997
336  353
336  367
336  567
336  578
336  793
336  911
336  979
336  981
336  984
336  985
337  645
337  682
337  716
337  761
337  811
337  829
337  866
337  914
337  981
338  343
338  492
338  623
338  722
338  821
338  845
338  865
338  942
338  987
338  994
339  415
339  418
339  420
339  608
339  758
339  812
339  860
339  867
339  902
339  962
340  486
340  540
340  600
340  639
340  669
340  718
340  816
340  884
340  968
341  376
341  377
341  687
341  688
341  763
341  883
341  969
341  991
341  996
341  997
341  1000
342  419
342  444
342  445
342  620
342  726
342  787
342  810
342  831
342  838
342  966
343  426
343  465
343  467
343  737
343  761
343  943
343  991
343  996
343  997
343  1000
344  390
344  552
344  715
344  739
344  779
344  852
344  919
344  934
344  996
345  505
345  533
345  553
345  642
345  791
345  892
345  932
345  958
345  986
345  998
345  999
346  371
346  691
346  751
346  764
346  797
346  867
346  915
346  949
347  457
347  523
347  673
347  923
347  938
347  986
347  990
347  998
348  443
348  625
348  686
348  719
348  838
348  839
348  905
348  909
348  936
348  966
349  418
349  422
349  467
349  538
349  707
349  766
349  824
349  887
349  901
349  918
349  994
350  482
350  503
350  725
350  782
350  938
350  965
350  986
350  998
350  999
351  490
351  508
351  720
351  744
351  791
351  882
351  906
351  912
351  930
351  941
351  976
352  535
352  754
352  799
352  826
352  898
352  903
352  996
353  755
353  940
353  978
353  979
353  984
353  985
353  988
354  542
354  584
354  616
354  643
354  693
354  830
354  837
354  887
354  896
354  930
355  841
355  847
355  878
355  890
355  921
355  944
355  991
355  995
355  996
355  999
355  1000
356  366
356  671
356  777
356  958
356  961
356  994
356  998
356  999
357  665
357  671
357  676
357  710
357  787
357  845
357  860
357  894
357  986
357  998
358  491
358  547
358  577
358  602
358  610
358  697
358  891
358  901
358  939
358  951
359  882
359  912
359  924
359  925
359  927
359  929
359  941
359  953
359  964
359  988
360  572
360  621
360  644
360  678
360  870
360  898
360  899
360  937
361  493
361  527
361  634
361  688
361  765
361  772
361  778
361  852
361  919
361  934
361  947
362  403
362  521
362  670
362  682
362  683
362  848
362  878
362  973
362  997
363  541
363  589
363  695
363  793
363  927
363  941
363  966
363  976
363  988
364  572
364  717
364  795
364  897
364  969
364  991
364  996
364  997
364  1000
365  382
365  625
365  703
365  879
365  894
365  922
365  953
365  983
365  989
365  993
366  655
366  674
366  708
366  742
366  828
366  836
366  863
366  868
366  980
367  414
367  463
367  549
367  744
367  757
367  941
367  953
367  964
367  976
367  988
368  648
368  665
368  733
368  759
368  785
368  964
368  970
368  972
368  990
368  992
369  420
369  530
369  551
369  632
369  703
369  704
369  752
369  753
369  825
369  865
369  888
370  658
370  778
370  836
370  878
370  924
370  958
370  963
370  983
370  989
371  505
371  634
371  723
371  739
371  805
371  835
371  934
371  947
372  508
372  614
372  665
372  744
372  844
372  882
372  927
372  964
372  997
373  603
373  809
373  944
373  955
373  965
373  995
373  996
373  997
373  1000
374  451
374  585
374  805
374  817
374  940
374  971
374  979
374  984
374  985
375  460
375  500
375  538
375  620
375  768
375  783
375  907
375  918
375  945
376  535
376  796
376  823
376  944
376  991
376  996
376  997
376  1000
377  449
377  847
377  888
377  969
377  973
377  991
377  995
377  996
377  997
377  1000
378  452
378  519
378  584
378  602
378  620
378  707
378  806
378  891
378  918
378  939
378  997
379  678
379  687
379  689
379  940
379  978
379  979
379  984
379  985
379  992
380  439
380  456
380  543
380  737
380  803
380  814
380  820
380  995
380  996
380  997
380  1000
381  533
381  576
381  714
381  897
381  932
381  958
381  999
382  443
382  484
382  625
382  768
382  922
382  963
382  989
382  1000
383  426
383  648
383  731
383  741
383  756
383  829
383  832
383  890
383  981
384  478
384  507
384  658
384  770
384  851
384  862
384  956
384  983
385  499
385  593
385  645
385  789
385  811
385  832
385  857
385  914
385  953
385  957
385  981
386  415
386  435
386  462
386  738
386  778
386  910
386  913
386  963
386  993
387  473
387  506
387  522
387  630
387  765
387  869
387  895
387  904
388  401
388  542
388  637
388  830
388  837
388  887
388  896
388  930
389  485
389  594
389  794
389  867
389  888
389  949
389  950
389  962
389  995
390  417
390  578
390  588
390  615
390  793
390  941
390  979
390  984
391  797
391  831
391  908
391  930
391  979
392  443
392  445
392  771
392  963
392  983
392  989
392  993
392  999
393  476
393  518
393  642
393  677
393  757
393  836
393  868
393  980
394  516
394  597
394  701
394  710
394  836
394  842
394  845
394  958
394  986
394  999
395  468
395  642
395  675
395  715
395  775
395  940
395  959
395  971
395  978
395  984
395  985
396  446
396  495
396  551
396  683
396  746
396  762
396  786
396  808
396  821
396  888
396  926
397  423
397  633
397  788
397  901
397  954
397  975
397  990
397  992
397  993
398  459
398  514
398  518
398  652
398  794
398  843
398  866
398  900
398  917
398  920
398  980
399  641
399  779
399  900
399  922
399  983
399  989
399  993
400  445
400  676
400  813
400  923
400  957
400  961
400  963
400  983
400  993
401  547
401  569
401  604
401  652
401  709
401  719
401  743
401  987
401  994
402  533
402  713
402  784
402  824
402  933
402  959
402  971
402  978
402  984
402  985
402  1000
403  681
403  706
403  817
403  893
403  972
403  973
403  979
404  712
404  786
404  818
404  879
404  980
404  982
404  986
404  998
404  999
405  495
405  509
405  535
405  582
405  683
405  746
405  752
405  825
405  876
405  926
405  982
406  450
406  513
406  711
406  722
406  842
406  910
406  974
406  994
407  697
407  771
407  790
407  816
407  900
407  935
407  955
407  968
408  683
408  700
408  772
408  812
408  853
408  860
408  916
408  949
409  740
409  745
409  785
409  925
409  954
409  972
409  975
409  990
409  992
410  446
410  485
410  803
410  860
410  950
410  962
410  975
410  984
411  638
411  716
411  750
411  811
411  815
411  829
411  890
411  920
412  449
412  452
412  460
412  500
412  538
412  906
412  918
412  939
412  983
413  477
413  546
413  586
413  622
413  813
413  851
413  855
413  985
414  508
414  720
414  750
414  780
414  967
414  976
414  988
415  496
415  555
415  649
415  758
415  853
415  867
415  962
416  598
416  771
416  798
416  884
416  915
416  960
416  968
417  578
417  669
417  675
417  911
417  978
417  979
417  984
418  538
418  579
418  626
418  814
418  870
418  945
418  951
418  973
419  481
419  507
419  592
419  694
419  719
419  770
419  956
419  972
420  447
420  670
420  743
420  817
420  846
420  848
420  878
420  893
420  973
421  585
421  660
421  716
421  792
421  809
421  923
421  957
421  981
422  444
422  467
422  600
422  766
422  918
422  951
423  486
423  544
423  559
423  679
423  952
423  954
423  975
423  990
423  992
424  523
424  574
424  684
424  787
424  958
424  965
424  982
424  986
424  998
424  999
425  481
425  507
425  776
425  839
425  900
425  936
425  947
425  966
426  512
426  532
426  741
426  809
426  832
426  838
426  857
426  863
426  981
427  563
427  750
427  756
427  832
427  889
427  981
427  985
428  540
428  725
428  800
428  816
428  877
428  884
428  900
428  935
428  968
428  999
429  465
429  597
429  650
429  820
429  850
429  972
429  991
429  996
429  997
429  1000
430  628
430  773
430  809
430  815
430  829
430  890
430  957
430  981
431  631
431  663
431  704
431  716
431  724
431  729
431  746
431  753
431  762
431  825
431  926
432  459
432  653
432  782
432  943
432  955
432  960
432  991
432  995
432  996
432  1000
433  468
433  734
433  921
433  944
433  991
433  996
433  997
433  1000
434  573
434  586
434  598
434  656
434  672
434  754
434  903
435  557
435  647
435  666
435  910
435  963
435  983
435  989
435  993
436  447
436  536
436  583
436  692
436  846
436  878
436  886
436  995
437  458
437  569
437  587
437  629
437  652
437  732
437  739
437  876
437  977
437  994
438  458
438  623
438  629
438  764
438  792
438  876
438  942
438  975
438  977
438  994
439  467
439  500
439  519
439  620
439  707
439  768
439  814
439  870
439  913
439  978
440  514
440  515
440  619
440  662
440  677
440  687
440  794
440  833
440  920
440  980
441  469
441  572
441  641
441  658
441  872
441  913
441  923
441  961
441  989
441  993
441  994
441  999
442  471
442  511
442  609
442  693
442  699
442  747
442  801
442  830
442  837
442  896
442  930
443  478
443  528
443  910
443  913
443  922
443  961
443  963
443  989
443  993
444  507
444  686
444  905
444  916
444  956
444  966
444  991
445  545
445  628
445  736
445  797
445  961
445  963
445  993
446  594
446  605
446  751
446  812
446  867
446  949
446  950
446  999
447  639
447  692
447  817
447  846
447  878
447  885
447  893
447  973
448  656
448  702
448  729
448  806
448  899
448  925
448  931
448  937
448  989
449  602
449  707
449  781
449  842
449  901
449  918
449  945
449  962
450  652
450  674
450  691
450  792
450  876
450  963
450  970
450  974
450  977
451  466
451  598
451  607
451  705
451  755
451  861
451  940
451  978
451  984
451  985
451  1000
452  577
452  620
452  659
452  763
452  768
452  891
452  914
452  918
452  939
452  998
453  506
453  522
453  579
453  716
453  736
453  765
453  804
453  843
453  869
453  895
453  904
454  580
454  749
454  786
454  827
454  858
454  932
454  965
454  986
454  998
455  627
455  761
455  841
455  928
455  935
455  943
455  969
455  995
455  997
455  1000
456  484
456  557
456  728
456  849
456  850
456  873
456  955
456  991
456  995
456  997
456  1000
457  467
457  711
457  714
457  749
457  786
457  858
457  982
457  998
457  999
458  711
458  744
458  940
458  974
458  994
458  995
459  599
459  828
459  833
459  868
459  886
459  917
459  952
459  980
460  467
460  600
460  768
460  875
460  939
460  954
460  995
460  996
461  506
461  775
461  777
461  790
461  864
461  938
461  958
461  986
461  998
461  999
462  745
462  910
462  923
462  924
462  950
462  961
462  963
462  989
462  993
463  669
463  753
463  811
463  953
463  964
463  976
464  547
464  658
464  691
464  730
464  731
464  732
464  769
464  974
464  977
464  987
465  601
465  841
465  849
465  988
465  991
465  997
465  1000
466  615
466  642
466  755
466  902
466  959
466  969
466  971
466  979
466  984
467  554
467  617
467  766
467  951
467  981
468  521
468  565
468  580
468  657
468  705
468  784
468  861
468  978
468  985
469  543
469  562
469  703
469  784
469  804
469  872
469  910
469  961
469  983
469  989
469  993
470  539
470  689
470  727
470  738
470  783
470  859
470  926
470  999
471  501
471  513
471  561
471  706
471  747
471  830
471  887
471  930
471  938
472  477
472  586
472  661
472  744
472  824
472  851
472  854
472  855
473  522
473  630
473  765
473  869
473  895
473  904
474  488
474  493
474  644
474  739
474  779
474  852
474  897
474  914
474  927
474  934
475  581
475  721
475  900
475  921
475  955
475  991
475  995
475  996
475  997
475  1000
476  714
476  877
476  884
476  900
476  915
476  935
476  968
477  622
477  661
477  731
477  760
477  791
477  807
477  824
477  854
477  855
478  481
478  502
478  696
478  731
478  732
478  770
478  838
478  956
478  966
479  494
479  595
479  630
479  822
479  880
479  907
479  920
479  972
479  990
479  992
480  495
480  717
480  721
480  722
480  782
480  943
480  969
480  995
480  996
480  997
480  1000
481  502
481  592
481  609
481  633
481  871
481  979
481  989
482  656
482  678
482  806
482  821
482  873
482  925
482  931
482  935
482  937
483  528
483  637
483  693
483  736
483  747
483  830
483  896
483  930
484  524
484  628
484  702
484  778
484  802
484  872
484  885
484  993
485  555
485  672
485  761
485  867
485  908
485  916
486  540
486  598
486  890
486  915
486  935
486  968
486  1000
487  699
487  775
487  800
487  858
487  928
487  958
487  965
487  980
487  986
487  991
487  998
487  999
488  549
488  552
488  678
488  688
488  705
488  715
488  889
488  897
488  934
488  947
489  789
489  850
489  944
489  971
489  991
489  995
489  996
489  997
489  1000
490  593
490  609
490  611
490  686
490  909
490  936
490  956
490  972
491  568
491  591
491  610
491  689
491  727
491  738
491  856
492  635
492  691
492  769
492  773
492  935
492  942
492  987
492  993
493  499
493  679
493  723
493  814
493  852
493  919
493  934
493  947
493  992
494  783
494  788
494  862
494  880
494  907
494  952
494  975
494  990
494  992
495  509
495  632
495  683
495  694
495  752
495  825
495  926
495  985
496  518
496  539
496  568
496  591
496  661
496  689
496  727
496  759
497  562
497  616
497  652
497  685
497  688
497  792
497  974
497  987
497  994
498  721
498  730
498  850
498  894
498  898
498  936
498  960
498  969
498  993
498  995
498  997
498  1000
499  667
499  779
499  805
499  852
499  897
499  934
499  947
500  577
500  585
500  602
500  869
500  875
500  951
500  995
501  578
501  699
501  747
501  803
501  830
501  837
501  876
501  887
501  896
501  930
502  581
502  633
502  696
502  719
502  726
502  909
502  966
502  988
502  995
503  641
503  808
503  813
503  870
503  913
503  922
503  923
503  983
503  989
503  993
504  733
504  763
504  823
504  928
504  954
504  972
504  974
504  975
504  984
504  990
504  992
505  549
505  681
505  688
505  723
505  739
505  779
505  919
505  934
505  1000
506  522
506  765
506  869
506  895
506  900
506  904
507  696
507  726
507  815
507  839
507  987
507  994
508  541
508  614
508  826
508  941
508  971
508  993
509  542
509  635
509  724
509  762
509  808
509  825
509  888
509  889
509  926
510  563
510  593
510  595
510  741
510  759
510  815
510  833
510  857
510  914
510  922
510  957
510  981
511  642
511  675
511  911
511  933
511  946
511  959
511  978
511  984
511  985
512  517
512  593
512  716
512  756
512  815
512  817
512  857
512  881
512  914
512  957
513  524
513  637
513  693
513  699
513  747
513  830
513  887
513  896
513  930
513  982
514  655
514  794
514  851
514  868
514  920
514  954
514  980
515  575
515  624
515  668
515  812
515  817
515  893
515  973
516  527
516  622
516  682
516  760
516  807
516  824
516  854
516  855
516  999
517  671
517  675
517  775
517  790
517  885
517  932
517  938
517  941
517  982
517  998
517  999
518  714
518  742
518  828
518  833
518  866
518  868
518  920
518  980
518  999
519  538
519  606
519  716
519  875
519  891
519  906
519  945
519  951
519  954
520  534
520  547
520  700
520  731
520  792
520  842
520  865
520  948
520  994
521  624
521  668
521  817
521  878
521  893
521  973
522  736
522  804
522  869
522  895
522  904
522  935
523  576
523  651
523  798
523  928
523  932
523  958
523  986
523  998
523  999
524  696
524  703
524  802
524  872
524  883
524  922
524  983
524  993
525  550
525  558
525  643
525  739
525  744
525  819
525  844
525  941
525  953
525  967
525  976
525  978
525  990
526  555
526  562
526  647
526  830
526  913
526  923
526  989
526  993
526  997
527  611
527  618
527  688
527  723
527  739
527  778
527  779
527  897
527  919
527  934
528  704
528  763
528  843
528  871
528  907
528  952
528  975
528  990
528  992
529  674
529  735
529  766
529  943
529  946
529  977
529  987
529  994
529  1000
530  535
530  704
530  724
530  782
530  808
530  825
530  888
530  889
530  963
531  541
531  556
531  614
531  653
531  780
531  858
531  912
531  927
531  953
531  967
532  563
532  645
532  739
532  741
532  748
532  815
532  972
532  981
532  994
533  596
533  666
533  753
533  858
533  938
533  979
533  986
533  998
534  746
534  795
534  821
534  842
534  946
534  948
534  977
534  994
535  724
535  746
535  762
535  808
535  844
535  889
535  926
536  583
536  608
536  612
536  624
536  670
536  692
536  732
536  848
536  878
536  973
536  981
536  1000
537  631
537  649
537  730
537  779
537  860
537  867
537  908
537  939
537  949
537  954
538  577
538  589
538  768
538  906
538  945
539  565
539  587
539  727
539  756
539  759
539  783
539  1000
540  546
540  718
540  771
540  849
540  873
540  874
540  900
540  915
540  968
541  557
541  600
541  698
541  903
541  946
541  953
541  964
541  988
542  699
542  830
542  837
542  887
542  891
542  896
542  930
542  981
543  660
543  796
543  892
543  921
543  948
543  995
543  996
543  997
543  1000
544  640
544  650
544  785
544  871
544  917
544  954
544  970
544  987
544  990
544  992
545  621
545  910
545  924
545  963
545  969
545  983
545  993
546  622
546  760
546  779
546  807
546  824
546  851
546  855
546  901
546  995
547  712
547  735
547  743
547  773
547  948
547  949
548  562
548  588
548  703
548  922
548  923
548  971
548  983
548  991
548  993
549  585
549  634
549  715
549  805
549  852
549  881
549  919
549  947
549  962
550  558
550  698
550  864
550  912
550  941
550  964
550  984
550  988
550  991
551  649
551  663
551  694
551  746
551  808
551  888
551  926
551  994
552  574
552  634
552  688
552  723
552  893
552  897
552  919
552  947
553  621
553  845
553  870
553  885
553  938
553  958
553  982
553  986
553  998
553  999
554  753
554  768
554  870
554  918
554  939
554  945
554  951
554  987
555  649
555  803
555  860
555  867
555  943
555  962
556  737
556  782
556  847
556  852
556  883
556  891
556  960
556  991
556  995
556  996
556  997
556  1000
557  614
557  643
557  720
557  774
557  782
557  844
557  964
557  976
557  988
558  579
558  614
558  698
558  725
558  927
558  929
558  942
558  964
558  988
559  667
559  782
559  850
559  856
559  939
559  960
559  969
559  991
559  995
559  997
560  598
560  699
560  861
560  933
560  940
560  959
560  971
560  978
560  979
560  984
560  985
561  568
561  946
561  948
561  974
561  985
561  987
561  994
562  776
562  778
562  911
562  923
562  961
562  963
562  993
563  638
563  680
563  718
563  741
563  748
563  796
563  809
563  829
563  890
563  981
564  593
564  708
564  828
564  866
564  886
564  917
564  920
564  948
565  591
565  610
565  689
565  759
565  848
565  859
565  898
566  571
566  674
566  709
566  732
566  789
566  811
566  959
566  974
566  977
566  994
567  788
567  896
567  933
567  940
567  951
567  971
567  978
567  979
567  984
567  985
568  591
568  610
568  727
568  738
568  784
568  859
568  865
569  571
569  666
569  674
569  769
569  786
569  789
569  953
569  974
569  994
570  596
570  763
570  840
570  954
570  970
570  972
570  975
570  990
570  992
571  616
571  722
571  769
571  856
571  930
571  946
571  948
571  987
571  994
572  806
572  835
572  873
572  899
572  925
572  931
572  937
573  646
573  754
573  799
573  826
573  881
573  903
573  967
573  989
574  606
574  630
574  665
574  928
574  938
574  967
574  998
574  999
575  624
575  668
575  681
575  817
575  846
575  888
575  916
575  936
575  944
575  973
576  674
576  827
576  881
576  934
576  958
576  965
576  998
577  600
577  773
577  781
577  872
577  906
577  918
577  945
577  951
578  615
578  933
578  971
578  984
578  985
579  630
579  736
579  804
579  869
579  895
579  904
579  982
580  588
580  713
580  952
580  959
580  978
580  979
580  984
580  985
580  988
581  633
581  726
581  810
581  838
581  936
581  956
581  981
582  740
582  763
582  847
582  871
582  907
582  954
582  972
582  975
582  990
582  992
583  608
583  612
583  793
583  846
583  848
583  893
583  938
583  973
584  637
584  699
584  830
584  887
584  896
584  924
584  930
585  715
585  805
585  832
585  852
585  897
585  919
585  934
585  947
586  760
586  790
586  807
586  824
586  851
586  854
586  969
587  652
587  711
587  886
587  946
587  948
587  977
587  987
587  994
587  995
588  705
588  940
588  959
588  971
588  978
588  979
588  984
588  986
589  617
589  639
589  766
589  768
589  814
589  867
589  887
589  906
589  945
589  951
590  647
590  656
590  729
590  799
590  806
590  835
590  899
590  907
590  925
590  931
590  937
591  613
591  717
591  759
591  783
591  829
591  859
591  966
592  609
592  633
592  751
592  770
592  936
592  956
592  966
593  595
593  716
593  756
593  809
593  815
593  914
593  935
593  981
594  751
594  812
594  889
594  902
594  908
594  962
594  971
594  978
595  605
595  645
595  665
595  750
595  829
595  846
595  957
595  981
596  818
596  928
596  932
596  965
596  986
596  998
596  999
597  684
597  775
597  782
597  790
597  845
597  932
597  965
597  997
597  998
597  999
598  700
598  718
598  798
598  835
598  874
598  877
598  900
598  935
599  619
599  653
599  681
599  708
599  757
599  794
599  828
599  886
599  980
600  617
600  654
600  659
600  781
600  891
600  939
600  973
600  996
601  627
601  701
601  726
601  782
601  856
601  882
601  898
601  944
601  960
601  991
601  995
601  996
601  997
602  626
602  834
602  837
602  869
602  875
602  906
602  914
602  939
602  945
602  985
603  616
603  703
603  773
603  876
603  906
603  942
603  946
603  977
603  987
603  994
604  685
604  773
604  942
604  948
604  951
604  974
604  987
604  997
604  1000
605  645
605  660
605  721
605  731
605  765
605  809
605  914
605  957
605  981
606  714
606  845
606  858
606  881
606  952
606  986
606  996
606  998
606  999
607  634
607  715
607  723
607  757
607  779
607  805
607  852
607  919
607  934
607  947
607  982
608  612
608  624
608  626
608  728
608  817
608  846
608  848
608  878
608  973
609  686
609  776
609  787
609  936
609  938
609  966
609  998
610  613
610  689
610  727
610  738
610  765
610  783
611  696
611  776
611  860
611  862
611  956
611  958
611  966
612  668
612  706
612  723
612  784
612  817
612  846
612  878
612  893
612  928
612  973
613  689
613  755
613  759
613  783
613  859
613  944
614  669
614  720
614  735
614  744
614  791
614  871
614  889
614  964
615  911
615  933
615  959
615  971
615  978
615  979
615  984
615  998
616  792
616  865
616  946
616  948
616  951
616  974
616  987
616  994
617  659
617  714
617  781
617  875
617  906
617  934
617  939
617  945
617  951
617  996
618  755
618  793
618  911
618  920
618  933
618  940
618  954
618  959
618  971
618  978
618  984
618  985
619  638
619  677
619  757
619  762
619  794
619  833
619  836
619  863
619  868
620  662
620  814
620  868
620  870
620  901
620  945
620  951
620  989
621  656
621  678
621  767
621  873
621  899
621  925
621  931
621  937
621  949
622  661
622  682
622  760
622  776
622  824
622  839
622  854
622  942
623  652
623  657
623  722
623  769
623  773
623  815
623  932
623  946
623  956
623  977
623  987
624  633
624  668
624  692
624  889
624  893
624  911
624  973
624  985
625  658
625  798
625  813
625  961
625  981
625  983
625  989
625  993
626  659
626  766
626  834
626  875
626  906
626  917
626  939
626  951
627  658
627  680
627  698
627  721
627  796
627  849
627  894
627  898
627  967
627  996
627  997
628  671
628  703
628  802
628  884
628  913
628  922
628  924
628  983
628  989
628  993
629  709
629  732
629  821
629  842
629  948
629  966
629  969
629  977
629  982
629  987
629  994
630  736
630  804
630  852
630  869
630  872
630  895
630  904
631  663
631  704
631  714
631  746
631  752
631  753
631  774
631  888
631  926
632  663
632  724
632  746
632  753
632  775
632  808
632  888
632  889
632  947
633  734
633  838
633  853
633  905
633  936
633  966
634  739
634  779
634  805
634  922
634  934
634  947
634  957
634  971
634  975
635  685
635  691
635  711
635  789
635  864
635  948
635  974
635  979
635  994
636  856
636  882
636  912
636  934
636  943
636  955
636  969
636  984
636  995
636  996
636  997
636  1000
637  783
637  830
637  837
637  887
637  896
637  930
637  972
638  645
638  748
638  749
638  811
638  829
638  837
638  981
638  989
639  668
639  706
639  878
639  933
639  937
639  973
640  648
640  735
640  801
640  863
640  970
640  972
640  990
640  992
641  660
641  691
641  910
641  922
641  924
641  973
641  983
641  989
641  993
642  755
642  959
642  971
642  984
642  985
642  999
643  667
643  669
643  678
643  749
643  780
643  844
643  861
643  929
643  964
643  988
644  702
644  740
644  767
644  806
644  835
644  873
644  899
644  910
644  925
644  931
644  937
645  741
645  756
645  785
645  802
645  809
645  924
645  981
646  672
646  673
646  754
646  756
646  826
646  903
646  974
647  819
647  872
647  879
647  910
647  922
647  961
647  962
647  963
647  976
647  983
647  993
648  732
648  740
648  745
648  785
648  952
648  972
648  975
648  978
648  990
648  992
648  997
649  697
649  713
649  758
649  772
649  812
649  860
649  867
649  868
649  902
649  949
649  962
650  740
650  822
650  843
650  880
650  911
650  944
650  972
650  975
650  990
651  684
651  786
651  835
651  864
651  881
651  938
651  958
651  965
651  991
651  998
651  999
652  691
652  810
652  865
652  974
652  994
653  742
653  757
653  828
653  863
653  866
653  879
653  886
653  917
653  950
653  980
654  659
654  768
654  781
654  821
654  870
654  901
654  918
654  945
654  949
654  994
655  708
655  777
655  794
655  833
655  866
655  868
655  887
655  920
655  980
655  992
655  1000
656  702
656  729
656  835
656  839
656  879
656  899
656  925
656  931
656  937
657  713
657  735
657  784
657  793
657  861
657  903
657  940
657  959
657  971
657  978
657  979
657  985
657  1000
658  879
658  924
658  981
658  983
658  989
658  993
659  697
659  777
659  781
659  875
659  901
659  906
660  748
660  861
660  887
660  914
660  957
660  981
661  745
661  758
661  760
661  807
661  824
661  851
661  854
661  855
662  677
662  679
662  708
662  816
662  828
662  836
662  917
662  920
662  980
663  683
663  694
663  746
663  806
663  808
663  888
663  889
663  926
663  950
663  991
664  676
664  714
664  800
664  885
664  892
664  938
664  955
664  958
664  986
664  998
664  999
664  1000
665  666
665  864
665  892
665  897
665  932
665  938
665  982
665  986
665  998
665  999
666  818
666  831
666  891
666  938
666  965
666  982
666  998
666  999
667  780
667  791
667  804
667  912
667  927
667  964
667  967
667  976
667  988
667  993
668  681
668  775
668  843
668  848
668  883
668  973
668  994
669  680
669  744
669  774
669  894
669  912
669  964
669  967
669  988
670  789
670  846
670  875
670  955
670  973
671  777
671  872
671  881
671  885
671  886
671  932
671  982
671  986
671  999
672  673
672  754
672  799
672  826
672  903
672  995
672  998
673  754
673  795
673  799
673  826
673  903
673  939
673  946
674  685
674  842
674  913
674  948
674  974
674  987
674  994
675  784
675  842
675  911
675  959
675  965
675  978
675  984
675  985
676  706
676  749
676  845
676  864
676  928
676  965
676  986
676  998
676  999
677  742
677  770
677  836
677  863
677  886
677  908
677  911
677  917
677  980
678  806
678  873
678  899
678  925
678  931
678  937
679  733
679  740
679  745
679  812
679  823
679  880
679  952
679  972
679  990
679  992
680  744
680  774
680  837
680  882
680  953
680  988
681  692
681  706
681  844
681  846
681  878
681  893
681  958
681  973
682  807
682  824
682  851
682  854
682  855
682  941
683  694
683  752
683  808
683  825
683  839
683  888
683  926
684  701
684  714
684  753
684  827
684  840
684  845
684  851
684  900
684  965
684  999
685  708
685  737
685  865
685  876
685  964
685  984
685  987
685  994
686  734
686  780
686  787
686  838
686  909
686  915
686  936
686  956
686  966
687  784
687  861
687  911
687  933
687  940
687  959
687  960
687  971
687  979
687  985
687  997
688  739
688  852
688  882
688  888
688  897
688  919
688  934
688  947
689  727
689  738
689  859
689  969
690  701
690  735
690  749
690  827
690  845
690  944
690  982
690  983
690  986
690  998
690  999
691  792
691  842
691  946
691  975
691  994
692  809
692  848
692  858
692  973
693  699
693  747
693  784
693  830
693  854
693  896
693  930
693  961
693  990
694  724
694  746
694  762
694  808
694  825
694  888
694  889
694  926
694  956
695  720
695  772
695  819
695  906
695  912
695  927
695  929
695  941
695  953
695  964
695  988
696  721
696  726
696  839
696  840
696  909
696  956
696  966
696  996
697  707
697  813
697  814
697  870
697  891
697  901
697  939
697  951
698  813
698  819
698  882
698  937
698  941
698  953
698  967
698  976
698  988
698  994
699  747
699  837
699  887
699  895
699  896
699  930
699  960
700  754
700  798
700  814
700  816
700  874
700  877
700  900
700  915
700  935
700  968
701  724
701  727
701  790
701  864
701  881
701  985
701  986
701  998
701  999
702  747
702  757
702  767
702  835
702  873
702  899
702  925
702  931
702  937
702  964
703  778
703  877
703  922
703  953
703  961
703  963
703  983
703  989
703  993
704  724
704  752
704  753
704  808
704  888
704  889
704  917
704  963
705  713
705  911
705  927
705  933
705  940
705  959
705  971
705  979
705  984
705  985
706  710
706  817
706  846
706  848
706  893
706  943
706  973
707  712
707  766
707  781
707  855
707  891
707  945
707  951
707  982
708  757
708  833
708  886
708  917
708  956
708  967
708  980
708  983
709  713
709  743
709  825
709  865
709  942
709  987
709  994
709  997
710  725
710  775
710  818
710  885
710  932
710  942
710  965
710  982
710  996
710  998
710  999
711  722
711  732
711  743
711  772
711  897
711  942
711  973
711  974
711  987
711  994
712  781
712  834
712  841
712  870
712  891
712  901
712  906
712  918
712  939
712  980
713  784
713  793
713  870
713  911
713  933
713  959
713  979
713  985
714  928
714  958
714  986
714  998
714  999
715  769
715  779
715  805
715  848
715  897
715  919
715  947
716  741
716  756
716  829
716  914
716  981
716  999
717  737
717  796
717  921
717  927
717  969
717  983
717  991
717  992
717  995
717  996
717  997
717  1000
718  771
718  798
718  877
718  884
718  935
718  957
718  968
718  976
719  838
719  863
719  897
719  927
719  956
719  966
720  744
720  819
720  912
720  929
720  941
720  975
720  988
720  990
721  761
721  856
721  921
721  931
721  944
721  969
721  991
721  996
721  1000
722  760
722  903
722  942
722  948
722  969
722  974
722  987
723  767
723  825
723  852
723  897
723  934
723  947
724  752
724  762
724  838
724  889
724  898
724  926
725  808
725  827
725  892
725  928
725  958
725  982
725  986
725  998
725  999
726  787
726  909
726  928
726  936
726  943
726  956
726  966
727  783
727  813
727  859
727  879
727  990
728  820
728  841
728  856
728  920
728  921
728  943
728  944
728  946
728  960
728  969
728  973
728  995
728  996
728  1000
729  767
729  806
729  835
729  873
729  925
729  931
729  937
729  942
730  772
730  796
730  797
730  831
730  902
730  908
730  916
730  949
730  950
730  953
731  750
731  815
731  829
731  890
731  914
731  957
731  981
732  792
732  865
732  876
732  974
732  977
732  994
732  995
733  791
733  843
733  871
733  909
733  952
733  954
733  972
733  975
733  990
733  992
733  995
734  770
734  787
734  810
734  832
734  839
734  905
734  936
734  956
734  997
735  773
735  792
735  865
735  876
735  883
735  942
735  946
735  948
735  987
735  994
736  765
736  804
736  812
736  869
736  895
736  904
737  820
737  847
737  943
737  944
737  952
737  960
737  982
737  991
737  996
737  997
738  759
738  783
738  859
738  944
738  972
739  805
739  852
739  897
739  934
739  947
739  996
740  783
740  822
740  834
740  952
740  954
740  970
740  975
740  980
740  990
740  992
741  748
741  815
741  933
741  939
741  957
742  757
742  794
742  836
742  859
742  868
742  917
742  920
742  976
742  980
742  983
742  993
743  789
743  792
743  865
743  946
743  977
743  989
743  994
744  822
744  967
744  969
744  976
744  988
745  763
745  840
745  871
745  886
745  975
745  990
745  992
745  993
746  752
746  808
746  899
746  926
746  990
747  810
747  837
747  887
747  930
747  962
747  983
748  788
748  798
748  832
748  890
748  914
748  941
748  957
748  979
749  771
749  845
749  858
749  864
749  955
749  965
749  998
749  999
750  777
750  832
750  857
750  957
750  969
750  981
750  998
751  764
751  803
751  860
751  905
751  916
751  924
751  949
751  962
751  998
752  753
752  888
752  889
752  926
752  932
752  966
753  762
753  808
753  825
753  926
754  784
754  799
754  826
754  853
754  903
754  956
755  861
755  869
755  911
755  940
755  978
755  979
755  984
755  985
755  995
756  811
756  832
756  857
756  890
756  914
756  944
756  957
757  866
757  886
757  980
757  1000
758  772
758  797
758  831
758  848
758  853
758  860
758  889
758  902
759  783
759  859
759  938
760  766
760  807
760  824
760  854
761  891
761  894
761  944
761  960
761  991
761  994
761  995
761  996
761  997
761  1000
762  764
762  808
762  825
762  888
762  889
762  926
762  979
763  785
763  843
763  907
763  919
763  970
763  972
763  990
763  992
764  831
764  850
764  853
764  896
764  950
764  962
765  804
765  869
765  895
765  904
766  768
766  834
766  864
766  870
766  918
766  939
766  975
767  806
767  856
767  899
767  925
767  931
767  937
767  995
768  834
768  945
768  951
768  956
768  967
769  789
769  851
769  869
769  942
769  948
769  977
769  987
769  994
769  999
770  862
770  905
770  936
770  1000
771  874
771  877
771  884
771  915
771  935
771  968
771  999
772  797
772  803
772  908
772  949
772  962
772  1000
773  842
773  933
773  939
773  948
773  977
773  987
773  994
774  829
774  860
774  882
774  912
774  926
774  927
774  953
774  967
774  976
774  988
775  881
775  885
775  892
775  978
775  982
775  998
775  999
776  862
776  888
776  905
776  909
776  956
776  960
776  966
776  985
777  786
777  818
777  868
777  892
777  928
777  938
777  953
777  982
777  986
777  998
777  999
778  872
778  879
778  924
778  936
778  961
778  963
778  993
779  805
779  919
779  947
779  960
780  825
780  882
780  912
780  941
780  953
780  967
780  976
780  988
781  875
781  891
781  892
781  901
781  939
781  977
782  795
782  894
782  898
782  995
782  997
782  998
782  1000
783  859
783  878
784  933
784  971
784  978
784  984
784  985
785  788
785  801
785  817
785  823
785  843
785  871
785  952
785  956
785  970
785  975
785  992
785  993
786  790
786  795
786  800
786  818
786  850
786  862
786  881
786  892
786  932
786  982
786  999
787  839
787  843
787  905
787  909
787  929
787  956
787  966
787  998
788  789
788  823
788  830
788  840
788  871
788  880
788  952
788  970
788  975
788  990
788  992
789  792
789  821
789  842
789  938
789  942
789  974
789  977
789  987
789  994
790  922
790  928
790  929
790  954
790  958
790  982
790  998
791  844
791  882
791  927
791  929
791  938
791  941
791  953
791  988
792  800
792  876
792  960
792  994
793  814
793  857
793  940
793  959
793  971
793  978
793  984
793  985
794  833
794  863
794  866
794  868
794  886
794  950
794  998
795  820
795  841
795  850
795  890
795  960
795  969
795  991
795  995
795  996
795  997
795  1000
796  849
796  875
796  913
796  944
796  947
796  960
796  991
796  995
796  996
796  997
797  798
797  803
797  860
797  902
797  908
797  950
797  962
797  965
798  816
798  845
798  874
798  877
798  915
798  935
798  968
799  826
799  903
799  940
799  986
799  995
800  818
800  892
800  908
800  958
800  965
800  982
800  986
800  992
800  998
800  999
801  843
801  848
801  871
801  932
801  934
801  952
801  954
801  970
801  972
801  975
801  990
801  992
802  872
802  886
802  910
802  913
802  915
802  916
802  924
802  961
802  983
802  989
802  993
803  812
803  831
803  853
803  893
803  915
803  916
803  950
804  869
804  895
804  904
805  852
805  897
805  934
805  947
805  973
805  994
806  829
806  835
806  873
806  899
806  925
806  937
807  824
807  851
807  854
807  924
807  933
808  889
808  926
808  999
809  815
809  857
809  881
809  890
809  914
809  957
809  981
809  989
810  839
810  854
810  862
810  905
810  914
810  936
810  956
810  966
810  987
811  815
811  829
811  832
811  890
811  940
811  957
811  981
811  984
811  988
812  867
812  902
812  908
812  928
812  994
813  872
813  910
813  961
813  983
813  989
813  993
814  834
814  870
814  891
814  906
814  918
815  832
815  835
815  957
816  900
816  915
816  935
816  940
816  957
816  968
816  994
816  998
817  878
817  905
817  973
817  990
818  827
818  881
818  895
818  958
818  993
818  996
818  998
818  999
819  828
819  844
819  847
819  882
819  901
819  929
819  941
819  964
819  967
819  976
819  988
820  822
820  867
820  921
820  926
820  943
820  944
820  995
820  996
820  1000
821  855
821  942
821  948
821  974
821  987
821  994
822  853
822  871
822  880
822  907
822  952
822  954
822  961
822  970
822  972
822  990
822  992
823  907
823  954
823  970
823  972
823  975
823  990
823  992
823  995
824  833
824  854
824  855
824  931
825  832
825  889
825  926
826  903
826  912
826  983
827  885
827  892
827  928
827  932
827  938
827  961
827  963
827  998
828  833
828  914
828  920
828  971
828  980
829  884
829  981
829  989
830  868
830  887
830  896
830  902
830  930
831  860
831  902
831  916
831  949
831  950
831  962
832  857
832  890
832  914
832  957
833  866
833  884
833  886
833  920
833  932
833  985
834  870
834  875
834  906
834  918
834  929
834  931
834  945
834  957
835  873
835  899
835  925
835  931
835  933
835  937
836  863
836  868
836  876
836  886
836  917
836  980
837  887
837  896
837  930
838  861
838  905
838  909
838  936
838  953
838  956
838  983
839  862
839  905
839  909
839  966
839  980
839  1000
840  880
840  907
840  908
840  915
840  952
840  970
840  975
840  990
840  992
841  879
841  883
841  898
841  921
841  951
841  955
841  963
841  972
841  995
841  996
841  997
841  1000
842  849
842  942
842  974
842  977
842  981
842  994
843  871
843  952
843  954
843  970
843  972
843  990
843  992
844  846
844  912
844  929
844  964
844  967
844  976
844  988
844  998
845  864
845  892
845  894
845  932
845  938
845  958
845  968
845  988
845  998
845  999
846  848
846  878
846  893
846  917
846  973
846  986
846  987
847  849
847  850
847  856
847  877
847  883
847  894
847  943
847  955
847  964
847  966
847  991
847  995
847  996
847  997
847  1000
848  878
848  892
848  893
848  972
848  973
848  1000
849  850
849  856
849  858
849  894
849  955
849  969
849  990
849  991
849  995
849  996
849  997
849  1000
850  883
850  925
850  943
850  955
850  991
850  995
850  996
850  997
850  1000
851  854
851  855
851  878
852  870
852  895
852  897
852  919
852  947
852  988
853  902
853  904
853  916
853  949
853  962
854  855
854  856
854  986
855  935
855  985
856  862
856  883
856  891
856  898
856  955
856  960
856  991
856  995
856  996
856  997
856  1000
857  890
857  914
857  947
857  957
857  965
857  981
857  996
857  1000
858  885
858  892
858  928
858  938
858  965
858  982
858  992
858  998
858  999
859  896
859  959
860  908
860  916
860  949
860  950
860  955
860  984
861  899
861  913
861  940
861  959
861  978
861  979
861  984
861  985
862  909
862  936
862  938
862  948
862  956
862  966
862  985
863  866
863  868
863  882
863  886
863  917
863  920
863  980
864  885
864  928
864  982
864  986
864  998
864  999
865  942
865  946
865  977
865  987
865  994
866  868
866  880
866  886
866  917
866  939
866  980
866  993
867  876
867  908
867  916
867  950
867  980
867  981
868  886
868  906
868  917
868  920
868  980
869  895
869  904
869  923
870  906
870  918
870  939
870  945
871  954
871  965
871  972
871  975
871  990
871  991
871  992
872  879
872  908
872  923
872  924
872  963
872  983
872  989
872  993
873  899
873  902
873  931
873  937
873  952
873  961
874  877
874  884
874  900
874  909
874  915
874  919
874  921
874  935
874  950
874  968
874  984
875  891
875  939
875  945
875  951
875  975
876  942
876  948
876  974
876  987
876  994
877  884
877  902
877  934
877  935
877  951
877  970
878  973
878  1000
879  913
879  922
879  924
879  961
879  963
879  983
879  989
879  993
880  907
880  924
880  952
880  970
880  975
880  983
880  990
880  992
880  994
880  1000
881  932
881  938
881  958
881  965
881  982
881  986
881  987
881  988
881  998
881  999
882  927
882  929
882  941
882  953
882  967
882  987
882  988
883  898
883  921
883  943
883  955
883  957
883  960
883  968
883  969
883  991
883  995
883  996
883  997
883  1000
884  900
884  903
884  915
884  921
884  935
884  968
885  892
885  928
885  941
885  943
885  965
885  986
885  994
885  998
885  999
886  917
886  920
886  980
886  995
887  896
887  930
887  995
888  889
888  926
888  997
889  926
890  914
890  957
890  981
890  990
891  901
891  905
891  945
891  951
892  896
892  941
892  965
892  982
892  998
892  999
893  924
893  973
893  992
893  998
894  921
894  923
894  933
894  969
894  991
894  995
894  997
894  1000
895  904
895  907
895  933
895  965
895  977
896  929
896  930
896  994
897  919
897  947
897  986
898  943
898  944
898  955
898  960
898  969
898  991
898  995
898  996
898  997
898  1000
899  905
899  907
899  925
899  931
899  937
899  959
899  971
900  915
900  935
900  940
900  968
901  906
901  918
901  923
901  939
901  945
901  946
901  951
901  966
901  985
902  908
902  916
902  950
902  969
902  988
903  919
903  993
904  945
904  976
904  990
904  993
904  998
905  936
905  966
906  918
906  951
906  963
907  952
907  954
907  970
907  972
907  975
907  990
907  992
908  916
908  949
908  950
908  951
908  962
908  998
909  918
909  959
909  968
909  974
910  923
910  924
910  963
910  974
910  989
910  993
911  933
911  940
911  957
911  971
911  978
911  979
911  984
912  927
912  949
912  964
912  967
912  976
912  982
912  988
913  923
913  924
913  932
913  961
913  963
913  983
913  989
913  993
913  997
913  998
914  957
915  968
915  979
916  936
916  937
916  950
916  951
916  962
917  920
917  940
917  980
917  984
918  926
918  930
919  934
919  947
919  950
919  970
919  982
920  980
921  950
921  970
921  980
921  995
921  996
921  997
921  998
921  1000
922  923
922  924
922  949
922  961
922  983
922  984
922  989
922  993
923  958
923  961
923  989
923  993
924  961
924  983
924  989
924  993
925  931
925  937
925  967
925  990
926  952
927  929
927  941
927  953
927  976
927  978
927  988
928  932
928  938
928  958
928  965
928  982
928  998
928  999
929  953
929  964
929  967
929  976
929  988
930  981
931  937
931  939
931  962
932  938
932  977
932  982
932  998
932  999
933  940
933  959
933  971
933  978
933  979
933  984
933  985
934  947
934  982
934  999
935  962
935  968
935  988
936  956
936  966
936  995
937  974
937  977
938  965
938  986
938  998
938  999
939  945
939  982
940  971
940  978
940  979
940  984
940  985
941  953
941  967
941  976
941  988
942  945
942  946
942  974
942  976
942  977
942  987
942  994
942  996
943  944
943  955
943  960
943  991
943  995
943  996
943  997
943  1000
944  960
944  991
944  992
944  995
944  996
944  997
944  998
944  1000
945  951
945  960
945  998
946  974
946  977
946  978
946  987
946  991
946  994
946  1000
947  969
947  980
948  970
948  974
948  977
948  987
948  994
948  996
949  950
949  962
949  964
949  994
950  961
950  962
951  956
951  992
952  954
952  960
952  970
952  972
952  975
952  990
952  992
953  964
953  974
953  976
953  988
953  989
954  970
954  972
954  990
954  992
955  960
955  969
955  991
955  995
955  996
955  997
955  999
955  1000
956  966
956  992
957  981
958  965
958  982
958  984
958  986
958  991
958  992
958  998
958  999
959  970
959  971
959  979
959  985
959  990
959  997
960  969
960  991
960  995
960  996
960  997
960  1000
961  963
961  989
961  993
961  994
962  997
963  980
963  983
963  989
963  993
964  976
964  978
964  988
964  996
965  982
965  986
965  998
965  999
966  976
966  988
967  976
967  991
967  996
967  999
968  974
968  990
968  997
968  998
969  991
969  995
969  996
969  997
969  1000
970  972
970  982
970  990
970  992
971  978
971  984
971  985
971  998
972  975
972  990
972  991
972  992
973  989
973  999
974  975
974  987
974  994
974  997
975  990
975  992
976  988
976  989
977  985
977  987
977  992
977  994
977  996
978  979
978  984
978  985
978  988
979  984
979  985
979  989
980  988
980  992
981  987
981  991
982  986
982  987
982  998
982  999
983  989
983  993
983  996
984  997
985  988
986  992
986  993
986  998
986  999
987  994
987  996
989  993
990  992
991  995
991  996
991  997
991  1000
995  996
995  999
995  1000
996  997
996  1000
997  999
997  1000
998  999
