1  341
1  458
1  608
1  865
1  887
1  935
1  986
1  999
1  1000
2  18
2  77
2  437
2  450
2  567
2  769
2  798
2  927
2  931
3  211
3  346
3  555
3  708
3  817
3  901
3  983
3  994
3  997
4  68
4  167
4  193
4  408
4  477
4  772
4  803
4  922
4  929
5  149
5  699
5  701
5  796
5  842
5  843
5  899
5  936
5  954
6  475
6  635
6  766
6  791
6  859
6  926
6  934
6  938
6  964
7  333
7  349
7  350
7  603
7  636
7  752
7  761
7  955
7  957
8  50
8  272
8  319
8  397
8  466
8  866
8  930
8  948
8  985
9  715
9  792
9  825
9  911
9  915
9  978
9  979
9  988
9  989
10  318
10  485
10  647
10  787
10  971
10  972
10  998
10  999
10  1000
11  101
11  145
11  289
11  317
11  492
11  601
11  614
11  727
11  969
12  100
12  160
12  600
12  897
12  923
12  963
12  991
12  995
12  996
13  127
13  367
13  426
13  615
13  747
13  850
13  864
13  874
13  898
14  254
14  575
14  767
14  804
14  851
14  912
14  925
14  939
14  956
15  300
15  589
15  617
15  930
15  948
15  951
15  958
15  962
15  985
16  50
16  544
16  652
16  757
16  819
16  983
16  994
16  995
16  997
17  34
17  356
17  667
17  745
17  759
17  963
17  981
17  993
17  995
18  175
18  726
18  749
18  960
18  991
18  993
18  995
18  996
19  159
19  341
19  764
19  942
19  953
19  970
19  998
19  999
19  1000
20  415
20  676
20  778
20  869
20  872
20  895
20  903
20  918
20  973
21  24
21  257
21  450
21  502
21  714
21  769
21  786
21  931
21  983
22  158
22  288
22  330
22  620
22  691
22  708
22  966
22  984
22  997
23  106
23  328
23  687
23  814
23  890
23  950
23  975
23  976
23  982
24  257
24  358
24  394
24  437
24  718
24  786
24  798
24  927
25  646
25  877
25  878
25  921
25  946
25  970
25  977
25  990
25  992
26  116
26  241
26  498
26  813
26  836
26  838
26  871
26  873
26  965
27  215
27  446
27  502
27  692
27  798
27  816
27  907
27  927
27  931
28  330
28  662
28  687
28  784
28  840
28  877
28  921
28  990
28  992
29  219
29  414
29  539
29  711
29  784
29  947
29  968
29  970
29  973
30  482
30  527
30  775
30  789
30  932
30  947
30  968
30  970
30  973
31  700
31  723
31  779
31  815
31  924
31  967
31  986
31  998
31  1000
32  209
32  511
32  608
32  710
32  831
32  946
32  987
32  990
32  992
33  191
33  347
33  582
33  893
33  975
33  981
33  991
33  995
33  996
34  140
34  244
34  503
34  666
34  770
34  794
34  856
34  857
35  76
35  82
35  302
35  408
35  487
35  758
35  788
35  881
35  969
36  153
36  374
36  700
36  766
36  801
36  934
36  938
36  943
36  964
37  310
37  587
37  765
37  891
37  960
37  981
37  991
37  995
37  996
38  113
38  353
38  640
38  818
38  879
38  888
38  904
38  940
38  949
39  621
39  693
39  791
39  801
39  882
39  934
39  938
39  946
39  964
40  86
40  107
40  525
40  533
40  706
40  782
40  837
40  863
40  954
41  363
41  650
41  785
41  835
41  875
41  924
41  933
41  940
41  949
42  53
42  139
42  260
42  376
42  568
42  589
42  948
42  951
42  962
43  267
43  271
43  586
43  831
43  877
43  977
43  980
43  990
43  992
44  65
44  468
44  575
44  738
44  753
44  851
44  867
44  905
44  956
45  170
45  621
45  670
45  766
45  801
45  882
45  938
45  943
45  964
46  67
46  165
46  306
46  329
46  689
46  794
46  857
46  892
46  914
47  67
47  114
47  244
47  647
47  783
47  830
47  857
47  889
47  914
48  334
48  606
48  635
48  882
48  908
48  934
48  938
48  943
48  964
49  209
49  224
49  269
49  410
49  892
49  977
49  980
49  990
49  992
50  190
50  311
50  551
50  698
50  916
50  994
50  997
51  79
51  234
51  265
51  675
51  716
51  917
51  920
51  955
51  957
52  372
52  419
52  549
52  645
52  705
52  720
52  752
52  955
52  991
53  315
53  397
53  741
53  793
53  811
53  930
53  985
53  990
54  394
54  440
54  473
54  892
54  900
54  915
54  937
54  949
54  989
55  220
55  259
55  694
55  713
55  902
55  910
55  950
55  975
55  982
56  128
56  418
56  560
56  893
56  960
56  974
56  981
56  991
56  995
57  302
57  408
57  449
57  601
57  762
57  788
57  855
57  881
57  969
58  414
58  502
58  602
58  816
58  885
58  947
58  968
58  970
58  973
59  154
59  471
59  528
59  725
59  747
59  805
59  864
59  874
59  898
60  109
60  233
60  325
60  426
60  524
60  531
60  581
60  711
60  849
61  513
61  574
61  680
61  743
61  891
61  923
61  993
61  995
61  996
62  303
62  322
62  696
62  967
62  971
62  986
62  998
62  999
62  1000
63  142
63  570
63  680
63  841
63  865
63  972
63  998
63  999
63  1000
64  565
64  844
64  894
64  900
64  920
64  937
64  952
64  988
64  989
65  584
65  657
65  903
65  904
65  912
65  925
65  939
65  956
66  76
66  536
66  638
66  852
66  894
66  941
66  979
66  988
66  989
67  75
67  213
67  494
67  783
67  856
67  908
67  944
68  167
68  663
68  683
68  789
68  803
68  807
68  922
68  929
69  150
69  287
69  831
69  946
69  977
69  987
69  990
69  992
69  998
70  558
70  585
70  732
70  755
70  901
70  928
70  983
70  994
70  997
71  95
71  109
71  340
71  440
71  524
71  554
71  573
71  648
71  849
72  122
72  556
72  569
72  587
72  822
72  868
72  891
72  991
72  995
73  760
73  802
73  840
73  878
73  946
73  977
73  987
73  990
73  992
74  341
74  436
74  667
74  765
74  891
74  974
74  993
74  995
74  996
75  469
75  666
75  668
75  783
75  794
75  795
75  857
75  944
76  92
76  108
76  398
76  543
76  703
76  758
76  969
77  541
77  714
77  769
77  786
77  798
77  907
77  927
77  931
78  237
78  505
78  773
78  930
78  948
78  958
78  962
78  985
78  992
79  339
79  372
79  716
79  782
79  854
79  917
79  955
79  957
80  152
80  668
80  776
80  806
80  902
80  953
80  998
80  999
80  1000
81  409
81  414
81  461
81  562
81  792
81  947
81  968
81  970
81  973
82  493
82  608
82  736
82  972
82  986
82  998
82  999
82  1000
83  173
83  240
83  694
83  713
83  851
83  890
83  909
83  975
83  976
84  176
84  710
84  845
84  942
84  953
84  986
84  998
84  999
84  1000
85  333
85  370
85  372
85  380
85  549
85  752
85  834
85  854
85  955
86  135
86  251
86  484
86  489
86  796
86  909
86  945
86  965
87  291
87  314
87  386
87  622
87  624
87  731
87  734
87  830
87  862
88  177
88  517
88  669
88  740
88  836
88  837
88  935
88  936
88  962
89  98
89  221
89  253
89  442
89  624
89  639
89  830
89  862
89  911
90  499
90  662
90  843
90  877
90  943
90  977
90  980
90  990
90  992
91  465
91  600
91  644
91  667
91  759
91  893
91  960
91  991
91  994
92  145
92  289
92  601
92  709
92  717
92  788
92  960
92  969
93  311
93  431
93  488
93  558
93  689
93  757
93  876
93  994
93  997
94  151
94  508
94  859
94  882
94  908
94  938
94  943
94  948
94  964
95  109
95  233
95  325
95  340
95  542
95  547
95  573
95  977
96  308
96  506
96  590
96  671
96  800
96  965
96  984
96  994
96  997
97  143
97  154
97  260
97  367
97  686
97  725
97  850
97  864
97  898
98  143
98  314
98  442
98  639
98  672
98  731
98  734
98  862
99  101
99  108
99  654
99  678
99  709
99  762
99  788
99  872
99  969
100  249
100  394
100  748
100  926
100  959
100  979
100  988
100  989
101  331
101  654
101  758
101  788
101  855
101  918
101  969
102  252
102  475
102  606
102  635
102  801
102  859
102  891
102  908
102  943
103  696
103  776
103  848
103  919
103  941
103  972
103  998
103  999
103  1000
104  178
104  591
104  690
104  746
104  774
104  833
104  872
104  918
104  961
105  217
105  458
105  607
105  668
105  696
105  723
105  941
105  998
105  999
106  131
106  282
106  332
106  522
106  890
106  950
106  976
106  982
107  344
107  579
107  782
107  813
107  838
107  863
107  936
107  981
108  364
108  614
108  717
108  788
108  855
108  881
108  969
109  284
109  340
109  423
109  673
109  820
109  849
110  236
110  584
110  608
110  764
110  841
110  941
110  971
110  998
110  1000
111  122
111  569
111  692
111  743
111  765
111  963
111  981
111  991
111  996
112  353
112  410
112  650
112  785
112  875
112  924
112  933
112  940
112  949
113  650
113  818
113  879
113  888
113  924
113  933
113  940
113  949
114  165
114  663
114  770
114  790
114  832
114  857
114  879
114  914
115  420
115  556
115  738
115  753
115  851
115  912
115  925
115  939
115  956
116  381
116  491
116  785
116  847
116  888
116  924
116  940
116  949
117  279
117  509
117  572
117  851
117  905
117  912
117  939
117  956
117  989
118  213
118  480
118  498
118  593
118  666
118  770
118  832
118  889
118  914
119  412
119  561
119  709
119  840
119  877
119  977
119  987
119  990
119  992
120  333
120  370
120  651
120  705
120  720
120  834
120  917
120  955
120  957
121  247
121  406
121  414
121  562
121  817
121  932
121  947
121  968
121  970
122  418
122  617
122  963
122  981
122  991
122  993
122  996
123  230
123  827
123  844
123  892
123  937
123  952
123  978
123  988
123  989
124  138
124  148
124  285
124  357
124  714
124  718
124  907
124  927
124  931
125  131
125  343
125  634
125  919
125  926
125  959
125  978
125  988
125  989
126  248
126  349
126  537
126  553
126  636
126  675
126  917
126  920
126  957
127  162
127  171
127  432
127  850
127  864
127  874
127  894
127  898
128  503
128  726
128  868
128  974
128  981
128  991
128  995
128  996
129  221
129  314
129  386
129  442
129  639
129  731
129  830
129  862
129  996
130  259
130  713
130  799
130  804
130  890
130  914
130  975
130  976
130  982
131  223
131  283
131  804
131  884
131  909
131  975
131  982
132  658
132  763
132  793
132  883
132  885
132  932
132  947
132  968
132  973
133  288
133  765
133  771
133  868
133  974
133  991
133  993
133  995
133  996
134  391
134  713
134  725
134  799
134  804
134  861
134  884
134  976
134  982
135  147
135  422
135  782
135  813
135  838
135  871
135  936
135  954
136  582
136  751
136  822
136  963
136  981
136  991
136  995
136  996
136  999
137  189
137  399
137  640
137  729
137  810
137  812
137  820
137  895
137  961
138  244
138  625
138  647
138  668
138  670
138  689
138  914
138  944
139  300
139  397
139  728
139  951
139  958
139  962
139  985
139  991
140  329
140  428
140  478
140  480
140  494
140  647
140  794
140  889
141  409
141  564
141  633
141  684
141  772
141  803
141  922
141  929
141  985
142  222
142  656
142  723
142  953
142  971
142  998
142  999
142  1000
143  291
143  368
143  401
143  622
143  639
143  731
143  862
144  326
144  353
144  785
144  818
144  879
144  924
144  940
144  949
144  978
145  364
145  654
145  717
145  762
145  776
145  881
145  969
146  410
146  416
146  750
146  802
146  843
146  980
146  987
146  990
146  992
147  228
147  286
147  579
147  592
147  813
147  871
147  899
147  965
148  206
148  337
148  373
148  437
148  502
148  559
148  786
148  907
149  484
149  611
149  730
149  740
149  842
149  873
149  935
149  945
150  209
150  672
150  840
150  877
150  980
150  987
150  990
150  992
151  510
151  606
151  791
151  859
151  908
151  934
151  938
151  964
152  299
152  470
152  616
152  779
152  806
152  972
152  999
152  1000
153  200
153  621
153  882
153  934
153  938
153  943
153  964
153  994
154  417
154  686
154  725
154  747
154  859
154  874
154  898
155  396
155  595
155  746
155  778
155  833
155  869
155  903
155  961
155  968
156  183
156  391
156  506
156  804
156  814
156  890
156  913
156  976
156  982
157  354
157  443
157  646
157  877
157  977
157  980
157  987
157  990
157  992
158  459
158  780
158  823
158  852
158  983
158  984
158  994
158  997
159  327
159  649
159  664
159  809
159  953
159  972
159  999
159  1000
160  415
160  771
160  893
160  960
160  981
160  993
160  995
160  996
161  457
161  565
161  570
161  608
161  896
161  986
161  998
161  999
161  1000
162  199
162  413
162  417
162  538
162  615
162  864
162  874
162  898
163  679
163  757
163  780
163  819
163  870
163  916
163  984
163  994
163  1000
164  428
164  738
164  767
164  851
164  867
164  912
164  939
164  956
164  980
165  213
165  663
165  783
165  832
165  886
165  889
165  999
166  262
166  332
166  694
166  804
166  808
166  913
166  975
166  976
166  982
167  385
167  683
167  684
167  772
167  875
167  922
167  929
168  240
168  629
168  648
168  808
168  884
168  890
168  975
168  976
168  982
169  294
169  395
169  448
169  676
169  869
169  872
169  903
169  918
169  961
170  313
170  643
170  693
170  697
170  882
170  908
170  938
170  964
171  260
171  387
171  528
171  615
171  644
171  850
171  864
171  874
172  339
172  372
172  463
172  716
172  756
172  834
172  920
172  955
172  957
173  223
173  694
173  739
173  808
173  913
173  950
173  975
173  982
174  577
174  824
174  886
174  911
174  919
174  937
174  952
174  979
174  989
175  398
175  610
175  637
175  745
175  759
175  991
175  993
175  996
176  739
176  829
176  848
176  942
176  971
176  974
176  999
176  1000
177  489
177  592
177  836
177  838
177  863
177  873
177  945
177  954
178  399
178  497
178  653
178  828
178  869
178  895
178  903
178  961
179  249
179  325
179  604
179  605
179  892
179  900
179  959
179  988
179  989
180  244
180  478
180  534
180  641
180  666
180  668
180  670
180  832
180  856
181  514
181  696
181  902
181  934
181  967
181  971
181  998
181  999
181  1000
182  222
182  321
182  555
182  691
182  712
182  858
182  876
182  994
182  997
183  220
183  393
183  804
183  884
183  932
183  950
183  975
183  982
184  421
184  543
184  601
184  654
184  703
184  758
184  788
184  940
184  969
185  229
185  597
185  604
185  852
185  915
185  978
185  979
185  988
185  989
186  438
186  451
186  698
186  901
186  930
186  983
186  984
186  994
186  997
187  248
187  470
187  750
187  779
187  845
187  867
187  998
187  999
187  1000
188  222
188  261
188  346
188  515
188  699
188  755
188  984
188  994
188  997
189  396
189  477
189  497
189  522
189  746
189  812
189  872
189  903
190  288
190  459
190  488
190  649
190  876
190  984
190  994
190  997
191  258
191  480
191  569
191  923
191  963
191  993
191  995
191  996
192  503
192  534
192  663
192  689
192  770
192  804
192  856
192  889
192  944
193  195
193  409
193  564
193  683
193  701
193  789
193  922
193  929
194  210
194  329
194  366
194  480
194  625
194  794
194  856
194  889
194  914
195  369
195  409
195  570
195  633
195  701
195  721
195  922
195  929
196  700
196  815
196  887
196  938
196  942
196  972
196  998
196  999
196  1000
197  247
197  358
197  619
197  641
197  896
197  971
197  998
197  999
197  1000
198  509
198  552
198  681
198  793
198  797
198  866
198  948
198  958
198  985
199  392
199  528
199  538
199  850
199  864
199  874
199  898
199  946
200  252
200  452
200  778
200  801
200  908
200  934
200  943
200  964
201  293
201  610
201  822
201  963
201  974
201  991
201  993
201  995
201  996
202  244
202  480
202  689
202  790
202  857
202  886
202  889
202  944
202  986
203  231
203  236
203  322
203  608
203  649
203  684
203  998
203  999
203  1000
204  267
204  388
204  445
204  735
204  878
204  987
204  990
204  992
204  996
205  463
205  553
205  636
205  756
205  834
205  854
205  915
205  955
205  957
206  285
206  358
206  559
206  588
206  692
206  702
206  731
206  907
207  435
207  505
207  793
207  930
207  933
207  951
207  958
207  962
207  985
208  493
208  674
208  941
208  942
208  971
208  972
208  998
208  999
208  1000
209  586
209  599
209  810
209  977
209  990
209  992
210  306
210  534
210  689
210  783
210  790
210  832
210  886
210  976
211  451
211  548
211  679
211  928
211  966
211  975
211  983
211  997
212  397
212  445
212  646
212  784
212  921
212  946
212  987
212  990
212  992
213  478
213  593
213  790
213  832
213  944
213  952
214  322
214  457
214  460
214  723
214  815
214  829
214  998
214  999
214  1000
215  257
215  559
215  567
215  714
215  769
215  786
215  838
215  931
216  363
216  411
216  847
216  879
216  888
216  918
216  924
216  933
216  949
217  526
217  628
217  641
217  743
217  829
217  865
217  999
217  1000
218  221
218  253
218  368
218  624
218  731
218  734
218  830
218  862
218  955
219  461
219  527
219  658
219  821
219  883
219  968
219  970
219  973
220  681
220  909
220  910
220  950
220  975
220  976
220  982
221  622
221  624
221  664
221  731
221  830
221  862
222  246
222  652
222  846
222  983
222  994
222  997
223  629
223  687
223  713
223  799
223  913
223  975
223  982
224  345
224  710
224  735
224  833
224  843
224  987
224  990
224  992
225  398
225  487
225  678
225  703
225  717
225  727
225  788
225  881
225  969
225  976
226  285
226  576
226  591
226  595
226  778
226  812
226  828
226  869
226  895
226  961
227  522
227  640
227  650
227  818
227  847
227  875
227  924
227  933
227  940
227  949
228  343
228  852
228  892
228  900
228  911
228  952
228  959
228  988
228  989
229  416
229  612
229  795
229  900
229  906
229  911
229  952
229  988
229  989
230  281
230  496
230  816
230  817
230  821
230  885
230  947
230  970
230  973
231  263
231  294
231  457
231  470
231  609
231  942
231  998
231  999
231  1000
232  377
232  468
232  524
232  533
232  542
232  547
232  648
232  673
232  781
232  849
233  284
233  325
233  426
233  504
233  542
233  554
233  673
233  849
234  354
234  370
234  716
234  720
234  756
234  917
234  955
234  957
234  995
235  271
235  545
235  802
235  840
235  880
235  946
235  977
235  980
235  990
235  992
236  739
236  776
236  779
236  805
236  941
236  986
236  999
236  1000
237  500
237  568
237  639
237  642
237  674
237  811
237  866
237  958
237  985
238  389
238  495
238  733
238  767
238  851
238  862
238  905
238  912
238  939
238  956
239  273
239  408
239  487
239  703
239  727
239  758
239  855
239  881
239  969
239  986
240  245
240  328
240  520
240  596
240  665
240  799
240  890
240  976
241  251
241  286
241  724
241  863
241  873
241  923
241  935
241  936
241  965
242  257
242  502
242  688
242  702
242  718
242  768
242  786
242  882
242  927
242  931
243  351
243  765
243  771
243  822
243  923
243  934
243  981
243  991
243  995
243  996
244  266
244  857
244  886
244  914
244  990
245  391
245  628
245  665
245  799
245  909
245  950
245  975
245  976
245  982
246  438
246  691
246  698
246  797
246  846
246  880
246  966
246  994
246  997
247  628
247  659
247  967
247  971
247  972
247  998
247  999
247  1000
248  318
248  570
248  787
248  971
248  986
248  998
248  999
248  1000
249  825
249  864
249  906
249  926
249  959
249  978
249  988
249  989
250  262
250  682
250  861
250  910
250  913
250  950
250  975
250  976
250  982
250  996
251  405
251  517
251  742
251  796
251  837
251  899
251  901
251  936
252  313
252  475
252  600
252  882
252  908
252  934
252  943
252  964
253  314
253  368
253  386
253  442
253  624
253  731
253  734
253  911
254  389
254  509
254  895
254  904
254  905
254  912
254  925
254  939
254  956
255  415
255  477
255  497
255  595
255  774
255  869
255  872
255  889
255  918
255  961
256  365
256  604
256  715
256  721
256  824
256  852
256  900
256  959
256  978
256  989
257  317
257  437
257  454
257  714
257  769
257  927
258  384
258  404
258  433
258  574
258  860
258  943
258  991
258  993
258  996
259  474
259  629
259  804
259  808
259  910
259  975
259  976
259  982
260  387
260  392
260  417
260  471
260  528
260  874
260  898
261  346
261  551
261  708
261  757
261  780
261  966
261  991
261  994
261  997
262  490
262  735
262  799
262  910
262  913
262  950
262  976
262  982
263  526
263  641
263  723
263  887
263  942
263  953
263  960
263  967
263  999
264  362
264  585
264  742
264  809
264  829
264  953
264  972
264  986
264  999
264  1000
265  330
265  561
265  662
265  840
265  921
265  980
265  987
265  990
265  992
266  480
266  625
266  647
266  668
266  682
266  790
266  856
266  889
266  914
267  379
267  414
267  831
267  921
267  980
267  987
267  990
267  992
268  569
268  600
268  610
268  835
268  891
268  966
268  991
268  993
268  995
268  996
269  388
269  430
269  511
269  710
269  831
269  977
269  987
269  990
269  992
270  288
270  548
270  691
270  708
270  805
270  966
270  984
270  986
270  994
270  997
271  287
271  361
271  362
271  784
271  946
271  980
271  990
271  992
272  360
272  366
272  483
272  542
272  568
272  690
272  866
272  962
272  985
273  331
273  364
273  543
273  611
273  703
273  758
273  855
273  881
273  969
274  632
274  749
274  751
274  893
274  957
274  963
274  966
274  993
274  995
274  996
275  409
275  633
275  684
275  701
275  704
275  721
275  789
275  807
275  922
275  929
276  321
276  530
276  605
276  900
276  915
276  919
276  959
276  979
276  988
276  989
277  287
277  588
277  688
277  692
277  718
277  769
277  786
277  798
277  927
277  931
278  411
278  427
278  650
278  798
278  818
278  879
278  924
278  933
278  940
278  949
279  509
279  572
279  733
279  753
279  767
279  898
279  904
279  912
279  956
280  582
280  600
280  667
280  822
280  885
280  963
280  974
280  991
280  995
280  996
281  461
281  482
281  642
281  763
281  885
281  932
281  947
281  968
281  973
282  612
282  824
282  906
282  937
282  959
282  978
282  979
282  988
282  989
283  799
283  884
283  909
283  913
283  950
283  975
283  976
283  977
283  982
284  455
284  468
284  542
284  580
284  673
284  761
284  781
284  896
285  309
285  373
285  502
285  559
285  702
285  907
285  927
286  342
286  525
286  533
286  707
286  782
286  836
286  837
286  873
287  560
287  802
287  946
287  980
287  987
287  990
287  992
288  506
288  732
288  846
288  966
288  994
288  997
289  421
289  709
289  717
289  727
289  762
289  881
289  969
289  981
290  331
290  614
290  654
290  703
290  709
290  717
290  855
290  881
290  917
290  969
291  314
291  386
291  442
291  501
291  622
291  734
291  830
291  862
292  296
292  319
292  568
292  589
292  773
292  948
292  951
292  958
292  971
292  985
293  508
293  606
293  693
293  791
293  908
293  934
293  938
293  943
293  964
294  653
294  779
294  806
294  941
294  942
294  986
294  999
294  1000
295  312
295  474
295  574
295  960
295  974
295  981
295  991
295  993
295  995
295  996
296  483
296  523
296  660
296  930
296  948
296  951
296  958
296  962
296  985
297  316
297  697
297  766
297  791
297  801
297  890
297  934
297  938
297  943
297  964
298  482
298  566
298  660
298  711
298  817
298  821
298  885
298  947
298  970
298  973
299  628
299  656
299  659
299  677
299  713
299  942
299  986
299  998
299  1000
300  435
300  552
300  681
300  741
300  951
300  958
300  985
300  996
301  457
301  628
301  653
301  841
301  967
301  971
301  987
301  998
301  999
301  1000
302  398
302  439
302  441
302  758
302  762
302  788
302  881
302  969
303  403
303  578
303  645
303  675
303  720
303  917
303  920
303  955
303  957
304  582
304  631
304  824
304  827
304  844
304  952
304  959
304  978
304  979
304  988
305  345
305  366
305  435
305  523
305  793
305  930
305  948
305  951
305  958
305  985
306  494
306  625
306  770
306  779
306  783
306  857
306  886
306  944
307  357
307  373
307  396
307  541
307  567
307  588
307  688
307  768
307  907
307  931
308  321
308  613
308  708
308  712
308  823
308  983
308  984
308  994
308  997
309  446
309  588
309  677
309  688
309  768
309  786
309  798
309  907
309  927
310  365
310  894
310  919
310  926
310  952
310  959
310  978
310  988
310  989
311  583
311  616
311  823
311  919
311  928
311  966
311  984
311  997
312  391
312  694
312  814
312  861
312  910
312  950
312  975
312  976
312  982
313  510
313  621
313  719
313  766
313  866
313  934
313  943
313  964
314  370
314  401
314  622
314  830
314  862
315  400
315  568
315  674
315  681
315  728
315  773
315  930
315  951
315  985
316  510
316  703
316  766
316  859
316  882
316  908
316  934
316  943
316  964
317  441
317  543
317  601
317  614
317  654
317  727
317  855
317  969
318  612
318  739
318  941
318  967
318  986
318  998
318  999
318  1000
319  552
319  777
319  866
319  948
319  951
319  962
319  965
319  985
320  428
320  486
320  573
320  657
320  738
320  767
320  904
320  925
320  939
320  956
321  451
321  744
321  760
321  858
321  983
321  984
321  997
322  362
322  541
322  656
322  750
322  887
322  999
322  1000
323  326
323  427
323  472
323  621
323  785
323  879
323  924
323  933
323  940
323  949
324  574
324  637
324  881
324  891
324  897
324  963
324  974
324  981
324  993
324  995
325  542
325  547
325  554
325  613
325  648
325  781
326  353
326  650
326  875
326  887
326  888
326  933
326  940
326  949
327  382
327  453
327  518
327  683
327  772
327  789
327  803
327  922
327  929
328  814
328  909
328  910
328  950
328  975
328  976
328  982
328  995
329  359
329  469
329  670
329  794
329  832
329  914
329  944
330  439
330  511
330  977
330  980
330  987
330  990
330  992
331  403
331  421
331  487
331  654
331  678
331  762
331  969
332  393
332  522
332  808
332  860
332  890
332  909
332  976
332  982
333  609
333  645
333  651
333  675
333  705
333  740
333  955
334  523
334  635
334  697
334  719
334  791
334  801
334  908
334  943
334  964
335  431
335  800
335  870
335  876
335  945
335  966
335  983
335  984
335  994
335  997
336  535
336  640
336  818
336  875
336  888
336  924
336  933
336  935
336  940
336  949
337  379
337  499
337  550
337  831
337  843
337  980
337  987
337  990
337  992
338  629
338  665
338  861
338  884
338  909
338  910
338  913
338  975
338  976
338  981
338  982
339  350
339  463
339  562
339  578
339  645
339  752
339  920
339  955
339  957
340  426
340  531
340  573
340  581
340  626
340  651
340  673
340  849
341  677
341  776
341  809
341  815
341  953
341  986
341  998
341  999
342  359
342  680
342  759
342  835
342  897
342  960
342  974
342  993
342  995
342  996
343  597
343  748
343  795
343  844
343  900
343  915
343  988
343  989
343  994
344  371
344  444
344  730
344  740
344  782
344  796
344  836
344  837
344  936
344  948
345  554
345  599
345  710
345  946
345  977
345  980
345  987
345  990
345  992
346  438
346  880
346  901
346  916
346  969
346  984
346  994
346  997
347  390
347  496
347  512
347  749
347  891
347  974
347  981
347  993
347  995
347  996
348  435
348  728
348  741
348  773
348  793
348  866
348  930
348  948
348  962
348  985
348  992
349  549
349  578
349  631
349  636
349  705
349  756
349  854
349  920
349  957
350  372
350  578
350  705
350  834
350  900
350  917
350  920
350  955
350  957
351  579
351  745
351  923
351  960
351  963
351  974
351  981
351  991
351  993
351  995
352  429
352  431
352  515
352  550
352  566
352  800
352  805
352  916
352  983
352  994
352  997
353  363
353  875
353  924
353  933
353  936
353  940
353  949
354  463
354  537
354  645
354  675
354  752
354  834
354  854
354  920
354  955
355  361
355  456
355  467
355  499
355  552
355  921
355  977
355  980
355  987
355  990
355  992
356  463
356  557
356  637
356  822
356  868
356  974
356  991
356  993
356  995
356  996
357  358
357  446
357  450
357  688
357  714
357  768
357  786
357  927
357  944
358  450
358  718
358  769
358  786
358  907
358  927
358  931
359  465
359  513
359  610
359  637
359  981
359  991
359  993
359  995
359  996
360  453
360  466
360  500
360  568
360  715
360  793
360  811
360  951
360  962
360  985
361  443
361  685
361  802
361  921
361  977
361  980
361  987
361  990
361  992
362  585
362  594
362  953
362  972
362  980
362  998
362  999
362  1000
363  785
363  813
363  879
363  888
363  924
363  933
363  940
363  949
364  398
364  493
364  543
364  678
364  717
364  855
364  969
364  998
365  464
365  466
365  827
365  852
365  915
365  937
365  978
365  988
365  989
366  516
366  552
366  618
366  681
366  690
366  773
366  958
366  985
367  392
367  417
367  432
367  538
367  540
367  725
367  850
367  874
367  898
368  386
368  622
368  624
368  639
368  734
368  830
368  862
368  937
369  385
369  409
369  518
369  633
369  721
369  772
369  807
369  922
369  929
369  954
370  403
370  520
370  553
370  645
370  705
370  917
370  955
371  498
371  571
371  611
371  707
371  730
371  853
371  871
371  919
371  945
371  965
372  603
372  645
372  834
372  917
372  940
372  955
373  450
373  454
373  768
373  769
373  853
373  907
373  927
373  931
374  621
374  635
374  719
374  791
374  908
374  934
374  938
374  943
374  964
374  994
375  385
375  453
375  564
375  683
375  684
375  772
375  803
375  807
375  922
375  929
375  969
376  483
376  568
376  777
376  793
376  797
376  948
376  951
376  962
376  965
376  985
377  468
377  524
377  547
377  580
377  581
377  648
377  700
377  761
377  781
377  849
378  551
378  576
378  778
378  809
378  828
378  833
378  872
378  895
378  903
378  918
378  961
379  545
379  662
379  871
379  946
379  977
379  980
379  987
379  990
379  992
380  419
380  537
380  603
380  651
380  720
380  854
380  917
380  920
380  930
380  957
381  473
381  491
381  535
381  847
381  879
381  888
381  933
381  940
381  949
381  991
382  385
382  453
382  564
382  633
382  684
382  789
382  807
382  850
382  922
382  929
383  482
383  539
383  723
383  763
383  816
383  847
383  885
383  932
383  947
383  970
383  973
384  680
384  685
384  771
384  860
384  963
384  978
384  981
384  993
384  995
384  996
385  684
385  701
385  789
385  807
385  922
385  929
385  990
386  622
386  624
386  734
386  830
386  862
386  940
387  432
387  615
387  686
387  747
387  850
387  864
387  874
387  898
387  977
388  550
388  618
388  831
388  843
388  921
388  946
388  980
388  990
388  992
389  456
389  462
389  486
389  733
389  767
389  905
389  925
389  939
389  956
390  655
390  680
390  726
390  830
390  974
390  981
390  991
390  993
390  995
390  996
391  682
391  845
391  884
391  910
391  913
391  950
391  982
392  471
392  538
392  725
392  833
392  850
392  864
392  874
392  898
393  788
393  808
393  867
393  890
393  909
393  950
393  975
393  976
393  982
394  447
394  638
394  672
394  795
394  824
394  892
394  915
394  989
395  559
395  729
395  778
395  826
395  833
395  872
395  895
395  903
395  918
395  961
396  468
396  576
396  676
396  810
396  828
396  872
396  918
396  961
397  516
397  618
397  674
397  866
397  958
397  962
397  985
398  408
398  487
398  709
398  762
398  855
398  969
399  591
399  754
399  810
399  812
399  820
399  828
399  833
399  869
399  962
400  425
400  527
400  763
400  775
400  817
400  821
400  947
400  968
400  970
400  973
401  442
401  624
401  639
401  676
401  731
401  734
401  784
401  830
401  862
402  501
402  665
402  844
402  852
402  894
402  911
402  919
402  978
402  979
402  988
402  989
403  419
403  520
403  578
403  603
403  854
403  917
403  920
403  955
404  529
404  632
404  638
404  726
404  868
404  891
404  922
404  993
404  995
404  996
405  422
405  460
405  484
405  598
405  707
405  737
405  871
405  873
405  935
405  965
406  527
406  658
406  816
406  834
406  883
406  932
406  947
406  968
406  970
406  973
407  420
407  677
407  700
407  787
407  816
407  942
407  967
407  972
407  986
407  998
407  1000
408  654
408  678
408  703
408  758
408  881
408  969
409  721
409  789
409  807
409  922
409  929
410  412
410  586
410  710
410  784
410  877
410  921
410  990
410  992
411  785
411  847
411  875
411  879
411  888
411  924
411  933
411  949
411  967
412  728
412  843
412  878
412  946
412  977
412  980
412  987
412  990
412  992
413  583
413  590
413  671
413  679
413  732
413  780
413  880
413  983
413  994
413  997
414  711
414  883
414  932
414  968
414  970
414  973
415  746
415  774
415  810
415  820
415  833
415  895
415  903
415  961
416  599
416  843
416  877
416  878
416  946
416  980
416  987
416  990
416  992
417  471
417  615
417  634
417  725
417  850
417  874
417  898
418  433
418  569
418  745
418  786
418  974
418  991
418  993
418  995
418  996
419  537
419  609
419  705
419  720
419  888
419  917
419  955
419  957
420  750
420  779
420  809
420  902
420  967
420  971
420  986
420  999
420  1000
421  441
421  607
421  654
421  717
421  727
421  788
421  855
421  969
422  695
422  699
422  813
422  849
422  853
422  863
422  873
422  935
422  965
423  542
423  547
423  580
423  581
423  613
423  620
423  648
423  761
423  781
423  849
424  521
424  660
424  711
424  763
424  885
424  932
424  947
424  956
424  968
424  970
424  973
425  539
425  763
425  775
425  792
425  803
425  932
425  947
425  968
425  970
425  973
426  547
426  573
426  580
426  626
426  648
426  673
426  761
427  563
427  785
427  818
427  847
427  879
427  924
427  933
427  940
427  949
428  462
428  575
428  738
428  867
428  905
428  925
428  939
428  956
429  555
429  598
429  669
429  780
429  805
429  880
429  916
429  984
429  994
429  997
430  529
430  574
430  632
430  749
430  781
430  960
430  991
430  993
430  995
430  996
431  566
431  583
431  842
431  876
431  966
431  984
431  994
431  997
432  471
432  538
432  725
432  747
432  864
432  874
432  898
432  970
433  582
433  655
433  791
433  860
433  963
433  991
433  993
433  995
433  996
434  487
434  507
434  658
434  816
434  817
434  821
434  932
434  947
434  968
434  970
434  973
435  449
435  660
435  690
435  777
435  948
435  962
435  985
436  745
436  891
436  893
436  923
436  932
436  974
436  991
436  993
436  995
436  996
437  541
437  768
437  769
437  798
437  907
437  913
437  931
438  629
438  819
438  876
438  966
438  983
438  984
438  994
438  997
439  467
439  560
439  599
439  946
439  980
439  987
439  990
439  992
439  997
440  464
440  559
440  748
440  795
440  827
440  937
440  952
440  978
440  989
441  461
441  543
441  614
441  678
441  709
441  727
441  758
441  969
442  639
442  731
442  830
442  842
442  862
443  467
443  646
443  810
443  831
443  921
443  977
443  987
443  990
443  992
444  484
444  571
444  699
444  706
444  724
444  742
444  825
444  842
444  954
444  965
445  586
445  646
445  877
445  878
445  904
445  921
445  987
445  990
445  992
446  588
446  688
446  768
446  798
446  812
446  850
446  927
446  931
447  630
447  848
447  852
447  911
447  919
447  952
447  978
447  979
447  988
447  989
448  477
448  576
448  643
448  746
448  796
448  812
448  820
448  869
448  903
448  961
449  505
449  674
449  728
449  797
449  811
449  930
449  948
449  958
449  985
450  588
450  786
450  907
450  910
450  927
450  931
451  548
451  558
451  598
451  703
451  805
451  876
451  966
451  997
452  693
452  766
452  801
452  859
452  882
452  908
452  934
452  943
452  964
452  992
453  518
453  684
453  721
453  772
453  803
453  922
453  929
454  541
454  588
454  603
454  718
454  768
454  769
454  907
454  927
454  931
455  531
455  547
455  580
455  581
455  613
455  626
455  761
455  781
455  802
455  849
456  545
456  550
456  560
456  840
456  946
456  977
456  980
456  990
456  992
457  615
457  653
457  723
457  736
457  739
457  942
457  961
457  998
458  563
458  664
458  826
458  887
458  953
458  967
458  986
458  998
458  999
458  1000
459  504
459  566
459  626
459  698
459  755
459  760
459  916
459  983
459  984
459  997
460  476
460  519
460  730
460  737
460  813
460  853
460  863
460  873
460  899
460  954
461  763
461  775
461  792
461  932
461  947
461  968
461  970
461  973
462  733
462  851
462  867
462  904
462  905
462  912
462  925
462  939
462  956
462  990
463  714
463  720
463  752
463  834
463  917
463  920
463  955
464  618
464  631
464  748
464  844
464  906
464  919
464  926
464  959
464  978
464  979
465  512
465  667
465  756
465  897
465  923
465  974
465  981
465  991
465  993
465  996
466  505
466  618
466  674
466  690
466  777
466  930
466  948
466  962
466  985
467  662
467  710
467  750
467  946
467  977
467  980
467  987
467  990
467  992
468  547
468  554
468  581
468  613
468  626
468  648
468  849
469  480
469  543
469  593
469  666
469  670
469  689
469  808
469  886
469  889
469  944
470  677
470  775
470  848
470  887
470  942
470  971
470  998
470  999
470  1000
471  686
471  725
471  747
471  850
471  864
471  898
471  912
472  535
472  640
472  782
472  818
472  847
472  875
472  879
472  888
472  933
472  940
472  949
473  577
473  722
473  748
473  894
473  906
473  937
473  952
473  959
473  988
473  989
474  557
474  685
474  860
474  868
474  891
474  897
474  974
474  981
474  993
474  995
475  508
475  635
475  697
475  908
475  934
475  938
475  943
475  964
475  988
476  519
476  611
476  695
476  737
476  740
476  796
476  873
476  913
476  936
476  954
476  965
477  595
477  774
477  812
477  820
477  895
477  903
477  918
477  961
478  503
478  647
478  663
478  666
478  689
478  889
478  914
478  928
478  944
479  736
479  764
479  829
479  865
479  967
479  971
479  972
479  986
479  997
479  998
479  999
479  1000
480  507
480  783
480  790
480  889
480  944
481  490
481  522
481  629
481  713
481  799
481  804
481  861
481  913
481  950
481  959
481  976
481  982
482  627
482  711
482  792
482  817
482  883
482  970
482  973
482  982
483  589
483  741
483  793
483  797
483  925
483  948
483  951
483  958
483  985
484  724
484  730
484  841
484  853
484  906
484  935
484  945
484  965
485  585
485  597
485  638
485  736
485  776
485  787
485  953
485  986
485  998
485  999
485  1000
486  572
486  733
486  765
486  767
486  851
486  904
486  905
486  912
486  939
486  956
487  543
487  614
487  678
487  727
487  881
487  969
488  527
488  548
488  616
488  617
488  620
488  744
488  870
488  880
488  983
488  994
489  579
489  707
489  740
489  796
489  871
489  935
489  936
489  945
489  954
489  997
490  687
490  808
490  861
490  890
490  913
490  950
490  975
490  976
490  982
490  998
491  640
491  847
491  868
491  875
491  879
491  888
491  924
491  933
491  940
491  949
492  493
492  498
492  619
492  696
492  845
492  971
492  972
492  986
492  998
492  999
492  1000
493  787
493  809
493  953
493  971
493  972
493  998
493  999
493  1000
494  524
494  593
494  668
494  790
494  794
494  857
494  886
494  914
494  944
495  575
495  584
495  657
495  738
495  753
495  904
495  905
495  925
495  933
495  956
495  993
496  507
496  602
496  627
496  792
496  821
496  885
496  932
496  968
496  970
496  973
497  576
497  729
497  774
497  810
497  826
497  833
497  903
497  936
497  961
498  519
498  724
498  796
498  836
498  853
498  935
498  954
498  965
499  532
499  643
499  710
499  914
499  921
499  977
499  987
499  990
499  992
500  552
500  642
500  741
500  793
500  797
500  836
500  866
500  948
500  951
500  985
501  722
501  824
501  892
501  911
501  937
501  959
501  978
501  979
501  988
501  989
502  692
502  718
502  768
502  769
502  907
502  927
503  770
503  794
503  832
503  837
503  889
503  914
503  944
503  986
504  515
504  583
504  708
504  712
504  800
504  839
504  846
504  984
504  994
504  997
505  618
505  807
505  811
505  930
505  951
505  958
505  962
505  985
506  616
506  661
506  671
506  691
506  805
506  966
506  983
506  984
506  997
507  562
507  602
507  775
507  817
507  883
507  885
507  968
507  970
507  973
508  698
508  766
508  791
508  801
508  859
508  882
508  934
508  938
508  964
509  556
509  767
509  851
509  904
509  912
509  925
509  939
509  956
510  606
510  719
510  882
510  888
510  908
510  934
510  938
510  943
510  964
511  560
511  599
511  710
511  946
511  951
511  980
511  987
511  990
511  992
512  659
512  704
512  763
512  765
512  868
512  893
512  897
512  981
512  995
512  996
513  529
513  644
513  655
513  667
513  749
513  890
513  960
513  974
513  991
513  996
514  585
514  607
514  813
514  829
514  841
514  848
514  887
514  941
514  998
514  999
514  1000
515  551
515  576
515  755
515  876
515  928
515  966
515  984
515  994
515  997
516  618
516  741
516  797
516  819
516  930
516  948
516  951
516  958
516  962
516  985
517  525
517  546
517  592
517  720
517  737
517  742
517  796
517  838
517  945
517  954
518  633
518  684
518  753
518  772
518  789
518  803
518  807
518  922
518  929
519  669
519  800
519  853
519  863
519  899
519  935
519  936
519  954
519  965
520  603
520  609
520  636
520  675
520  752
520  854
520  917
520  955
520  957
521  527
521  763
521  775
521  821
521  878
521  883
521  885
521  932
521  968
521  970
521  973
522  687
522  694
522  814
522  909
522  913
522  975
522  976
523  642
523  655
523  674
523  728
523  866
523  930
523  958
523  962
523  985
524  573
524  580
524  581
524  613
524  626
524  761
524  781
525  546
525  707
525  724
525  737
525  836
525  837
525  842
525  953
525  965
526  623
526  649
526  806
526  880
526  887
526  941
526  986
526  998
526  999
526  1000
527  660
527  792
527  817
527  968
527  970
527  973
528  686
528  712
528  725
528  747
528  850
528  864
528  874
528  898
529  704
529  759
529  858
529  891
529  981
529  991
529  993
529  995
529  996
530  631
530  715
530  795
530  809
530  825
530  919
530  926
530  978
530  979
530  988
530  989
531  547
531  554
531  580
531  613
531  626
531  648
531  761
531  781
531  979
532  545
532  560
532  784
532  802
532  843
532  878
532  917
532  946
532  980
532  990
532  992
533  706
533  737
533  740
533  782
533  838
533  863
533  899
533  945
533  965
534  625
534  668
534  738
534  770
534  790
534  794
534  832
534  886
534  944
535  650
535  818
535  821
535  875
535  888
535  924
535  933
535  940
535  949
536  634
536  672
536  892
536  894
536  900
536  937
536  959
536  970
536  978
536  979
536  989
537  549
537  578
537  636
537  651
537  670
537  756
537  917
537  957
538  594
538  615
538  686
538  747
538  850
538  864
538  898
539  619
539  660
539  677
539  821
539  883
539  932
539  968
539  970
539  973
540  582
540  644
540  685
540  745
540  868
540  923
540  974
540  981
540  991
540  993
540  996
541  559
541  567
541  692
541  768
541  798
541  927
541  931
542  554
542  573
542  581
542  673
542  781
543  678
543  758
543  788
543  969
544  558
544  569
544  652
544  800
544  823
544  846
544  916
544  983
544  984
544  994
544  997
545  840
545  921
545  964
545  977
545  980
545  987
545  990
545  992
546  669
546  706
546  782
546  806
546  815
546  871
546  935
546  936
546  945
546  954
547  554
547  849
547  993
548  698
548  780
548  880
548  966
548  967
548  983
548  994
548  997
549  578
549  645
549  720
549  756
549  854
549  877
549  920
549  957
550  662
550  840
550  877
550  977
550  980
550  987
550  990
550  992
551  650
551  671
551  780
551  839
551  858
551  928
551  984
551  997
552  797
552  866
552  951
552  958
552  962
552  985
553  603
553  636
553  645
553  675
553  692
553  705
553  716
553  756
553  957
554  573
554  581
554  673
554  849
555  558
555  649
555  698
555  805
555  846
555  870
555  983
555  984
555  994
556  657
556  738
556  851
556  867
556  904
556  905
556  925
556  939
556  956
557  721
557  726
557  834
557  891
557  923
557  963
557  981
557  991
557  995
557  996
558  617
558  652
558  894
558  916
558  928
558  994
558  997
559  567
559  692
559  798
559  907
559  931
560  802
560  878
560  977
560  980
560  987
560  990
560  992
561  753
561  784
561  802
561  843
561  921
561  946
561  977
561  980
561  987
561  990
561  992
562  627
562  658
562  814
562  816
562  817
562  947
562  968
562  970
562  973
563  571
563  649
563  723
563  750
563  848
563  887
563  953
563  967
563  971
563  986
563  1000
564  683
564  701
564  721
564  772
564  802
564  803
564  807
564  922
564  929
565  577
565  634
565  672
565  715
565  824
565  825
565  926
565  978
565  979
565  988
565  989
566  671
566  712
566  805
566  823
566  916
566  983
566  984
566  994
566  997
567  688
567  692
567  702
567  714
567  769
567  798
567  857
567  927
568  797
568  944
568  948
568  958
568  962
568  985
569  582
569  860
569  960
569  963
569  993
569  995
569  996
570  659
570  806
570  884
570  896
570  971
570  986
570  998
570  999
570  1000
571  730
571  836
571  853
571  873
571  889
571  899
571  936
571  945
571  954
571  965
572  584
572  657
572  867
572  879
572  904
572  905
572  912
572  925
572  939
572  956
573  626
573  648
573  673
573  781
573  963
574  708
574  733
574  743
574  963
574  981
574  991
574  993
574  995
575  753
575  851
575  867
575  904
575  912
575  925
575  939
575  956
575  977
576  595
576  774
576  810
576  828
576  895
576  903
576  961
577  630
577  715
577  795
577  911
577  937
577  952
577  967
577  979
577  988
577  989
578  611
578  636
578  675
578  920
578  955
578  957
579  592
579  695
579  699
579  724
579  742
579  813
579  837
579  838
579  945
580  648
580  673
580  761
580  849
580  972
580  982
581  613
581  626
581  761
581  958
582  610
582  860
582  974
582  981
582  991
582  993
583  679
583  732
583  800
583  805
583  823
583  858
583  893
583  966
583  997
584  733
584  738
584  867
584  904
584  905
584  912
584  925
584  939
584  956
585  586
585  941
585  953
585  967
585  972
585  998
585  999
585  1000
586  735
586  784
586  877
586  921
586  977
586  987
586  990
586  992
587  644
587  680
587  688
587  717
587  726
587  743
587  868
587  960
587  993
587  995
587  996
588  667
588  702
588  718
588  768
588  786
588  931
589  642
589  681
589  690
589  741
589  811
589  951
589  953
589  962
589  985
590  617
590  652
590  698
590  819
590  857
590  916
590  928
590  966
590  984
590  994
590  997
591  729
591  754
591  758
591  814
591  820
591  826
591  869
591  895
591  918
591  961
592  726
592  730
592  782
592  853
592  863
592  873
592  899
592  935
592  954
593  647
593  770
593  794
593  832
593  856
593  865
593  886
593  914
593  944
594  623
594  649
594  653
594  677
594  809
594  845
594  899
594  967
594  998
594  999
594  1000
595  729
595  810
595  826
595  872
595  903
595  909
595  918
595  961
596  629
596  675
596  687
596  713
596  799
596  814
596  861
596  884
596  909
596  913
596  975
596  982
597  748
597  825
597  894
597  906
597  915
597  926
597  937
597  978
597  979
597  989
598  661
598  698
598  760
598  819
598  823
598  870
598  901
598  928
598  983
598  994
599  632
599  735
599  946
599  977
599  980
599  987
599  990
599  992
600  637
600  822
600  860
600  923
600  974
600  993
600  995
600  996
601  654
601  678
601  703
601  709
601  717
601  762
601  847
601  969
602  711
602  736
602  775
602  817
602  883
602  932
602  947
602  968
602  970
602  973
603  609
603  705
603  714
603  720
603  917
603  920
604  652
604  672
604  748
604  827
604  906
604  959
604  978
604  979
604  988
604  989
605  630
605  631
605  638
605  701
605  715
605  799
605  824
605  894
605  915
605  926
605  989
606  635
606  693
606  719
606  766
606  790
606  882
606  938
606  943
607  657
607  750
607  848
607  887
607  941
607  942
607  971
607  972
607  986
607  998
608  664
608  865
608  953
608  972
608  998
608  999
608  1000
609  651
609  752
609  756
609  917
609  920
609  955
609  957
609  961
610  646
610  745
610  822
610  981
610  991
610  993
610  995
610  996
611  669
611  706
611  838
611  842
611  871
611  935
611  945
611  954
612  892
612  894
612  897
612  906
612  911
612  952
612  978
612  979
612  988
612  989
613  626
613  761
613  781
613  849
613  862
614  654
614  717
614  788
614  855
614  881
614  969
614  992
615  686
615  725
615  747
615  874
615  898
615  908
616  620
616  732
616  744
616  839
616  870
616  916
616  983
616  994
616  997
617  661
617  757
617  760
617  805
617  823
617  839
617  916
617  997
618  690
618  728
618  793
618  930
618  948
618  951
618  985
619  641
619  649
619  750
619  902
619  941
619  971
619  972
619  986
619  998
619  999
619  1000
620  679
620  712
620  732
620  760
620  858
620  966
620  983
620  984
620  994
620  997
621  686
621  791
621  859
621  882
621  908
621  934
621  938
621  964
622  639
622  718
622  731
622  734
622  830
622  862
622  993
623  696
623  743
623  776
623  787
623  887
623  902
623  942
623  967
623  972
623  998
623  999
623  1000
624  639
624  731
624  734
624  830
624  862
624  980
625  647
625  666
625  670
625  827
625  856
625  857
625  886
625  914
625  944
626  648
626  761
626  781
626  849
627  694
627  763
627  775
627  792
627  817
627  883
627  885
627  947
627  968
627  970
627  973
628  641
628  841
628  941
628  967
628  971
628  972
628  984
628  999
628  1000
629  804
629  808
629  884
629  890
629  975
629  976
629  982
630  672
630  825
630  894
630  919
630  937
630  941
630  952
630  978
630  979
630  988
630  989
631  795
631  894
631  906
631  926
631  959
631  978
631  979
631  988
631  989
632  743
632  749
632  751
632  893
632  981
632  988
632  991
632  993
632  995
632  996
633  683
633  684
633  721
633  803
633  922
633  929
633  938
633  997
634  722
634  827
634  900
634  906
634  911
634  952
634  959
634  979
634  988
634  989
635  693
635  697
635  818
635  859
635  934
635  943
635  964
636  645
636  716
636  755
636  854
636  955
636  957
637  771
637  963
637  974
637  981
637  991
637  993
637  995
637  996
637  1000
638  844
638  852
638  894
638  915
638  926
638  937
638  959
638  978
638  989
639  731
639  734
639  830
639  862
640  827
640  847
640  875
640  879
640  924
640  933
640  940
640  949
641  865
641  889
641  902
641  942
641  986
641  998
641  999
641  1000
642  681
642  728
642  741
642  811
642  930
642  948
642  958
642  962
642  985
643  676
643  729
643  746
643  754
643  810
643  812
643  826
643  828
643  869
643  903
643  961
644  685
644  751
644  771
644  893
644  960
644  963
644  991
644  993
644  996
645  716
645  834
645  920
645  967
646  735
646  843
646  878
646  977
646  980
646  987
646  990
646  992
647  689
647  783
647  790
647  886
647  914
647  944
648  761
648  781
649  653
649  700
649  787
649  829
649  902
649  971
650  847
650  875
650  888
650  924
650  933
650  949
651  675
651  716
651  834
651  843
651  854
651  920
651  955
651  957
652  755
652  839
652  846
652  901
652  916
652  966
652  994
652  997
653  696
653  787
653  950
653  953
653  972
653  986
653  998
653  1000
654  762
654  893
654  969
655  765
655  897
655  960
655  963
655  981
655  982
655  991
655  993
655  995
655  996
656  845
656  848
656  953
656  967
656  971
656  972
656  986
656  993
656  998
656  999
656  1000
657  767
657  867
657  904
657  905
657  912
657  925
657  939
657  956
658  748
658  775
658  795
658  816
658  821
658  947
658  968
658  970
658  973
659  770
659  806
659  841
659  848
659  941
659  971
659  986
659  998
659  999
659  1000
660  763
660  792
660  816
660  821
660  883
660  932
660  968
660  970
661  671
661  712
661  744
661  757
661  780
661  928
661  953
661  966
661  983
661  984
661  994
662  666
662  735
662  831
662  840
662  977
662  987
662  990
662  992
663  666
663  668
663  787
663  790
663  832
663  857
663  886
663  889
663  944
664  779
664  809
664  896
664  953
664  967
664  971
664  972
664  986
664  999
664  1000
665  682
665  713
665  799
665  814
665  890
665  913
665  950
665  975
665  976
665  982
666  783
666  857
666  886
666  914
666  944
667  835
667  893
667  897
667  960
667  963
667  981
667  996
668  689
668  783
668  886
668  914
668  944
669  695
669  782
669  836
669  837
669  838
669  842
669  936
669  945
669  965
670  770
670  856
670  857
670  886
670  889
670  914
670  944
671  691
671  755
671  819
671  901
671  956
671  983
671  984
671  997
672  906
672  915
672  926
672  959
672  979
672  988
672  989
673  761
673  781
673  849
673  928
674  793
674  797
674  866
674  871
674  930
674  958
674  962
674  985
675  720
675  769
675  854
675  955
675  957
676  746
676  774
676  820
676  828
676  869
676  872
676  895
676  918
676  942
676  961
677  700
677  776
677  942
677  953
677  967
677  971
677  998
677  1000
678  703
678  758
678  855
678  881
678  969
678  983
679  732
679  757
679  800
679  858
679  880
679  966
679  974
679  983
679  994
679  997
680  704
680  751
680  868
680  897
680  923
680  960
680  993
680  995
680  996
681  773
681  777
681  811
681  866
681  930
681  958
681  962
681  985
682  687
682  799
682  890
682  902
682  909
682  910
682  913
682  950
682  975
682  976
682  982
683  684
683  701
683  789
683  803
683  807
683  811
683  922
683  929
684  721
684  807
684  922
684  929
685  704
685  822
685  868
685  891
685  915
685  963
685  991
685  993
685  995
685  996
686  725
686  747
686  762
686  850
686  864
686  874
686  898
687  808
687  814
687  856
687  861
687  913
687  975
687  976
687  982
688  692
688  768
688  769
688  798
688  907
688  927
688  990
689  790
689  832
689  856
689  886
689  914
690  773
690  797
690  866
690  930
690  948
690  951
690  958
690  985
691  708
691  858
691  870
691  876
691  901
691  905
691  983
691  994
691  997
692  702
692  718
692  907
692  927
692  931
693  719
693  801
693  859
693  882
693  934
693  938
693  943
693  964
693  972
694  799
694  804
694  909
694  910
694  913
694  950
694  975
694  982
695  699
695  724
695  730
695  740
695  813
695  836
695  869
695  871
695  928
695  936
695  954
696  845
696  943
696  971
696  982
696  986
696  998
696  999
696  1000
697  719
697  791
697  859
697  882
697  908
697  934
697  938
697  943
697  964
697  989
698  800
698  819
698  916
698  966
698  983
698  997
699  706
699  796
699  838
699  899
699  935
699  936
699  945
699  954
699  965
700  809
700  841
700  902
700  941
700  972
700  998
700  999
700  1000
701  721
701  772
701  789
701  803
701  807
701  922
701  929
702  714
702  718
702  768
702  798
702  900
702  907
702  927
702  931
702  999
703  762
703  855
703  964
703  969
704  765
704  771
704  897
704  955
704  963
704  974
704  991
704  993
704  995
704  996
705  752
705  849
705  920
705  924
705  955
705  957
706  707
706  782
706  829
706  838
706  842
706  863
706  899
706  954
706  965
707  796
707  813
707  838
707  871
707  899
707  936
707  954
707  965
707  999
708  744
708  823
708  858
708  901
708  968
708  994
708  997
709  727
709  758
709  788
709  832
709  855
709  881
709  969
710  831
710  878
710  977
710  987
710  992
710  998
711  792
711  816
711  821
711  932
711  947
711  968
711  970
711  973
712  800
712  819
712  839
712  870
712  901
712  966
712  983
712  997
713  884
713  910
713  950
713  975
713  976
713  982
714  769
714  786
714  798
714  927
714  931
715  900
715  919
715  952
715  978
715  979
715  984
715  988
715  989
716  752
716  756
716  826
716  834
716  854
716  920
716  957
717  727
717  881
717  951
717  969
718  768
718  907
718  931
718  955
719  766
719  801
719  859
719  934
719  938
719  943
719  964
719  996
720  733
720  834
720  917
720  955
720  957
721  772
721  789
721  803
721  922
721  929
722  824
722  825
722  827
722  892
722  894
722  911
722  919
722  945
722  952
722  959
722  979
722  988
722  989
723  736
723  887
723  971
723  972
723  986
723  998
723  999
723  1000
724  796
724  837
724  853
724  871
724  873
724  945
724  950
724  954
724  965
725  850
725  864
725  874
725  898
726  751
726  771
726  835
726  891
726  893
726  963
726  981
726  991
726  996
727  762
727  788
727  855
727  881
727  947
727  969
728  730
728  773
728  777
728  866
728  948
728  951
728  962
728  985
729  754
729  810
729  825
729  869
729  872
729  895
729  903
729  918
729  948
729  961
730  742
730  871
730  873
730  899
730  935
730  945
730  965
731  734
731  830
731  862
732  755
732  880
732  901
732  926
732  983
732  984
732  994
732  997
732  998
733  753
733  867
733  904
733  905
733  912
733  925
733  939
733  956
734  794
734  822
734  830
734  862
735  784
735  843
735  877
735  878
735  980
735  983
735  987
735  990
735  992
736  764
736  841
736  887
736  941
736  942
736  953
736  967
736  998
736  999
736  1000
737  740
737  742
737  801
737  813
737  873
737  935
737  945
737  954
737  965
737  1000
738  753
738  867
738  873
738  912
738  925
738  939
738  956
739  815
739  848
739  865
739  887
739  896
739  953
739  971
739  973
739  998
739  999
739  1000
740  837
740  842
740  935
740  936
740  954
740  965
740  1000
741  777
741  793
741  811
741  939
741  951
741  958
741  962
741  985
742  836
742  842
742  873
742  899
742  935
742  936
742  945
742  965
742  987
743  759
743  835
743  868
743  897
743  923
743  991
743  993
743  995
743  996
744  805
744  839
744  846
744  858
744  928
744  933
744  966
744  984
744  994
744  997
744  999
745  780
745  835
745  868
745  923
745  974
745  991
745  993
745  995
745  996
746  754
746  759
746  810
746  820
746  826
746  833
746  869
746  961
746  969
747  797
747  850
747  864
747  874
747  898
747  968
748  852
748  911
748  952
748  959
748  978
748  979
748  988
748  989
749  777
749  835
749  860
749  923
749  960
749  974
749  981
749  993
749  995
749  996
750  776
750  787
750  902
750  971
750  972
750  986
750  998
750  999
751  891
751  929
751  960
751  974
751  981
751  991
751  993
751  995
751  996
751  1000
752  756
752  852
752  917
752  920
752  955
752  957
753  867
753  904
753  905
753  912
753  925
753  939
753  956
754  778
754  812
754  826
754  828
754  833
754  844
754  872
754  895
754  903
754  961
754  996
755  757
755  880
755  916
755  928
755  947
755  966
755  984
755  994
755  997
756  834
756  854
756  917
756  920
756  955
756  957
757  824
757  901
757  916
757  928
757  983
757  984
757  987
757  994
757  997
758  762
758  855
758  881
758  969
759  835
759  860
759  893
759  927
759  960
759  963
759  974
759  981
759  991
759  996
760  819
760  823
760  839
760  870
760  876
760  880
760  949
760  983
760  984
760  994
760  997
761  781
761  796
761  849
762  788
762  855
762  881
762  969
763  816
763  883
763  932
763  968
763  970
763  973
764  776
764  809
764  836
764  841
764  845
764  896
764  967
764  972
764  986
764  987
764  998
764  999
764  1000
765  923
765  960
765  974
765  981
765  991
765  993
765  995
765  996
766  859
766  883
766  934
766  938
766  943
766  959
766  964
767  867
767  904
767  905
767  912
767  925
767  939
767  956
767  984
768  786
768  952
768  993
769  907
769  931
770  783
770  856
770  857
770  886
770  889
770  914
770  944
771  860
771  903
771  960
771  974
771  981
771  991
771  993
771  995
771  996
772  789
772  803
772  807
772  922
772  929
772  997
773  811
773  812
773  866
773  948
773  951
773  958
773  962
773  985
773  1000
774  778
774  812
774  820
774  826
774  861
774  872
774  895
774  918
774  961
774  993
775  883
775  885
775  932
775  947
775  968
775  970
775  973
776  809
776  896
776  967
776  972
776  998
776  999
776  1000
777  797
777  811
777  866
777  930
777  948
777  951
777  958
777  962
777  985
778  812
778  820
778  828
778  833
778  872
778  896
778  903
778  918
778  961
779  815
779  865
779  896
779  941
779  967
779  971
779  986
779  987
779  998
779  1000
780  846
780  858
780  870
780  880
780  937
780  983
780  984
780  994
780  997
781  849
781  910
782  813
782  871
782  873
782  899
782  945
782  965
783  790
783  794
783  822
783  856
783  889
783  893
783  944
784  802
784  843
784  878
784  946
784  980
784  987
784  990
784  992
785  818
785  847
785  875
785  879
785  924
785  933
785  940
785  949
785  959
785  997
786  907
786  931
786  998
787  841
787  896
787  941
787  967
787  986
787  998
787  999
787  1000
788  969
788  992
789  803
789  807
789  914
789  922
789  929
790  794
790  856
790  857
790  914
790  989
791  859
791  882
791  908
791  934
791  938
791  943
791  964
792  855
792  883
792  885
792  932
792  947
792  968
792  970
792  973
793  797
793  930
793  942
793  948
793  951
794  832
794  856
794  886
794  889
794  944
795  825
795  844
795  906
795  919
795  926
795  937
795  978
795  988
795  989
796  813
796  863
796  899
796  935
796  936
797  866
797  958
797  962
797  985
798  907
798  927
798  931
799  861
799  910
799  950
799  975
799  982
800  819
800  839
800  876
800  880
800  983
800  984
800  994
800  997
801  882
801  908
801  934
801  938
801  964
801  989
802  878
802  921
802  977
802  980
802  987
802  990
802  992
803  807
803  922
803  929
803  966
804  884
804  909
804  910
804  913
804  975
804  976
804  982
805  823
805  839
805  858
805  966
805  984
805  994
805  997
806  815
806  845
806  865
806  902
806  941
806  942
806  953
806  962
806  972
806  998
806  999
806  1000
807  888
807  922
807  929
808  814
808  861
808  884
808  890
808  910
808  923
808  975
808  976
808  982
809  829
809  942
809  953
809  972
809  998
809  999
809  1000
810  820
810  826
810  828
810  833
810  869
810  918
810  961
811  838
811  930
811  948
811  951
811  958
811  962
811  985
812  820
812  826
812  828
812  872
812  895
812  918
812  961
813  837
813  842
813  863
813  945
813  965
814  861
814  884
814  890
814  909
814  950
814  975
814  976
814  982
815  829
815  896
815  902
815  941
815  967
815  971
815  972
815  975
815  998
815  999
815  1000
816  821
816  883
816  885
816  947
816  968
816  970
816  973
817  883
817  885
817  932
817  947
817  968
817  970
817  973
818  847
818  863
818  875
818  888
818  924
818  933
818  940
818  949
819  823
819  870
819  876
819  928
819  966
819  983
819  994
819  997
820  826
820  869
820  895
820  903
820  954
820  961
821  885
821  932
821  947
821  968
821  970
821  973
822  923
822  960
822  963
822  974
822  981
822  991
822  993
822  996
823  846
823  858
823  916
823  926
823  928
823  994
823  997
824  852
824  900
824  911
824  919
824  946
824  952
824  979
824  988
824  989
825  844
825  892
825  894
825  915
825  919
825  926
825  979
825  988
825  989
826  828
826  872
826  895
826  903
826  918
826  961
827  844
827  892
827  894
827  906
827  926
827  952
827  978
827  979
827  988
827  989
828  833
828  869
828  895
828  918
828  947
828  961
829  845
829  848
829  917
829  967
829  971
829  986
829  998
829  999
829  1000
830  862
831  878
831  910
831  921
831  946
831  980
831  987
831  990
831  992
831  995
832  857
832  886
832  889
832  944
832  972
833  869
833  872
833  895
833  903
833  918
833  961
834  854
834  917
834  920
834  955
834  957
835  868
835  893
835  923
835  960
835  963
835  971
835  974
835  991
835  993
835  995
835  996
836  838
836  842
836  871
836  935
836  936
836  945
836  954
837  838
837  853
837  854
837  863
837  873
837  935
837  936
837  954
838  863
838  945
838  954
838  965
839  870
839  901
839  916
839  928
839  934
839  983
839  984
839  994
839  996
839  997
840  843
840  878
840  946
840  950
840  977
840  980
840  986
840  987
840  990
840  992
841  845
841  894
841  953
841  967
841  972
841  986
841  998
841  999
841  1000
842  863
842  873
842  899
842  935
842  936
842  945
842  965
843  877
843  921
843  987
843  990
843  992
844  892
844  901
844  926
844  937
844  952
844  959
844  979
844  988
844  989
845  848
845  865
845  896
845  902
845  967
845  980
845  986
845  998
845  1000
846  856
846  870
846  880
846  928
846  966
846  983
846  984
846  994
846  995
846  997
847  875
847  879
847  888
847  933
847  940
847  949
848  865
848  869
848  896
848  902
848  942
848  953
848  999
848  1000
850  864
850  874
850  898
851  867
851  904
851  905
851  912
851  925
851  939
851  956
851  996
852  906
852  911
852  915
852  959
852  978
852  979
852  988
852  989
853  863
853  871
853  873
853  899
853  935
853  945
853  954
853  965
853  979
854  858
854  920
854  955
854  957
855  881
855  969
855  994
856  857
856  886
856  889
856  901
856  944
857  914
857  944
858  876
858  901
858  928
858  966
858  983
858  994
858  997
859  882
859  908
859  938
859  943
859  964
859  978
860  893
860  897
860  916
860  923
860  960
860  981
860  991
860  993
860  995
860  996
861  884
861  890
861  909
861  910
861  950
861  975
861  976
861  982
861  997
863  899
863  935
863  945
863  974
864  874
864  898
864  990
865  887
865  941
865  942
865  956
865  967
865  972
865  986
865  999
865  1000
866  958
866  962
866  969
866  985
867  904
867  905
867  925
867  939
867  956
867  976
868  893
868  897
868  953
868  960
868  991
868  995
868  996
869  895
869  918
869  961
870  916
870  928
870  957
870  963
870  966
870  983
870  984
870  994
870  997
871  923
871  935
871  936
871  954
871  965
872  918
872  952
872  960
872  961
873  936
873  954
873  998
874  898
874  999
874  1000
875  879
875  888
875  921
875  924
875  933
875  940
875  949
876  880
876  886
876  901
876  928
876  968
876  981
876  983
876  984
876  994
876  997
877  921
877  946
877  977
877  980
877  987
877  990
877  992
877  999
878  899
878  946
878  978
878  980
878  987
878  990
878  992
879  888
879  924
879  933
879  940
879  949
880  883
880  901
880  928
880  983
880  984
880  994
880  997
881  911
881  969
882  931
882  938
882  943
882  964
882  989
883  885
883  932
883  947
883  968
883  970
883  973
884  890
884  909
884  910
884  913
884  950
884  975
884  976
884  982
884  983
885  897
885  932
885  947
885  968
885  970
885  973
886  916
886  944
887  896
887  954
887  971
887  972
887  986
887  998
887  999
887  1000
888  924
888  933
888  940
888  949
889  914
889  944
890  909
890  910
890  950
890  976
890  982
891  897
891  929
891  963
891  981
891  991
891  993
891  995
891  996
892  900
892  906
892  919
892  926
892  952
892  959
892  978
892  979
892  988
892  989
893  897
893  923
893  960
893  991
893  993
893  995
893  996
894  919
894  937
894  952
894  978
894  979
894  988
894  989
895  903
895  918
895  935
895  961
896  902
896  941
896  942
896  953
896  967
896  972
896  982
896  998
896  999
896  1000
897  923
897  960
897  963
897  974
897  991
897  993
897  995
897  996
898  937
899  936
899  945
899  954
899  965
899  995
900  911
900  915
900  919
900  937
900  952
900  959
900  975
900  978
900  979
900  989
901  916
901  928
901  966
901  984
901  994
901  997
902  941
902  945
902  953
902  967
902  971
902  986
902  998
902  999
902  1000
903  918
903  957
903  961
904  905
904  912
904  920
904  925
904  939
904  956
905  912
905  925
905  932
905  939
905  956
905  1000
906  926
906  937
906  942
906  952
906  959
906  978
906  979
906  988
906  989
906  991
907  918
907  927
907  931
907  998
908  934
908  938
908  943
908  949
908  964
909  912
909  913
909  950
909  975
909  976
909  982
910  913
910  950
910  975
910  976
910  982
911  915
911  926
911  937
911  952
911  978
911  979
911  988
911  989
912  925
912  939
912  956
913  950
913  975
913  976
913  982
914  944
915  919
915  926
915  937
915  952
915  959
915  965
915  978
915  979
915  988
915  989
916  928
916  966
916  979
916  994
916  997
917  920
917  955
917  957
918  961
919  937
919  959
919  978
919  979
919  988
919  989
920  957
920  992
921  946
921  951
921  977
921  980
921  987
921  990
921  992
921  994
922  929
922  977
923  960
923  963
923  991
923  993
923  996
924  933
924  940
924  949
925  939
925  956
925  997
926  937
926  952
926  959
926  978
926  988
926  989
927  931
927  941
927  999
928  983
928  984
928  994
928  997
929  959
930  948
930  951
930  958
930  962
930  983
930  985
931  979
931  992
932  947
932  968
932  970
932  973
933  940
933  949
934  943
934  964
935  936
935  945
935  954
935  965
936  945
936  965
936  971
937  952
937  959
937  978
937  988
937  989
938  943
938  964
938  989
939  956
939  958
939  974
940  949
940  984
941  942
941  967
941  986
941  998
941  999
941  1000
942  953
942  971
942  986
942  998
942  999
942  1000
943  964
944  988
945  954
945  965
946  977
946  980
946  985
946  990
946  992
947  968
947  973
948  951
948  958
948  962
948  985
949  984
950  972
950  975
950  976
950  982
951  958
951  961
951  962
951  985
952  959
952  979
952  988
952  989
953  986
953  998
953  999
953  1000
954  957
954  965
955  957
956  998
958  962
958  964
958  985
958  995
959  978
959  988
959  989
960  974
960  981
960  988
960  991
960  993
960  995
960  996
961  988
962  974
962  985
963  964
963  974
963  981
963  991
963  993
963  995
963  996
963  1000
966  978
966  983
966  984
966  994
966  997
967  986
967  998
967  999
967  1000
968  970
968  973
970  973
971  985
971  998
971  999
971  1000
972  989
972  998
972  999
973  985
973  993
974  981
974  991
974  993
974  995
974  996
975  976
975  982
976  982
976  991
977  980
977  987
977  990
977  992
978  979
978  988
979  981
979  988
979  989
980  986
980  987
980  990
980  992
981  991
981  993
981  995
981  996
983  984
983  985
983  994
983  997
984  994
984  997
986  998
986  999
986  1000
987  990
987  992
988  989
990  992
991  993
991  995
991  996
993  995
993  996
994  997
994  999
995  996
998  999
998  1000
999  1000
